InputData/dist_18.txt
ncols         109
nrows         106
xllcorner     551522.79121747
yllcorner     8200336.4294641
cellsize      100
NODATA_value  -9999
[rows 30 to 59 of 106, columns 0 to 66 of 109]
-9999 -9999 -9999 -9999 -9999 -9999 -9999 -9999 -9999 -9999 -9999 -9999 -9999 -9999 -9999 -9999 -9999 -9999 -9999 -9999 -9999 -9999 -9999 -9999 -9999 -9999 -9999 -9999 -9999 -9999 -9999 -9999 -9999 -9999 282.8427 360.5551 447.2136 538.5165 632.4555 707.1068 781.025 860.2325 943.3981 1029.563 1118.034 1204.159 1280.625 1360.147 1442.22 1526.434 1612.452 1700 1780.449 1860.108 1941.649 2024.846 2109.502 2195.45 2282.542 2370.654 2459.675 2549.51 2640.076 2720.294 2801.785 2884.441 2968.164
-9999 -9999 -9999 -9999 -9999 -9999 -9999 -9999 -9999 -9999 -9999 -9999 -9999 -9999 -9999 -9999 -9999 -9999 -9999 -9999 -9999 -9999 -9999 -9999 -9999 -9999 -9999 -9999 -9999 -9999 -9999 -9999 -9999 282.8427 360.5551 424.2641 500 583.0952 670.8204 761.5773 848.5281 921.9545 1000 1081.665 1166.19 1252.996 1341.641 1421.267 1500 1581.139 1664.332 1749.286 1835.756 1920.937 2000 2080.865 2163.331 2247.22 2332.381 2418.677 2505.993 2594.224 2683.281 2773.085 2860.07 2941.088 3023.243
-9999 -9999 -9999 -9999 -9999 -9999 -9999 -9999 -9999 -9999 -9999 -9999 -9999 -9999 -9999 -9999 -9999 -9999 -9999 -9999 -9999 -9999 -9999 -9999 -9999 -9999 -9999 -9999 -9999 -9999 -9999 -9999 -9999 316.2278 412.3106 500 565.6854 640.3124 721.1102 806.2258 894.4272 984.8858 1063.015 1140.175 1220.656 1303.84 1389.244 1476.482 1562.05 1640.122 1720.465 1802.776 1886.796 1972.308 2059.126 2140.094 2220.36 2302.173 2385.372 2469.818 2555.386 2641.969 2729.469 2817.801 2906.888 2996.665 3080.584
-9999 -9999 -9999 -9999 -9999 -9999 -9999 -9999 -9999 -9999 -9999 -9999 -9999 -9999 -9999 -9999 -9999 -9999 -9999 -9999 -9999 -9999 -9999 -9999 -9999 -9999 -9999 -9999 -9999 -9999 -9999 -9999 282.8427 360.5551 447.2136 538.5165 632.4555 707.1068 781.025 860.2325 943.3981 1029.563 1118.034 1204.159 1280.625 1360.147 1442.22 1526.434 1612.452 1700 1780.449 1860.108 1941.649 2024.846 2109.502 2195.45 2280.351 2360.085 2441.311 2523.886 2607.681 2692.583 2778.489 2865.31 2952.965 3041.381 3130.495
-9999 -9999 -9999 -9999 -9999 -9999 -9999 -9999 -9999 -9999 -9999 -9999 -9999 -9999 -9999 -9999 -9999 -9999 -9999 -9999 -9999 -9999 -9999 -9999 -9999 -9999 -9999 -9999 -9999 -9999 -9999 282.8427 360.5551 424.2641 500 583.0952 670.8204 761.5773 848.5281 921.9545 1000 1081.665 1166.19 1252.996 1341.641 1421.267 1500 1581.139 1664.332 1749.286 1835.756 1920.937 2000 2080.865 2163.331 2247.22 2332.381 2418.677 2500 2580.698 2662.705 2745.906 2830.194 2915.476 3001.666 3088.689 3176.476
-9999 -9999 -9999 -9999 -9999 -9999 -9999 -9999 -9999 -9999 -9999 -9999 -9999 -9999 -9999 -9999 -9999 -9999 -9999 -9999 -9999 -9999 -9999 -9999 -9999 -9999 -9999 -9999 -9999 -9999 -9999 316.2278 412.3106 500 565.6854 640.3124 721.1102 806.2258 894.4272 984.8858 1063.015 1140.175 1220.656 1303.84 1389.244 1476.482 1562.05 1640.122 1720.465 1802.776 1886.796 1972.308 2059.126 2140.094 2220.36 2302.173 2385.372 2469.818 2555.386 2640.076 2720.294 2801.785 2884.441 2968.164 3052.867 3138.471 3224.903
-9999 -9999 -9999 -9999 -9999 -9999 -9999 -9999 -9999 -9999 -9999 -9999 -9999 -9999 -9999 -9999 -9999 -9999 -9999 -9999 -9999 -9999 -9999 -9999 -9999 -9999 -9999 -9999 -9999 -9999 282.8427 360.5551 447.2136 538.5165 632.4555 707.1068 781.025 860.2325 943.3981 1029.563 1118.034 1204.159 1280.625 1360.147 1442.22 1526.434 1612.452 1700 1780.449 1860.108 1941.649 2024.846 2109.502 2195.45 2280.351 2360.085 2441.311 2523.886 2607.681 2692.583 2778.489 2860.07 2941.088 3023.243 3106.445 3190.611 3275.668
-9999 -9999 -9999 -9999 -9999 -9999 -9999 -9999 -9999 -9999 -9999 -9999 -9999 -9999 -9999 -9999 -9999 -9999 -9999 -9999 -9999 -9999 -9999 -9999 -9999 -9999 -9999 -9999 -9999 282.8427 360.5551 424.2641 500 583.0952 670.8204 761.5773 848.5281 921.9545 1000 1081.665 1166.19 1252.996 1341.641 1421.267 1500 1581.139 1664.332 1749.286 1835.756 1920.937 2000 2080.865 2163.331 2247.22 2332.381 2418.677 2500 2580.698 2662.705 2745.906 2830.194 2915.476 3000 3080.584 3162.278 3244.996 3328.663
-9999 -9999 -9999 -9999 -9999 -9999 -9999 -9999 -9999 -9999 -9999 -9999 -9999 -9999 -9999 -9999 -9999 -9999 -9999 -9999 -9999 -9999 -9999 -9999 -9999 -9999 -9999 -9999 -9999 316.2278 412.3106 500 565.6854 640.3124 721.1102 806.2258 894.4272 984.8858 1063.015 1140.175 1220.656 1303.84 1389.244 1476.482 1562.05 1640.122 1720.465 1802.776 1886.796 1972.308 2059.126 2140.094 2220.36 2302.173 2385.372 2469.818 2555.386 2640.076 2720.294 2801.785 2884.441 2968.164 3052.867 3138.471 3220.249 3301.515 3383.785
-9999 -9999 -9999 -9999 -9999 -9999 -9999 -9999 -9999 -9999 -9999 -9999 -9999 -9999 -9999 -9999 -9999 -9999 -9999 -9999 -9999 -9999 -9999 -9999 -9999 -9999 -9999 -9999 282.8427 360.5551 447.2136 538.5165 632.4555 707.1068 781.025 860.2325 943.3981 1029.563 1118.034 1204.159 1280.625 1360.147 1442.22 1526.434 1612.452 1700 1780.449 1860.108 1941.649 2024.846 2109.502 2195.45 2280.351 2360.085 2441.311 2523.886 2607.681 2692.583 2778.489 2860.07 2941.088 3023.243 3106.445 3190.611 3275.668 3360.06 3440.93
-9999 -9999 -9999 -9999 -9999 -9999 -9999 -9999 -9999 -9999 -9999 -9999 -9999 -9999 -9999 -9999 -9999 -9999 -9999 -9999 -9999 -9999 -9999 -9999 -9999 -9999 -9999 282.8427 360.5551 424.2641 500 583.0952 670.8204 761.5773 848.5281 921.9545 1000 1081.665 1166.19 1252.996 1341.641 1421.267 1500 1581.139 1664.332 1749.286 1835.756 1920.937 2000 2080.865 2163.331 2247.22 2332.381 2418.677 2500 2580.698 2662.705 2745.906 2830.194 2915.476 3000 3080.584 3162.278 3244.996 3328.663 3413.21 3498.571
-9999 -9999 -9999 -9999 -9999 -9999 -9999 -9999 -9999 -9999 -9999 -9999 -9999 -9999 -9999 -9999 -9999 -9999 -9999 -9999 -9999 -9999 -9999 -9999 -9999 -9999 -9999 316.2278 412.3106 500 565.6854 640.3124 721.1102 806.2258 894.4272 984.8858 1063.015 1140.175 1220.656 1303.84 1389.244 1476.482 1562.05 1640.122 1720.465 1802.776 1886.796 1972.308 2059.126 2140.094 2220.36 2302.173 2385.372 2469.818 2555.386 2640.076 2720.294 2801.785 2884.441 2968.164 3052.867 3138.471 3220.249 3301.515 3383.785 3466.987 3551.056
-9999 -9999 -9999 -9999 -9999 -9999 -9999 -9999 -9999 -9999 -9999 -9999 -9999 -9999 -9999 -9999 -9999 -9999 -9999 -9999 -9999 -9999 -9999 -9999 -9999 -9999 282.8427 360.5551 447.2136 538.5165 632.4555 707.1068 781.025 860.2325 943.3981 1029.563 1118.034 1204.159 1280.625 1360.147 1442.22 1526.434 1612.452 1700 1780.449 1860.108 1941.649 2024.846 2109.502 2195.45 2280.351 2360.085 2441.311 2523.886 2607.681 2692.583 2778.489 2860.07 2941.088 3023.243 3106.445 3190.611 3275.668 3360.06 3440.93 3522.783 3605.551
-9999 -9999 -9999 -9999 -9999 -9999 -9999 -9999 -9999 -9999 -9999 -9999 -9999 -9999 -9999 -9999 -9999 -9999 -9999 -9999 -9999 -9999 -9999 -9999 -9999 282.8427 360.5551 424.2641 500 583.0952 670.8204 761.5773 848.5281 921.9545 1000 1081.665 1166.19 1252.996 1341.641 1421.267 1500 1581.139 1664.332 1749.286 1835.756 1920.937 2000 2080.865 2163.331 2247.22 2332.381 2418.677 2500 2580.698 2662.705 2745.906 2830.194 2915.476 3000 3080.584 3162.278 3244.996 3328.663 3413.21 3498.571 3580.503 3661.967
-9999 -9999 -9999 -9999 -9999 -9999 -9999 -9999 -9999 -9999 -9999 -9999 -9999 -9999 -9999 -9999 -9999 -9999 -9999 -9999 -9999 -9999 -9999 -9999 -9999 316.2278 412.3106 500 565.6854 640.3124 721.1102 806.2258 894.4272 984.8858 1063.015 1140.175 1220.656 1303.84 1389.244 1476.482 1562.05 1640.122 1720.465 1802.776 1886.796 1972.308 2059.126 2140.094 2220.36 2302.173 2385.372 2469.818 2555.386 2640.076 2720.294 2801.785 2884.441 2968.164 3052.867 3138.471 3220.249 3301.515 3383.785 3466.987 3551.056 3635.932 3720.215
-9999 -9999 -9999 -9999 -9999 -9999 -9999 -9999 -9999 -9999 -9999 -9999 -9999 -9999 -9999 -9999 -9999 -9999 -9999 -9999 -9999 -9999 -9999 -9999 282.8427 360.5551 447.2136 538.5165 632.4555 707.1068 781.025 860.2325 943.3981 1029.563 1118.034 1204.159 1280.625 1360.147 1442.22 1526.434 1612.452 1700 1780.449 1860.108 1941.649 2024.846 2109.502 2195.45 2280.351 2360.085 2441.311 2523.886 2607.681 2692.583 2778.489 2860.07 2941.088 3023.243 3106.445 3190.611 3275.668 3360.06 3440.93 3522.783 3605.551 3689.173 3773.593
-9999 -9999 -9999 -9999 -9999 -9999 -9999 -9999 -9999 -9999 -9999 -9999 -9999 -9999 -9999 -9999 -9999 -9999 -9999 -9999 -9999 -9999 -9999 282.8427 360.5551 424.2641 500 583.0952 670.8204 761.5773 848.5281 921.9545 1000 1081.665 1166.19 1252.996 1341.641 1421.267 1500 1581.139 1664.332 1749.286 1835.756 1920.937 2000 2080.865 2163.331 2247.22 2332.381 2418.677 2500 2580.698 2662.705 2745.906 2830.194 2915.476 3000 3080.584 3162.278 3244.996 3328.663 3413.21 3498.571 3580.503 3661.967 3744.329 3827.532
-9999 -9999 -9999 -9999 -9999 -9999 -9999 -9999 -9999 -9999 -9999 -9999 -9999 -9999 -9999 -9999 -9999 -9999 -9999 -9999 -9999 -9999 -9999 316.2278 412.3106 500 565.6854 640.3124 721.1102 806.2258 894.4272 984.8858 1063.015 1140.175 1220.656 1303.84 1389.244 1476.482 1562.05 1640.122 1720.465 1802.776 1886.796 1972.308 2059.126 2140.094 2220.36 2302.173 2385.372 2469.818 2555.386 2640.076 2720.294 2801.785 2884.441 2968.164 3052.867 3138.471 3220.249 3301.515 3383.785 3466.987 3551.056 3635.932 3720.215 3801.316 3883.298
-9999 -9999 -9999 -9999 -9999 -9999 -9999 -9999 -9999 -9999 -9999 -9999 -9999 -9999 -9999 -9999 -9999 -9999 -9999 -9999 -9999 -9999 282.8427 360.5551 447.2136 538.5165 632.4555 707.1068 781.025 860.2325 943.3981 1029.563 1118.034 1204.159 1280.625 1360.147 1442.22 1526.434 1612.452 1700 1780.449 1860.108 1941.649 2024.846 2109.502 2195.45 2280.351 2360.085 2441.311 2523.886 2607.681 2692.583 2778.489 2860.07 2941.088 3023.243 3106.445 3190.611 3275.668 3360.06 3440.93 3522.783 3605.551 3689.173 3773.593 3858.756 3940.812
-9999 -9999 -9999 -9999 -9999 -9999 -9999 -9999 -9999 -9999 -9999 -9999 -9999 -9999 -9999 -9999 -9999 -9999 -9999 -9999 -9999 282.8427 360.5551 424.2641 500 583.0952 670.8204 761.5773 848.5281 921.9545 1000 1081.665 1166.19 1252.996 1341.641 1421.267 1500 1581.139 1664.332 1749.286 1835.756 1920.937 2000 2080.865 2163.331 2247.22 2332.381 2418.677 2500 2580.698 2662.705 2745.906 2830.194 2915.476 3000 3080.584 3162.278 3244.996 3328.663 3413.21 3498.571 3580.503 3661.967 3744.329 3827.532 3911.521 3996.248
-9999 -9999 -9999 -9999 -9999 -9999 -9999 -9999 -9999 -9999 -9999 -9999 -9999 -9999 -9999 -9999 -9999 -9999 -9999 -9999 -9999 316.2278 412.3106 500 565.6854 640.3124 721.1102 806.2258 894.4272 984.8858 1063.015 1140.175 1220.656 1303.84 1389.244 1476.482 1562.05 1640.122 1720.465 1802.776 1886.796 1972.308 2059.126 2140.094 2220.36 2302.173 2385.372 2469.818 2555.386 2640.076 2720.294 2801.785 2884.441 2968.164 3052.867 3138.471 3220.249 3301.515 3383.785 3466.987 3551.056 3635.932 3720.215 3801.316 3883.298 3966.106 4049.691
-9999 -9999 -9999 -9999 -9999 -9999 -9999 -9999 -9999 -9999 -9999 -9999 -9999 -9999 -9999 -9999 -9999 -9999 -9999 -9999 282.8427 360.5551 447.2136 538.5165 632.4555 707.1068 781.025 860.2325 943.3981 1029.563 1118.034 1204.159 1280.625 1360.147 1442.22 1526.434 1612.452 1700 1780.449 1860.108 1941.649 2024.846 2109.502 2195.45 2280.351 2360.085 2441.311 2523.886 2607.681 2692.583 2778.489 2860.07 2941.088 3023.243 3106.445 3190.611 3275.668 3360.06 3440.93 3522.783 3605.551 3689.173 3773.593 3858.756 3940.812 4022.437 4104.875
-9999 -9999 -9999 -9999 -9999 -9999 -9999 -9999 -9999 -9999 -9999 -9999 -9999 -9999 -9999 -9999 -9999 -9999 -9999 282.8427 360.5551 424.2641 500 583.0952 670.8204 761.5773 848.5281 921.9545 1000 1081.665 1166.19 1252.996 1341.641 1421.267 1500 1581.139 1664.332 1749.286 1835.756 1920.937 2000 2080.865 2163.331 2247.22 2332.381 2418.677 2500 2580.698 2662.705 2745.906 2830.194 2915.476 3000 3080.584 3162.278 3244.996 3328.663 3413.21 3498.571 3580.503 3661.967 3744.329 3827.532 3911.521 3996.248 4080.441 4161.73
-9999 -9999 -9999 -9999 -9999 -9999 -9999 -9999 -9999 -9999 -9999 -9999 -9999 -9999 -9999 -9999 -9999 -9999 -9999 316.2278 412.3106 500 565.6854 640.3124 721.1102 806.2258 894.4272 984.8858 1063.015 1140.175 1220.656 1303.84 1389.244 1476.482 1562.05 1640.122 1720.465 1802.776 1886.796 1972.308 2059.126 2140.094 2220.36 2302.173 2385.372 2469.818 2555.386 2640.076 2720.294 2801.785 2884.441 2968.164 3052.867 3138.471 3220.249 3301.515 3383.785 3466.987 3551.056 3635.932 3720.215 3801.316 3883.298 3966.106 4049.691 4134.005 4219.004
-9999 -9999 -9999 -9999 -9999 -9999 -9999 -9999 -9999 -9999 -9999 -9999 -9999 -9999 -9999 -9999 -9999 -9999 282.8427 360.5551 447.2136 538.5165 632.4555 707.1068 781.025 860.2325 943.3981 1029.563 1118.034 1204.159 1280.625 1360.147 1442.22 1526.434 1612.452 1700 1780.449 1860.108 1941.649 2024.846 2109.502 2195.45 2280.351 2360.085 2441.311 2523.886 2607.681 2692.583 2778.489 2860.07 2941.088 3023.243 3106.445 3190.611 3275.668 3360.06 3440.93 3522.783 3605.551 3689.173 3773.593 3858.756 3940.812 4022.437 4104.875 4188.078 4272.002
-9999 -9999 -9999 -9999 -9999 -9999 -9999 -9999 -9999 -9999 -9999 -9999 -9999 -9999 -9999 -9999 -9999 282.8427 360.5551 424.2641 500 583.0952 670.8204 761.5773 848.5281 921.9545 1000 1081.665 1166.19 1252.996 1341.641 1421.267 1500 1581.139 1664.332 1749.286 1835.756 1920.937 2000 2080.865 2163.331 2247.22 2332.381 2418.677 2500 2580.698 2662.705 2745.906 2830.194 2915.476 3000 3080.584 3162.278 3244.996 3328.663 3413.21 3498.571 3580.503 3661.967 3744.329 3827.532 3911.521 3996.248 4080.441 4161.73 4243.819 4326.662
-9999 -9999 -9999 -9999 -9999 -9999 -9999 -9999 -9999 -9999 -9999 -9999 -9999 -9999 -9999 -9999 -9999 316.2278 412.3106 500 565.6854 640.3124 721.1102 806.2258 894.4272 984.8858 1063.015 1140.175 1220.656 1303.84 1389.244 1476.482 1562.05 1640.122 1720.465 1802.776 1886.796 1972.308 2059.126 2140.094 2220.36 2302.173 2385.372 2469.818 2555.386 2640.076 2720.294 2801.785 2884.441 2968.164 3052.867 3138.471 3220.249 3301.515 3383.785 3466.987 3551.056 3635.932 3720.215 3801.316 3883.298 3966.106 4049.691 4134.005 4219.004 4301.163 4382.921
-9999 -9999 -9999 -9999 -9999 -9999 -9999 -9999 -9999 -9999 -9999 -9999 -9999 -9999 -9999 -9999 282.8427 360.5551 447.2136 538.5165 632.4555 707.1068 781.025 860.2325 943.3981 1029.563 1118.034 1204.159 1280.625 1360.147 1442.22 1526.434 1612.452 1700 1780.449 1860.108 1941.649 2024.846 2109.502 2195.45 2280.351 2360.085 2441.311 2523.886 2607.681 2692.583 2778.489 2860.07 2941.088 3023.243 3106.445 3190.611 3275.668 3360.06 3440.93 3522.783 3605.551 3689.173 3773.593 3858.756 3940.812 4022.437 4104.875 4188.078 4272.002 4356.604 4440.721
-9999 -9999 -9999 -9999 -9999 -9999 -9999 -9999 -9999 -9999 -9999 -9999 -9999 -9999 -9999 282.8427 360.5551 424.2641 500 583.0952 670.8204 761.5773 848.5281 921.9545 1000 1081.665 1166.19 1252.996 1341.641 1421.267 1500 1581.139 1664.332 1749.286 1835.756 1920.937 2000 2080.865 2163.331 2247.22 2332.381 2418.677 2500 2580.698 2662.705 2745.906 2830.194 2915.476 3000 3080.584 3162.278 3244.996 3328.663 3413.21 3498.571 3580.503 3661.967 3744.329 3827.532 3911.521 3996.248 4080.441 4161.73 4243.819 4326.662 4410.215 4494.441
-9999 -9999 -9999 -9999 -9999 -9999 -9999 -9999 -9999 -9999 -9999 -9999 -9999 -9999 -9999 316.2278 412.3106 500 565.6854 640.3124 721.1102 806.2258 894.4272 984.8858 1063.015 1140.175 1220.656 1303.84 1389.244 1476.482 1562.05 1640.122 1720.465 1802.776 1886.796 1972.308 2059.126 2140.094 2220.36 2302.173 2385.372 2469.818 2555.386 2640.076 2720.294 2801.785 2884.441 2968.164 3052.867 3138.471 3220.249 3301.515 3383.785 3466.987 3551.056 3635.932 3720.215 3801.316 3883.298 3966.106 4049.691 4134.005 4219.004 4301.163 4382.921 4465.423 4548.626
