InputData/dist_17.txt
ncols         171
nrows         168
xllcorner     509665.90011874
yllcorner     8175934.7243046
cellsize      100
NODATA_value  -9999
[rows 30 to 59 of 168, columns 0 to 66 of 171]
-9999 -9999 -9999 -9999 -9999 -9999 -9999 -9999 -9999 -9999 32827.43 32738.51 32649.66 32560.87 32472.14 32383.48 32294.89 32206.37 32117.91 32029.52 31941.2 31852.94 31764.76 31676.65 31588.61 31500.63 31412.74 31324.91 31237.16 31149.48 31061.87 30974.34 30886.89 30799.51 30712.21 30624.99 30537.85 30450.78 30363.79 30276.89 30190.06 30103.32 30016.66 29930.09 29843.59 29757.18 29670.86 29584.63 29498.47 29412.41 29326.44 29240.55 29154.76 29069.06 28983.44 28897.92 28812.5 28727.16 28641.93 28556.79 28471.74 28386.79 28301.94 28217.19 28132.54 28047.99 27963.55
-9999 -9999 -9999 -9999 -9999 -9999 -9999 -9999 -9999 -9999 32781.86 32692.81 32603.83 32514.92 32426.07 32337.29 32248.57 32159.91 32071.33 31982.81 31894.36 31805.97 31717.66 31629.42 31541.24 31453.14 31365.11 31277.15 31189.26 31101.45 31013.71 30926.04 30838.45 30750.94 30663.5 30576.13 30488.85 30401.64 30314.52 30227.47 30140.5 30053.62 29966.81 29880.09 29793.46 29706.9 29620.43 29534.05 29447.75 29361.54 29275.42 29189.38 29103.44 29017.58 28931.82 28846.14 28760.56 28675.08 28589.68 28504.38 28419.18 28334.08 28249.07 28164.16 28079.35 27994.64 27910.03
-9999 -9999 -9999 -9999 -9999 -9999 -9999 -9999 -9999 -9999 32736.52 32647.36 32558.26 32469.22 32380.24 32291.33 32202.48 32113.71 32024.99 31936.34 31847.76 31759.25 31670.81 31582.43 31494.13 31405.89 31317.73 31229.63 31141.61 31053.66 30965.79 30877.99 30790.26 30702.61 30615.03 30527.53 30440.11 30352.76 30265.49 30178.3 30091.2 30004.17 29917.22 29830.35 29743.57 29656.87 29570.26 29483.72 29397.28 29310.92 29224.65 29138.46 29052.37 28966.36 28880.44 28794.62 28708.88 28623.24 28537.7 28452.24 28366.88 28281.62 28196.45 28111.38 28026.42 27941.55 27856.78
-9999 -9999 -9999 -9999 -9999 -9999 -9999 -9999 -9999 32780.79 32691.44 32602.15 32512.92 32423.76 32334.66 32245.62 32156.65 32067.74 31978.9 31890.12 31801.42 31712.77 31624.2 31535.69 31447.26 31358.89 31270.59 31182.37 31094.21 31006.13 30918.12 30830.18 30742.32 30654.53 30566.81 30479.17 30391.61 30304.13 30216.72 30129.39 30042.14 29954.97 29867.88 29780.87 29693.94 29607.09 29520.33 29433.65 29347.06 29260.55 29174.13 29087.8 29001.55 28915.39 28829.33 28743.35 28657.46 28571.66 28485.96 28400.35 28314.84 28229.42 28144.09 28058.87 27973.74 27888.71 27803.78
-9999 -9999 -9999 -9999 -9999 -9999 -9999 -9999 32825.6 32736.07 32646.59 32557.18 32467.83 32378.54 32289.32 32200.16 32111.06 32022.02 31933.05 31844.15 31755.31 31666.54 31577.84 31489.21 31400.64 31312.14 31223.71 31135.35 31047.06 30958.84 30870.7 30782.63 30694.63 30606.7 30518.85 30431.07 30343.37 30255.74 30168.2 30080.72 29993.33 29906.02 29818.79 29731.63 29644.56 29557.57 29470.66 29383.84 29297.1 29210.44 29123.87 29037.39 28950.99 28864.68 28778.46 28692.33 28606.29 28520.34 28434.49 28348.72 28263.05 28177.47 28091.99 28006.61 27921.32 27836.13 27751.04
-9999 -9999 -9999 -9999 -9999 -9999 -9999 32870.96 32781.25 32691.59 32601.99 32512.46 32422.99 32333.57 32244.22 32154.94 32065.71 31976.55 31887.46 31798.43 31709.46 31620.56 31531.73 31442.96 31354.27 31265.64 31177.07 31088.58 31000.16 30911.81 30823.53 30735.32 30647.19 30559.12 30471.13 30383.22 30295.38 30207.62 30119.93 30032.32 29944.78 29857.33 29769.95 29682.65 29595.44 29508.3 29421.25 29334.28 29247.39 29160.59 29073.87 28987.24 28900.69 28814.23 28727.86 28641.58 28555.38 28469.28 28383.27 28297.35 28211.52 28125.79 28040.15 27954.61 27869.16 27783.81 27698.56
-9999 -9999 -9999 -9999 -9999 -9999 32916.86 32826.97 32737.13 32647.36 32557.64 32467.98 32378.39 32288.85 32199.38 32109.97 32020.62 31931.33 31842.11 31752.95 31663.86 31574.83 31485.87 31396.97 31308.15 31219.38 31130.69 31042.07 30953.51 30865.03 30776.62 30688.27 30600 30511.8 30423.68 30335.62 30247.64 30159.74 30071.91 29984.16 29896.49 29808.89 29721.37 29633.93 29546.57 29459.29 29372.1 29284.98 29197.95 29110.99 29024.13 28937.35 28850.65 28764.04 28677.52 28591.08 28504.74 28418.48 28332.31 28246.24 28160.26 28074.37 27988.57 27902.87 27817.26 27731.75 27646.34
-9999 -9999 -9999 -9999 33053.44 32963.31 32873.24 32783.23 32693.27 32603.38 32513.54 32423.76 32334.04 32244.38 32154.78 32065.25 31975.77 31886.36 31797.01 31707.73 31618.51 31529.35 31440.26 31351.24 31262.28 31173.39 31084.56 30995.81 30907.12 30818.5 30729.95 30641.47 30553.07 30464.73 30376.47 30288.28 30200.17 30112.12 30024.16 29936.27 29848.45 29760.71 29673.05 29585.47 29497.97 29410.54 29323.2 29235.94 29148.76 29061.66 28974.64 28887.71 28800.87 28714.11 28627.43 28540.85 28454.35 28367.94 28281.62 28195.39 28109.25 28023.21 27937.25 27851.39 27765.63 27679.96 27594.38
-9999 -9999 33190.96 33100.61 33010.3 32920.05 32829.86 32739.73 32649.66 32559.64 32469.68 32379.78 32289.94 32200.16 32110.43 32020.78 31931.18 31841.64 31752.17 31662.75 31573.41 31484.12 31394.9 31305.75 31216.66 31127.64 31038.69 30949.8 30860.98 30772.23 30683.55 30594.93 30506.39 30417.92 30329.52 30241.2 30152.94 30064.76 29976.66 29888.63 29800.67 29712.79 29624.99 29537.26 29449.62 29362.05 29274.56 29187.15 29099.83 29012.58 28925.42 28838.34 28751.35 28664.44 28577.61 28490.88 28404.22 28317.66 28231.19 28144.8 28058.51 27972.31 27886.2 27800.18 27714.26 27628.43 27542.69
-9999 33238.83 33148.3 33057.83 32967.41 32877.04 32786.73 32696.48 32606.29 32516.15 32426.07 32336.05 32246.09 32156.18 32066.34 31976.55 31886.83 31797.17 31707.57 31618.03 31528.56 31439.15 31349.8 31260.52 31171.3 31082.15 30993.06 30904.04 30815.09 30726.21 30637.39 30548.65 30459.97 30371.37 30282.83 30194.37 30105.98 30017.66 29929.42 29841.25 29753.15 29665.13 29577.19 29489.32 29401.53 29313.82 29226.19 29138.63 29051.16 28963.77 28876.46 28789.23 28702.09 28615.03 28528.06 28441.17 28354.37 28267.65 28181.02 28094.48 28008.04 27921.68 27835.41 27749.23 27663.15 27577.16 27491.27
33287.23 33196.54 33105.89 33015.3 32924.76 32834.28 32743.85 32653.48 32563.17 32472.91 32382.71 32292.57 32202.48 32112.46 32022.49 31932.59 31842.74 31752.95 31663.23 31573.56 31483.96 31394.43 31304.95 31215.54 31126.2 31036.91 30947.7 30858.55 30769.46 30680.45 30591.5 30502.62 30413.81 30325.07 30236.4 30147.8 30059.28 29970.82 29882.44 29794.13 29705.89 29617.73 29529.65 29441.64 29353.71 29265.85 29178.07 29090.38 29002.76 28915.22 28827.76 28740.39 28653.1 28565.89 28478.76 28391.72 28304.77 28217.9 28131.12 28044.43 27957.83 27871.31 27784.89 27698.56 27612.32 27526.17 27440.12
33245.3 33154.49 33063.73 32973.02 32882.37 32791.77 32701.22 32610.73 32520.3 32429.92 32339.6 32249.34 32159.13 32068.99 31978.9 31888.87 31798.9 31708.99 31619.14 31529.35 31439.63 31349.96 31260.36 31170.82 31081.35 30991.93 30902.59 30813.31 30724.1 30634.95 30545.87 30456.86 30367.91 30279.04 30190.23 30101.49 30012.83 29924.24 29835.72 29747.27 29658.89 29570.59 29482.37 29394.22 29306.14 29218.14 29130.22 29042.38 28954.62 28866.94 28779.33 28691.81 28604.37 28517.01 28429.74 28342.55 28255.44 28168.42 28081.49 27994.64 27907.88 27821.21 27734.63 27648.15 27561.75 27475.44 27389.23
-9999 33112.69 33021.81 32930.99 32840.22 32749.5 32658.84 32568.24 32477.69 32387.19 32296.75 32206.37 32116.04 32025.77 31935.56 31845.41 31755.31 31665.28 31575.31 31485.39 31395.54 31305.75 31216.02 31126.36 31036.75 30947.21 30857.74 30768.33 30678.98 30589.71 30500.49 30411.35 30322.27 30233.26 30144.32 30055.45 29966.65 29877.92 29789.26 29700.67 29612.16 29523.72 29435.35 29347.06 29258.85 29170.71 29082.64 28994.65 28906.75 28818.92 28731.17 28643.5 28555.91 28468.4 28380.98 28293.64 28206.38 28119.21 28032.13 27945.13 27858.21 27771.39 27684.65 27598.01 27511.45 27424.99 27338.62
-9999 33071.14 32980.14 32889.21 32798.32 32707.49 32616.71 32525.99 32435.32 32344.71 32254.15 32163.64 32073.2 31982.81 31892.48 31802.2 31711.98 31621.83 31531.73 31441.69 31351.71 31261.8 31171.94 31082.15 30992.42 30902.75 30813.15 30723.61 30634.13 30544.72 30455.38 30366.1 30276.89 30187.75 30098.67 30009.67 29920.73 29831.86 29743.07 29654.34 29565.69 29477.11 29388.6 29300.17 29211.81 29123.53 29035.32 28947.19 28859.14 28771.17 28683.27 28595.46 28507.72 28420.06 28332.49 28245 28157.59 28070.27 27983.03 27895.88 27808.81 27721.83 27634.94 27548.14 27461.43 27374.81 27288.28
-9999 33029.84 32938.73 32847.68 32756.68 32665.73 32574.84 32484 32393.21 32302.48 32211.8 32121.18 32030.61 31940.1 31849.65 31759.25 31668.91 31578.63 31488.41 31398.25 31308.15 31218.1 31128.12 31038.2 30948.34 30858.55 30768.81 30679.15 30589.54 30500 30410.53 30321.12 30231.77 30142.49 30053.29 29964.14 29875.07 29786.07 29697.14 29608.28 29519.48 29430.77 29342.12 29253.55 29165.05 29076.62 28988.27 28900 28811.8 28723.68 28635.64 28547.68 28459.8 28371.99 28284.27 28196.63 28109.07 28021.6 27934.21 27846.9 27759.68 27672.55 27585.5 27498.54 27411.68 27324.9 27238.21
33080.05 32988.79 32897.57 32806.4 32715.29 32624.22 32533.21 32442.26 32351.35 32260.5 32169.71 32078.96 31988.28 31897.65 31807.07 31716.56 31626.1 31535.69 31445.35 31355.06 31264.84 31174.67 31084.56 30994.52 30904.53 30814.61 30724.75 30634.95 30545.21 30455.54 30365.94 30276.39 30186.92 30097.51 30008.17 29918.89 29829.68 29740.54 29651.47 29562.48 29473.55 29384.69 29295.9 29207.19 29118.55 29029.98 28941.49 28853.08 28764.74 28676.47 28588.29 28500.18 28412.14 28324.2 28236.32 28148.54 28060.83 27973.2 27885.66 27798.2 27710.83 27623.54 27536.34 27449.23 27362.2 27275.26 27188.42
33039.37 32947.99 32856.66 32765.38 32674.15 32582.97 32491.85 32400.77 32309.75 32218.78 32127.87 32037.01 31946.21 31855.46 31764.76 31674.12 31583.54 31493.02 31402.55 31312.14 31221.79 31131.5 31041.26 30951.09 30860.98 30770.93 30680.94 30591.01 30501.15 30411.35 30321.61 30231.94 30142.33 30052.79 29963.31 29873.9 29784.56 29695.29 29606.08 29516.94 29427.88 29338.88 29249.96 29161.1 29072.32 28983.62 28894.98 28806.42 28717.94 28629.53 28541.2 28452.94 28364.77 28276.67 28188.65 28100.71 28012.85 27925.08 27837.38 27749.78 27662.25 27574.81 27487.45 27400.18 27313 27225.91 27138.9
32998.94 32907.45 32816 32724.61 32633.27 32541.97 32450.73 32359.54 32268.41 32177.32 32086.29 31995.31 31904.39 31813.52 31722.71 31631.95 31541.24 31450.6 31360.01 31269.47 31179 31088.58 30998.23 30907.93 30817.69 30727.51 30637.39 30547.34 30457.35 30367.42 30277.55 30187.75 30098.01 30008.33 29918.72 29829.18 29739.7 29650.29 29560.95 29471.68 29382.48 29293.34 29204.28 29115.29 29026.37 28937.52 28848.74 28760.04 28671.41 28582.86 28494.38 28405.98 28317.66 28229.42 28141.25 28053.16 27965.16 27877.23 27789.39 27701.63 27613.95 27526.35 27438.84 27351.42 27264.08 27176.83 27089.67
-9999 32867.16 32775.6 32684.09 32592.64 32501.23 32409.88 32318.57 32227.32 32136.12 32044.97 31953.87 31862.83 31771.84 31680.91 31590.03 31499.21 31408.44 31317.73 31227.07 31136.47 31045.93 30955.45 30865.03 30774.66 30684.36 30594.12 30503.93 30413.81 30323.75 30233.76 30143.82 30053.95 29964.14 29874.4 29784.73 29695.12 29605.57 29516.1 29426.69 29337.35 29248.08 29158.88 29069.74 28980.68 28891.69 28802.78 28713.93 28625.16 28536.47 28447.85 28359.3 28270.83 28182.44 28094.13 28005.89 27917.74 27829.66 27741.67 27653.75 27565.92 27478.17 27390.51 27302.93 27215.44 27128.03 27040.71
-9999 32827.12 32735.46 32643.84 32552.27 32460.75 32369.28 32277.86 32186.49 32095.17 32003.91 31912.69 31821.53 31730.43 31639.38 31548.38 31457.43 31366.54 31275.71 31184.93 31094.21 31003.55 30912.94 30822.39 30731.9 30641.47 30551.11 30460.79 30370.54 30280.36 30190.23 30100.17 30010.16 29920.23 29830.35 29740.54 29650.8 29561.12 29471.51 29381.97 29292.49 29203.08 29113.74 29024.47 28935.27 28846.14 28757.09 28668.1 28579.19 28490.35 28401.58 28312.89 28224.28 28135.74 28047.28 27958.9 27870.59 27782.37 27694.22 27606.16 27518.18 27430.28 27342.46 27254.72 27167.08 27079.51 26992.04
-9999 32787.34 32695.57 32603.83 32512.15 32420.52 32328.93 32237.4 32145.92 32054.48 31963.1 31871.77 31780.5 31689.27 31598.1 31506.98 31415.92 31324.91 31233.96 31143.06 31052.21 30961.43 30870.7 30780.03 30689.41 30598.86 30508.36 30417.92 30327.54 30237.23 30146.97 30056.78 29966.65 29876.58 29786.57 29696.63 29606.76 29516.94 29427.2 29337.52 29247.91 29158.36 29068.88 28979.47 28890.14 28800.87 28711.67 28622.54 28533.49 28444.51 28355.6 28266.77 28178.01 28089.32 28000.71 27912.18 27823.73 27735.36 27647.06 27558.85 27470.71 27382.66 27294.69 27206.8 27119 27031.28 26943.64
-9999 32747.82 32655.93 32564.09 32472.29 32380.55 32288.85 32197.21 32105.61 32014.06 31922.56 31831.12 31739.72 31648.38 31557.09 31465.86 31374.67 31283.54 31192.47 31101.45 31010.48 30919.57 30828.72 30737.92 30647.19 30556.51 30465.88 30375.32 30284.81 30194.37 30103.99 30013.66 29923.4 29833.2 29743.07 29652.99 29562.98 29473.04 29383.16 29293.34 29203.6 29113.91 29024.3 28934.75 28845.28 28755.87 28666.53 28577.26 28488.07 28398.94 28309.89 28220.91 28132.01 28043.18 27954.43 27865.75 27777.15 27688.63 27600.18 27511.82 27423.53 27335.32 27247.2 27159.16 27071.2 26983.33 26895.54
-9999 32708.56 32616.56 32524.61 32432.7 32340.84 32249.03 32157.27 32065.56 31973.9 31882.28 31790.72 31699.21 31607.75 31516.35 31424.99 31333.69 31242.44 31151.24 31060.1 30969.02 30877.99 30787.01 30696.09 30605.23 30514.42 30423.68 30332.98 30242.35 30151.78 30061.27 29970.82 29880.43 29790.1 29699.83 29609.63 29519.48 29429.41 29339.39 29249.45 29159.56 29069.74 28979.99 28890.31 28800.7 28711.15 28621.67 28532.26 28442.93 28353.66 28264.46 28175.34 28086.29 27997.32 27908.42 27819.6 27730.85 27642.18 27553.58 27465.07 27376.63 27288.28 27200 27111.8 27023.69 26935.66 26847.72
-9999 32669.56 32577.45 32485.38 32393.36 32301.39 32209.47 32117.6 32025.77 31933.99 31842.27 31750.59 31658.96 31567.39 31475.86 31384.39 31292.97 31201.6 31110.29 31019.03 30927.82 30836.67 30745.57 30654.53 30563.54 30472.61 30381.74 30290.92 30200.17 30109.47 30018.83 29928.25 29837.73 29747.27 29656.87 29566.54 29476.26 29386.05 29295.9 29205.82 29115.8 29025.85 28935.96 28846.14 28756.39 28666.71 28577.09 28487.54 28398.06 28308.66 28219.32 28130.05 28040.86 27951.74 27862.7 27773.73 27684.83 27596.01 27507.27 27418.61 27330.02 27241.51 27153.08 27064.74 26976.47 26888.29 26800.19
-9999 32630.81 32538.59 32446.42 32354.29 32262.21 32170.17 32078.19 31986.25 31894.36 31802.52 31710.72 31618.98 31527.29 31435.65 31344.06 31252.52 31161.03 31069.6 30978.22 30886.89 30795.62 30704.4 30613.23 30522.12 30431.07 30340.07 30249.13 30158.25 30067.42 29976.66 29885.95 29795.3 29704.71 29614.19 29523.72 29433.31 29342.97 29252.69 29162.48 29072.32 28982.24 28892.21 28802.26 28712.37 28622.54 28532.79 28443.1 28353.48 28263.94 28174.46 28085.05 27995.71 27906.45 27817.26 27728.14 27639.1 27550.14 27461.25 27372.43 27283.7 27195.04 27106.46 27017.96 26929.54 26841.2 26752.94
-9999 32592.33 32500 32407.71 32315.48 32223.28 32131.14 32039.04 31946.99 31854.98 31763.03 31671.12 31579.27 31487.46 31395.7 31303.99 31212.34 31120.73 31029.18 30937.68 30846.23 30754.84 30663.5 30572.21 30480.98 30389.8 30298.68 30207.62 30116.61 30025.66 29934.76 29843.93 29753.15 29662.43 29571.78 29481.18 29390.64 29300.17 29209.76 29119.41 29029.12 28938.9 28848.74 28758.65 28668.62 28578.66 28488.77 28398.94 28309.19 28219.5 28129.88 28040.33 27950.85 27861.44 27772.11 27682.85 27593.66 27504.54 27415.51 27326.54 27237.66 27148.85 27060.12 26971.47 26882.89 26794.4 26705.99
-9999 32554.11 32461.67 32369.28 32276.93 32184.62 32092.37 32000.16 31907.99 31815.88 31723.81 31631.79 31539.82 31447.89 31356.02 31264.2 31172.42 31080.7 30989.03 30897.41 30805.84 30714.33 30622.87 30531.46 30440.11 30348.8 30257.56 30166.37 30075.24 29984.16 29893.14 29802.18 29711.28 29620.43 29529.65 29438.92 29348.25 29257.65 29167.11 29076.62 28986.2 28895.85 28805.55 28715.33 28625.16 28535.07 28445.04 28355.07 28265.17 28175.34 28085.58 27995.89 27906.27 27816.72 27727.24 27637.84 27548.5 27459.24 27370.06 27280.95 27191.91 27102.95 27014.07 26925.27 26836.54 26747.9 26659.33
-9999 32516.15 32423.6 32331.1 32238.64 -9999 32053.86 31961.54 31869.26 31777.04 31684.85 31592.72 31500.63 31408.6 31316.61 31224.67 31132.78 31040.94 30949.15 30857.41 30765.73 30674.09 30582.51 30490.98 30399.51 30308.08 30216.72 30125.4 30034.15 29942.95 29851.8 29760.71 29669.68 29578.71 29487.79 29396.94 29306.14 29215.41 29124.73 29034.12 28943.57 28853.08 28762.65 28672.29 28581.99 28491.75 28401.58 28311.48 28221.45 28131.48 28041.58 27951.74 27861.98 27772.29 27682.67 27593.12 27503.64 27414.23 27324.9 27235.64 27146.46 27057.35 26968.31 26879.36 26790.48 26701.69 26612.97
-9999 -9999 32385.8 32293.19 -9999 -9999 -9999 31923.19 31830.8 31738.46 31646.17 31553.92 31461.72 31369.57 31277.47 31185.41 31093.41 31001.45 30909.54 30817.69 30725.88 30634.13 30542.43 30450.78 30359.18 30267.64 30176.15 30084.71 29993.33 29902.01 29810.74 29719.52 29628.37 29537.26 29446.22 29355.24 29264.31 29173.45 29082.64 28991.89 28901.21 28810.59 28720.03 28629.53 28539.1 28448.73 28358.42 28268.18 28178.01 28087.9 27997.86 27907.88 27817.98 27728.14 27638.38 27548.68 27459.06 27369.51 27280.03 27190.62 27101.29 27012.04 26922.85 26833.75 26744.72 26655.77 26566.9
-9999 -9999 -9999 -9999 -9999 -9999 -9999 31885.11 31792.61 31700.16 31607.75 31515.39 31423.08 31330.82 31238.6 31146.43 31054.31 30962.23 30870.21 30778.24 30686.32 30594.44 30502.62 30410.85 30319.14 30227.47 30135.86 30044.3 29952.8 29861.35 29769.95 29678.61 29587.33 29496.1 29404.93 29313.82 29222.77 29131.77 29040.83 28949.96 28859.14 28768.38 28677.69 28587.06 28496.49 28405.98 28315.54 28225.17 28134.85 28044.61 27954.43 27864.31 27774.27 27684.29 27594.38 27504.54 27414.78 27325.08 27235.46 27145.9 27056.42 26967.02 26877.69 26788.43 26699.25 26610.15 26521.12
