InputData/dist_14.txt
ncols         192
nrows         185
xllcorner     521121.3274656
yllcorner     8193989.8049443
cellsize      100
NODATA_value  -9999
[rows 30 to 59 of 185, columns 0 to 67 of 192]
-9999 -9999 -9999 -9999 -9999 -9999 -9999 -9999 -9999 -9999 -9999 -9999 -9999 -9999 -9999 -9999 -9999 -9999 -9999 -9999 -9999 -9999 -9999 -9999 -9999 28065.99 27969.45 27872.93 27776.43 27679.96 27583.51 27487.09 27390.69 27294.32 27197.98 27101.66 27005.37 26909.11 26812.87 26716.66 26620.48 26524.33 26428.21 26332.11 26236.04 26140.01 26044 25948.03 25852.08 25756.16 25660.28 25564.43 25468.61 25372.82 25277.06 25181.34 25085.65 24990 24894.38 24798.79 24703.24 24607.72 24512.24 24416.8 24321.39 24226.02 24130.69 24035.39
-9999 -9999 -9999 -9999 -9999 -9999 -9999 -9999 -9999 -9999 -9999 -9999 -9999 -9999 -9999 -9999 -9999 -9999 -9999 -9999 -9999 -9999 -9999 -9999 28136.81 28040.15 27943.51 27846.9 27750.31 27653.75 27557.21 27460.7 27364.21 27267.75 27171.31 27074.9 26978.51 26882.15 26785.82 26689.51 26593.23 26496.98 26400.76 26304.56 26208.4 26112.26 26016.15 25920.07 25824.02 25728 25632.01 25536.05 25440.13 25344.23 25248.37 25152.54 25056.74 24960.97 24865.24 24769.54 24673.87 24578.24 24482.65 24387.09 24291.56 24196.07 24100.62 24005.21
-9999 -9999 -9999 -9999 -9999 -9999 -9999 -9999 -9999 -9999 -9999 -9999 -9999 -9999 -9999 -9999 -9999 -9999 -9999 -9999 -9999 -9999 -9999 28208.15 28111.38 28014.64 27917.92 27821.21 27724.54 27627.88 27531.26 27434.65 27338.07 27241.51 27144.98 27048.47 26951.99 26855.54 26759.11 26662.71 26566.33 26469.98 26373.66 26277.37 26181.1 26084.86 25988.65 25892.47 25796.32 25700.2 25604.1 25508.04 25412.01 25316 25220.03 25124.09 25028.18 24932.31 24836.46 24740.65 24644.88 24549.13 24453.43 24357.75 24262.11 24166.51 24070.94 23975.4
-9999 -9999 -9999 -9999 -9999 -9999 -9999 -9999 -9999 -9999 -9999 -9999 -9999 -9999 -9999 -9999 -9999 -9999 -9999 -9999 -9999 -9999 28280.03 28183.15 28086.29 27989.46 27892.65 27795.86 27699.1 27602.36 27505.64 27408.94 27312.27 27215.62 27119 27022.4 26925.82 26829.28 26732.75 26636.25 26539.78 26443.34 26346.92 26250.52 26154.16 26057.82 25961.51 25865.23 25768.97 25672.75 25576.55 25480.38 25384.25 25288.14 25192.06 25096.02 25000 24904.02 24808.06 24712.14 24616.25 24520.4 24424.58 24328.79 24233.04 24137.32 24041.63 23945.98
-9999 -9999 -9999 -9999 -9999 -9999 -9999 -9999 -9999 -9999 -9999 -9999 -9999 -9999 -9999 -9999 -9999 -9999 -9999 -9999 -9999 -9999 28255.44 28158.48 28061.54 27964.62 27867.72 27770.85 27673.99 27577.16 27480.36 27383.57 27286.81 27190.07 27093.36 26996.67 26900 26803.36 26706.74 26610.15 26513.58 26417.04 26320.52 26224.04 26127.57 26031.13 25934.73 25838.34 25741.99 25645.66 25549.36 25453.09 25356.85 25260.64 25164.46 25068.31 24972.18 24876.09 24780.03 24684 24588.01 24492.04 24396.11 24300.21 24204.34 24108.5 24012.71 23916.94
-9999 -9999 -9999 -9999 -9999 -9999 -9999 -9999 -9999 -9999 -9999 -9999 -9999 -9999 -9999 -9999 -9999 -9999 -9999 -9999 -9999 -9999 28231.19 28134.14 28037.12 27940.12 27843.13 27746.17 27649.23 27552.31 27455.42 27358.54 27261.7 27164.87 27068.06 26971.28 26874.52 26777.79 26681.08 26584.39 26487.73 26391.1 26294.49 26197.9 26101.34 26004.81 25908.3 25811.82 25715.37 25618.94 25522.54 25426.17 25329.82 25233.51 25137.22 25040.97 24944.74 24848.54 24752.37 24656.24 24560.13 24464.05 24368.01 24272 24176.02 24080.07 23984.16 23888.28
-9999 -9999 -9999 -9999 -9999 -9999 -9999 -9999 -9999 -9999 -9999 -9999 -9999 -9999 -9999 -9999 -9999 -9999 -9999 -9999 -9999 -9999 28207.27 28110.14 28013.03 27915.95 27818.88 27721.83 27624.81 27527.8 27430.82 27333.86 27236.92 27140.01 27043.11 26946.24 26849.39 26752.57 26655.77 26558.99 26462.24 26365.51 26268.8 26172.12 26075.47 25978.84 25882.23 25785.65 25689.1 25592.58 25496.08 25399.61 25303.16 25206.75 25110.36 25014 24917.66 24821.36 24725.09 24628.85 24532.63 24436.45 24340.29 24244.17 24148.08 24052.03 23956 23860.01
-9999 -9999 -9999 -9999 -9999 -9999 -9999 -9999 -9999 -9999 -9999 -9999 -9999 -9999 -9999 -9999 -9999 -9999 -9999 -9999 -9999 -9999 -9999 28086.29 27989.28 27892.11 27794.96 27697.83 27600.72 27503.64 27406.57 27309.52 27212.5 27115.49 27018.51 26921.55 26824.62 26727.7 26630.81 26533.94 26437.1 26340.27 26243.47 26146.7 26049.95 25953.23 25856.53 25759.85 25663.2 25566.58 25469.98 25373.41 25276.87 25180.35 25083.86 24987.4 24890.96 24794.56 24698.18 24601.83 24505.51 24409.22 24312.96 24216.73 24120.53 24024.36 23928.23 23832.12
-9999 -9999 -9999 -9999 -9999 -9999 -9999 -9999 -9999 -9999 -9999 -9999 -9999 -9999 -9999 -9999 -9999 -9999 -9999 -9999 -9999 -9999 -9999 28061.54 27964.62 27867.72 27770.85 27673.99 27576.98 27479.81 27382.66 27285.53 27188.42 27091.33 26994.26 26897.21 26800.19 26703.18 26606.2 26509.24 26412.31 26315.39 26218.51 26121.64 26024.79 25927.98 25831.18 25734.41 25637.67 25540.95 25444.25 25347.58 25250.94 25154.32 25057.73 24961.17 24864.63 24768.13 24671.64 24575.19 24478.77 24382.37 24286 24189.67 24093.36 23997.08 23900.84 23804.62
-9999 -9999 -9999 -9999 -9999 -9999 -9999 -9999 -9999 -9999 -9999 -9999 -9999 -9999 -9999 -9999 -9999 -9999 -9999 -9999 -9999 -9999 -9999 28037.12 27940.12 27843.13 27746.17 27649.23 27552.31 27455.42 27358.54 27261.7 27164.68 27067.51 26970.35 26873.22 26776.11 26679.02 26581.95 26484.9 26387.88 26290.87 26193.89 26096.94 26000 25903.09 25806.2 25709.34 25612.5 25515.68 25418.89 25322.13 25225.38 25128.67 25031.98 24935.32 24838.68 24742.07 24645.49 24548.93 24452.4 24355.9 24259.43 24162.99 24066.57 23970.19 23873.84 23777.51
-9999 -9999 -9999 -9999 -9999 -9999 -9999 -9999 -9999 -9999 -9999 -9999 -9999 -9999 -9999 -9999 -9999 -9999 -9999 -9999 -9999 -9999 -9999 28013.03 27915.95 27818.88 27721.83 27624.81 27527.8 27430.82 27333.86 27236.92 27140.01 27043.11 26946.24 26849.39 26752.38 26655.21 26558.05 26460.91 26363.8 26266.71 26169.64 26072.59 25975.57 25878.56 25781.58 25684.63 25587.69 25490.78 25393.9 25297.04 25200.2 25103.39 25006.6 24909.84 24813.1 24716.39 24619.71 24523.05 24426.42 24329.82 24233.24 24136.69 24040.17 23943.68 23847.22 23750.79
-9999 -9999 -9999 -9999 -9999 -9999 -9999 -9999 -9999 -9999 -9999 -9999 -9999 -9999 -9999 -9999 -9999 -9999 -9999 -9999 -9999 -9999 28086.47 27989.28 27892.11 27794.96 27697.83 27600.72 27503.64 27406.57 27309.52 27212.5 27115.49 27018.51 26921.55 26824.62 26727.7 26630.81 26533.94 26437.1 26340.08 26242.9 26145.75 26048.61 25951.49 25854.4 25757.33 25660.28 25563.25 25466.25 25369.27 25272.32 25175.38 25078.48 24981.59 24884.73 24787.9 24691.09 24594.31 24497.55 24400.82 24304.12 24207.44 24110.79 24014.16 23917.57 23821 23724.46
-9999 -9999 -9999 -9999 -9999 -9999 -9999 -9999 -9999 -9999 -9999 -9999 -9999 -9999 -9999 -9999 -9999 -9999 -9999 -9999 -9999 -9999 28063.14 27965.87 27868.62 27771.39 27674.18 27576.98 27479.81 27382.66 27285.53 27188.42 27091.33 26994.26 26897.21 26800.19 26703.18 26606.2 26509.24 26412.31 26315.39 26218.51 26121.64 26024.79 25927.79 25830.6 25733.44 25636.3 25539.19 25442.09 25345.02 25247.97 25150.94 25053.94 24956.96 24860.01 24763.08 24666.17 24569.29 24472.43 24375.6 24278.8 24182.02 24085.27 23988.54 23891.84 23795.17 23698.52
-9999 -9999 -9999 -9999 -9999 -9999 -9999 -9999 -9999 -9999 -9999 -9999 -9999 -9999 -9999 -9999 -9999 -9999 -9999 -9999 -9999 28137.52 28040.15 27942.8 27845.47 27748.15 27650.86 27553.58 27456.33 27359.09 27261.88 27164.68 27067.51 26970.35 26873.22 26776.11 26679.02 26581.95 26484.9 26387.88 26290.87 26193.89 26096.94 26000 25903.09 25806.2 25709.34 25612.5 25515.49 25418.3 25321.14 25224 25126.88 25029.78 24932.71 24835.66 24738.63 24641.63 24544.65 24447.7 24350.77 24253.87 24156.99 24060.13 23963.3 23866.5 23769.73 23672.98
-9999 -9999 -9999 -9999 -9999 -9999 -9999 -9999 -9999 -9999 -9999 -9999 -9999 -9999 -9999 -9999 -9999 -9999 -9999 -9999 28212.41 28114.94 28017.49 27920.06 27822.65 27725.26 27627.88 27530.53 27433.19 27335.87 27238.58 27141.3 27044.04 26946.8 26849.58 26752.38 26655.21 26558.05 26460.91 26363.8 26266.71 26169.64 26072.59 25975.57 25878.56 25781.58 25684.63 25587.69 25490.78 25393.9 25297.04 25200.2 25103.19 25006 24908.83 24811.69 24714.57 24617.47 24520.4 24423.35 24326.32 24229.32 24132.34 24035.39 23938.46 23841.56 23744.68 23647.83
-9999 -9999 -9999 -9999 -9999 -9999 -9999 -9999 -9999 -9999 -9999 -9999 -9999 -9999 -9999 -9999 -9999 -9999 -9999 -9999 28190.25 28092.7 27995.18 27897.67 27800.18 27702.71 27605.25 27507.82 27410.4 27313 27215.62 27118.26 27020.92 26923.6 26826.29 26729.01 26631.75 26534.51 26437.29 26340.08 26242.9 26145.75 26048.61 25951.49 25854.4 25757.33 25660.28 25563.25 25466.25 25369.27 25272.32 25175.38 25078.48 24981.59 24884.73 24787.9 24690.89 24593.7 24496.53 24399.38 24302.26 24205.16 24108.09 24011.04 23914.01 23817.01 23720.03 23623.08
-9999 -9999 -9999 -9999 -9999 -9999 -9999 -9999 -9999 -9999 -9999 -9999 -9999 -9999 -9999 -9999 -9999 -9999 -9999 -9999 28168.42 28070.8 27973.2 27875.62 27778.05 27680.5 27582.96 27485.45 27387.95 27290.47 27193.01 27095.57 26998.15 26900.74 26803.36 26705.99 26608.64 26511.32 26414.01 26316.72 26219.46 26122.21 26024.99 25927.79 25830.6 25733.44 25636.3 25539.19 25442.09 25345.02 25247.97 25150.94 25053.94 24956.96 24860.01 24763.08 24666.17 24569.29 24472.43 24375.6 24278.59 24181.4 24084.23 23987.08 23889.96 23792.86 23695.78 23598.73
-9999 -9999 -9999 -9999 -9999 -9999 -9999 -9999 -9999 -9999 -9999 -9999 -9999 -9999 -9999 -9999 -9999 -9999 -9999 28244.65 28146.94 28049.24 27951.56 27853.9 27756.26 27658.63 27561.02 27463.43 27365.86 27268.3 27170.76 27073.23 26975.73 26878.24 26780.78 26683.33 26585.9 26488.49 26391.1 26293.72 26196.37 26099.04 26001.73 25904.44 25807.17 25709.92 25612.69 25515.49 25418.3 25321.14 25224 25126.88 25029.78 24932.71 24835.66 24738.63 24641.63 24544.65 24447.7 24350.77 24253.87 24156.99 24060.13 23963.3 23866.29 23769.1 23671.92 23574.78
-9999 -9999 -9999 -9999 -9999 -9999 -9999 -9999 -9999 -9999 -9999 -9999 -9999 -9999 -9999 -9999 -9999 -9999 -9999 28223.57 28125.79 28028.02 27930.27 27832.54 27734.82 27637.11 27539.43 27441.76 27344.1 27246.47 27148.85 27051.25 26953.66 26856.1 26758.55 26661.02 26563.51 26466.02 26368.54 26271.09 26173.65 26076.23 25978.84 25881.46 25784.1 25686.77 25589.45 25492.16 25394.88 25297.63 25200.4 25103.19 25006 24908.83 24811.69 24714.57 24617.47 24520.4 24423.35 24326.32 24229.32 24132.34 24035.39 23938.46 23841.56 23744.68 23647.83 23551.01
-9999 -9999 -9999 -9999 -9999 -9999 -9999 -9999 -9999 -9999 -9999 -9999 -9999 -9999 -9999 -9999 -9999 -9999 -9999 28202.84 28104.98 28007.14 27909.32 27811.51 27713.71 27615.94 27518.18 27420.43 27322.7 27224.99 27127.29 27029.61 26931.95 26834.31 26736.68 26639.07 26541.48 26443.9 26346.35 26248.81 26151.29 26053.79 25956.31 25858.85 25761.4 25663.98 25566.58 25469.2 25371.83 25274.49 25177.17 25079.87 24982.59 24885.34 24788.1 24690.89 24593.7 24496.53 24399.38 24302.26 24205.16 24108.09 24011.04 23914.01 23817.01 23720.03 23623.08 23526.16
-9999 -9999 -9999 -9999 -9999 -9999 -9999 -9999 -9999 -9999 -9999 -9999 -9999 -9999 -9999 -9999 -9999 -9999 -9999 28182.44 28084.52 27986.6 27888.71 27790.83 27692.96 27595.11 27497.27 27399.45 27301.65 27203.86 27106.09 27008.33 26910.59 26812.87 26715.16 26617.47 26519.8 26422.15 26324.51 26226.89 26129.29 26031.71 25934.15 25836.6 25739.08 25641.57 25544.08 25446.61 25349.16 25251.73 25154.32 25056.94 24959.57 24862.22 24764.89 24667.59 24570.31 24473.05 24375.81 24278.59 24181.4 24084.23 23987.08 23889.96 23792.86 23695.78 23598.73 23501.7
-9999 -9999 -9999 -9999 -9999 -9999 -9999 -9999 -9999 -9999 -9999 -9999 -9999 -9999 -9999 -9999 -9999 -9999 -9999 28162.39 28064.39 27966.41 27868.44 27770.49 27672.55 27574.63 27476.72 27378.82 27280.95 27183.08 27085.24 26987.4 26889.59 26791.79 26694.01 26596.24 26498.49 26400.76 26303.04 26205.34 26107.66 26010 25912.35 25814.72 25717.12 25619.52 25521.95 25424.4 25326.86 25229.35 25131.85 25034.38 24936.92 24839.48 24742.07 24644.68 24547.3 24449.95 24352.62 24255.31 24158.02 24060.76 23963.51 23866.29 23769.1 23671.92 23574.78 23477.65
-9999 -9999 -9999 -9999 -9999 -9999 -9999 -9999 -9999 -9999 -9999 -9999 -9999 -9999 -9999 -9999 -9999 -9999 28240.75 28142.67 28044.61 27946.56 27848.52 27750.5 27652.49 27554.49 27456.51 27358.54 27260.59 27162.66 27064.74 26966.83 26868.94 26771.07 26673.21 26575.37 26477.54 26379.73 26281.93 26184.16 26086.39 25988.65 25890.93 25793.22 25695.53 25597.85 25500.2 25402.56 25304.94 25207.34 25109.76 25012.2 24914.65 24817.13 24719.63 24622.14 24524.68 24427.24 24329.82 24232.42 24135.04 24037.68 23940.34 23843.03 23745.74 23648.47 23551.22 23454
-9999 -9999 -9999 -9999 -9999 -9999 -9999 -9999 -9999 -9999 -9999 -9999 -9999 -9999 -9999 -9999 -9999 -9999 28221.45 28123.3 28025.17 27927.05 27828.94 27730.85 27632.77 27534.71 27436.65 27338.62 27240.59 27142.59 27044.59 26946.61 26848.65 26750.7 26652.77 26554.85 26456.95 26359.06 26261.19 26163.33 26065.49 25967.67 25869.87 25772.08 25674.31 25576.55 25478.81 25381.1 25283.39 25185.71 25088.04 24990.4 24892.77 24795.16 24697.57 24600 24502.45 24404.92 24307.41 24209.92 24112.45 24015 23917.57 23820.16 23722.77 23625.41 23528.07 23430.75
-9999 -9999 -9999 -9999 -9999 -9999 -9999 -9999 -9999 -9999 -9999 -9999 -9999 -9999 -9999 -9999 -9999 -9999 28202.48 28104.27 28006.07 27907.88 27809.71 27711.55 27613.4 27515.27 27417.15 27319.04 27220.95 27122.87 27024.8 26926.75 26828.72 26730.69 26632.69 26534.69 26436.72 26338.75 26240.81 26142.88 26044.96 25947.06 25849.18 25751.31 25653.46 25555.63 25457.81 25360.01 25262.22 25164.46 25066.71 24968.98 24871.27 24773.57 24675.9 24578.24 24480.61 24382.99 24285.39 24187.81 24090.25 23992.71 23895.19 23797.69 23700.21 23602.75 23505.32 23407.9
-9999 -9999 -9999 -9999 -9999 -9999 -9999 -9999 -9999 -9999 -9999 -9999 -9999 -9999 -9999 -9999 -9999 28282.15 28183.86 28085.58 27987.32 27889.07 27790.83 27692.6 27594.38 27496.18 27397.99 27299.82 27201.65 27103.51 27005.37 26907.25 26809.14 26711.05 26612.97 26514.9 26416.85 26318.81 26220.79 26122.79 26024.79 25926.82 25828.86 25730.92 25632.99 25535.07 25437.18 25339.3 25241.43 25143.59 25045.76 24947.95 24850.15 24752.37 24654.61 24556.87 24459.15 24361.45 24263.76 24166.09 24068.44 23970.82 23873.21 23775.62 23678.05 23580.5 23482.97 23385.46
-9999 -9999 -9999 -9999 -9999 -9999 -9999 -9999 -9999 -9999 -9999 -9999 -9999 -9999 -9999 -9999 -9999 28263.94 28165.58 28067.24 27968.91 27870.59 27772.29 27673.99 27575.71 27477.45 27379.19 27280.95 27182.71 27084.5 26986.29 26888.1 26789.92 26691.76 26593.61 26495.47 26397.35 26299.24 26201.14 26103.06 26005 25906.95 25808.91 25710.89 25612.89 25514.9 25416.92 25318.96 25221.02 25123.1 25025.19 24927.29 24829.42 24731.56 24633.72 24535.89 24438.09 24340.29 24242.53 24144.77 24047.04 23949.32 23851.63 23753.95 23656.29 23558.65 23461.03 23363.43
-9999 -9999 -9999 -9999 -9999 -9999 -9999 -9999 -9999 -9999 -9999 -9999 -9999 -9999 -9999 -9999 28344.49 28246.06 28147.65 28049.24 27950.85 27852.47 27754.1 27655.74 27557.39 27459.06 27360.74 27262.43 27164.13 27065.85 26967.57 26869.31 26771.07 26672.83 26574.61 26476.4 26378.21 26280.03 26181.86 26083.71 25985.57 25887.45 25789.34 25691.24 25593.16 25495.1 25397.05 25299.01 25200.99 25102.99 25005 24907.03 24809.07 24711.13 24613.21 24515.3 24417.41 24319.54 24221.68 24123.85 24026.03 23928.23 23830.44 23732.68 23634.93 23537.21 23439.5 23341.81
-9999 -9999 -9999 -9999 -9999 -9999 -9999 -9999 -9999 -9999 -9999 -9999 -9999 -9999 -9999 -9999 28327.02 28228.53 28130.05 28031.59 27933.13 27834.69 27736.26 27637.84 27539.43 27441.03 27342.64 27244.27 27145.9 27047.55 26949.21 26850.88 26752.57 26654.27 26555.98 26457.7 26359.44 26261.19 26162.95 26064.73 25966.52 25868.32 25770.14 25671.97 25573.81 25475.67 25377.55 25279.44 25181.34 25083.26 24985.2 24887.14 24789.11 24691.09 24593.09 24495.1 24397.13 24299.18 24201.24 24103.32 24005.42 23907.53 23809.66 23711.81 23613.98 23516.16 23418.37 23320.59
-9999 -9999 -9999 -9999 -9999 -9999 -9999 -9999 -9999 -9999 -9999 -9999 -9999 -9999 -9999 -9999 -9999 28211.35 28112.81 28014.28 27915.77 27817.26 27718.77 27620.28 27521.81 27423.35 27324.9 27226.46 27128.03 27029.61 26931.21 26832.82 26734.44 26636.07 26537.71 26439.37 26341.03 26242.71 26144.41 26046.11 25947.83 25849.56 25751.31 25653.07 25554.84 25456.63 25358.43 25260.25 25162.07 25063.92 24965.78 24867.65 24769.54 24671.44 24573.36 24475.29 24377.24 24279.21 24181.19 24083.19 23985.2 23887.23 23789.28 23691.35 23593.43 23495.53 23397.65 23299.79
