InputData/dist_13.txt
ncols         100
nrows         161
xllcorner     532010.43400391
yllcorner     8192889.1159634
cellsize      100
NODATA_value  -9999
[rows 120 to 149 of 161, columns 0 to 65 of 100]
-9999 -9999 18945.18 18847.02 18748.87 18650.74 18552.63 18454.54 18356.47 18258.42 18160.4 18062.39 17964.41 17866.45 17768.51 17670.6 17572.71 17474.84 17377 17279.18 17181.38 17083.62 16985.88 16888.16 16790.47 16692.81 16595.18 16497.58 16400 16302.45 16204.94 16107.45 16010 15912.57 15815.18 15717.82 15620.5 15523.21 15425.95 15328.73 15231.55 15134.4 15037.29 14940.21 14843.18 14746.19 14649.23 14552.32 14455.45 14358.62 14261.84 14165.1 14068.4 13971.76 13875.16 13778.61 13682.11 13585.65 13489.25 13392.91 13296.62 13200.38 13104.2 13008.07 12912.01 12816.01
-9999 -9999 18964.44 18866.37 18768.32 18670.3 18572.29 18474.31 18376.34 18278.4 18180.48 18082.59 17984.71 17886.87 17789.04 17691.24 17593.46 17495.71 17397.99 17300.29 17202.62 17104.97 17007.35 16909.76 16812.2 16714.66 16617.16 16519.69 16422.24 16324.83 16227.45 16130.1 16032.78 15935.5 15838.25 15741.03 15643.85 15546.7 15449.6 15352.52 15255.49 15158.5 15061.54 14964.63 14867.75 14770.92 14674.13 14577.38 14480.68 14384.02 14287.41 14190.84 14094.33 13997.86 13901.44 13805.07 13708.76 13612.49 13516.29 13420.13 13324.04 13228 13132.02 13036.1 12940.25 12844.45
-9999 -9999 18984.2 18886.24 18788.29 18690.37 18592.47 18494.59 18396.74 18298.91 18201.1 18103.31 18005.55 17907.82 17810.11 17712.43 17614.77 17517.13 17419.53 17321.95 17224.4 17126.88 17029.39 16931.92 16834.49 16737.08 16639.71 16542.37 16445.06 16347.78 16250.54 16153.33 16056.15 15959.01 15861.9 15764.83 15667.8 15570.81 15473.85 15376.93 15280.05 15183.21 15086.42 14989.66 14892.95 14796.28 14699.66 14603.08 14506.55 14410.07 14313.63 14217.24 14120.91 14024.62 13928.39 13832.21 13736.08 13640.01 13544 13448.05 13352.15 13256.32 13160.55 13064.84 12969.19 12873.62
-9999 -9999 19004.47 18906.61 18808.78 18710.96 18613.17 18515.4 18417.65 18319.93 18222.24 18124.57 18026.92 17929.3 17831.71 17734.15 17636.61 17539.1 17441.62 17344.16 17246.74 17149.34 17051.98 16954.64 16857.34 16760.07 16662.83 16565.63 16468.46 16371.32 16274.21 16177.14 16080.11 15983.12 15886.16 15789.24 15692.35 15595.51 15498.71 15401.95 15305.23 15208.55 15111.92 15015.33 14918.78 14822.28 14725.83 14629.42 14533.07 14436.76 14340.5 14244.3 14148.14 14052.05 13956 13860.01 13764.08 13668.21 13572.4 13476.65 13380.96 13285.33 13189.77 13094.27 12998.85 12903.49
-9999 -9999 19025.25 18927.49 18829.76 18732.06 18634.38 18536.72 18439.09 18341.48 18243.9 18146.35 18048.82 17951.32 17853.85 17756.41 17658.99 17561.61 17464.25 17366.92 17269.63 17172.36 17075.13 16977.93 16880.76 16783.62 16686.52 16589.46 16492.42 16395.43 16298.47 16201.54 16104.66 16007.81 15911 15814.23 15717.51 15620.82 15524.17 15427.57 15331.01 15234.5 15138.03 15041.61 14945.23 14848.91 14752.63 14656.4 14560.22 14464.09 14368.02 14272 14176.04 14080.13 13984.28 13888.48 13792.75 13697.08 13601.47 13505.92 13410.44 13315.03 13219.68 13124.4 13029.2 12934.06
-9999 -9999 -9999 18948.88 18851.26 18753.67 18656.1 18558.56 18461.04 18363.55 18266.09 18168.65 18071.25 17973.87 17876.52 17779.2 17681.91 17584.65 17487.42 17390.23 17293.06 17195.93 17098.83 17001.76 16904.73 16807.74 16710.78 16613.85 16516.96 16420.11 16323.3 16226.52 16129.79 16033.09 15936.44 15839.82 15743.25 15646.72 15550.24 15453.8 15357.41 15261.06 15164.76 15068.51 14972.31 14876.16 14780.05 14684 14588.01 14492.07 14396.18 14300.35 14204.58 14108.86 14013.21 13917.61 13822.08 13726.62 13631.21 13535.88 13440.61 13345.41 13250.28 13155.23 13060.25 12965.34
-9999 -9999 -9999 18970.77 18873.26 18775.78 18678.33 18580.9 18483.51 18386.14 18288.79 18191.48 18094.2 17996.94 17899.72 17802.53 17705.37 17608.24 17511.14 17414.07 17317.04 17220.05 17123.08 17026.16 16929.26 16832.41 16735.59 16638.81 16542.07 16445.36 16348.7 16252.08 16155.49 16058.95 15962.46 15866 15769.59 15673.23 15576.91 15480.63 15384.41 15288.23 15192.1 15096.03 15000 14904.03 14808.11 14712.24 14616.43 14520.67 14424.98 14329.34 14233.76 14138.25 14042.79 13947.4 13852.08 13756.82 13661.63 13566.5 13471.45 13376.47 13281.57 13186.74 13091.98 12997.31
-9999 -9999 -9999 18993.16 18895.77 18798.4 18701.07 18603.76 18506.48 18409.24 18312.02 18214.83 18117.67 18020.54 17923.45 17826.38 17729.35 17632.36 17535.39 17438.46 17341.57 17244.71 17147.89 17051.1 16954.35 16857.64 16760.97 16664.33 16567.74 16471.19 16374.68 16278.21 16181.78 16085.4 15989.06 15892.77 15796.52 15700.32 15604.17 15508.06 15412.01 15316 15220.05 15124.15 15028.31 14932.51 14836.78 14741.1 14645.48 14549.91 14454.41 14358.97 14263.59 14168.27 14073.02 13977.84 13882.72 13787.68 13692.7 13597.79 13502.96 13408.21 13313.53 13218.93 13124.4 13029.97
-9999 -9999 -9999 19016.04 18918.77 18821.53 18724.32 18627.13 18529.98 18432.85 18335.76 18238.7 18141.66 18044.67 17947.7 17850.77 17753.87 17657.01 17560.18 17463.39 17366.63 17269.92 17173.23 17076.59 16979.99 16883.42 16786.9 16690.42 16593.97 16497.58 16401.22 16304.91 16208.64 16112.42 16016.24 15920.11 15824.03 15728 15632.02 15536.09 15440.21 15344.38 15248.61 15152.89 15057.22 14961.62 14866.07 14770.58 14675.15 14579.78 14484.47 14389.23 14294.05 14198.94 14103.9 14008.93 13914.02 13819.19 13724.43 13629.75 13535.14 13440.61 13346.16 13251.79 13157.51 13063.31
-9999 -9999 -9999 19039.43 18942.28 18845.16 18748.07 18651.01 18553.97 18456.98 18360.01 18263.08 18166.18 18069.31 17972.48 17875.68 17778.92 17682.2 17585.51 17488.85 17392.24 17295.66 17199.13 17102.63 17006.18 16909.76 -9999 -9999 16620.77 16524.53 16428.33 16332.18 16236.07 16140.01 16044 15948.04 15852.13 15756.27 15660.46 15564.7 15469 15373.35 15277.76 15182.23 15086.75 14991.33 14895.97 14800.68 14705.44 14610.27 14515.16 14420.13 14325.15 14230.25 14135.42 14040.66 13945.97 13851.35 13756.82 13662.36 13567.98 13473.68 13379.46 13285.33 13191.29 13097.33
-9999 -9999 -9999 -9999 18966.29 18869.29 18772.32 18675.38 18578.48 18481.61 18384.78 18287.97 18191.21 18094.47 17997.78 17901.12 17804.49 17707.91 17611.36 17514.85 17418.38 17321.95 17225.56 -9999 -9999 -9999 -9999 -9999 -9999 16552.04 16456 16360.01 16264.07 16168.18 16072.34 15976.54 15880.81 15785.12 15689.49 15593.91 15498.39 15402.92 15307.51 15212.17 15116.88 15021.65 14926.49 14831.39 14736.35 14641.38 14546.48 14451.64 14356.88 14262.19 14167.57 14073.02 13978.55 13884.16 13789.85 13695.62 13601.47 13507.41 13413.43 13319.53 13225.73 13132.02
-9999 -9999 -9999 19087.69 18990.79 18893.91 18797.07 18700.27 18603.49 18506.76 18410.05 18313.38 18216.75 18120.15 18023.6 17927.07 17830.59 17734.15 17637.74 17541.38 -9999 -9999 -9999 -9999 -9999 -9999 -9999 -9999 -9999 -9999 -9999 16388.41 16292.64 16196.91 16101.24 16005.62 15910.06 15814.55 15719.1 15623.7 15528.36 15433.08 15337.86 15242.7 15147.61 15052.57 14957.61 14862.71 14767.87 14673.1 14578.41 14483.78 14389.23 14294.75 14200.35 14106.03 14011.78 13917.61 13823.53 13729.53 13635.62 13541.79 13448.05 13354.4 13260.84 13167.38
-9999 -9999 19209.37 19112.56 19015.78 18919.04 18822.33 18725.65 18629.01 18532.4 18435.83 18339.3 18242.81 18146.35 18049.93 17953.55 17857.21 -9999 -9999 -9999 -9999 -9999 -9999 -9999 -9999 -9999 -9999 -9999 -9999 -9999 -9999 -9999 16321.76 16226.21 16130.72 16035.27 15939.89 15844.56 15749.29 15654.07 15558.92 15463.83 15368.8 15273.83 15178.93 15084.1 14989.33 14894.63 14800 14705.44 14610.96 14516.54 14422.21 14327.94 14233.76 14139.66 14045.64 13951.7 13857.85 13764.08 13670.41 13576.82 13483.32 13389.92 13296.62 13203.41
-9999 19331.32 19234.6 19137.92 19041.27 18944.66 18848.08 18751.53 18655.03 18558.56 18462.12 18365.73 18269.37 -9999 -9999 -9999 -9999 -9999 -9999 -9999 -9999 -9999 -9999 -9999 -9999 -9999 -9999 -9999 -9999 -9999 -9999 -9999 -9999 16256.08 16160.75 16065.49 15970.29 15875.14 15780.05 15685.02 15590.06 15495.16 15400.32 15305.55 15210.85 15116.22 15021.65 14927.16 14832.73 14738.39 14644.11 14549.91 14455.79 14361.75 14267.8 14173.92 14080.13 13986.42 13892.8 13799.28 13705.84 13612.49 13519.25 13426.09 13333.04 13240.09
-9999 19356.91 19260.32 19163.77 19067.25 18970.77 18874.32 18777.91 18681.54 18585.21 -9999 -9999 -9999 -9999 -9999 -9999 -9999 -9999 -9999 -9999 -9999 -9999 -9999 -9999 -9999 -9999 -9999 -9999 -9999 -9999 -9999 -9999 -9999 -9999 16191.36 16096.27 16001.25 15906.29 15811.39 15716.55 15621.78 15527.07 15432.43 15337.86 15243.36 15148.93 15054.57 14960.28 14866.07 14771.93 14677.87 14583.9 14490 14396.18 14302.45 14208.8 14115.24 14021.77 13928.39 13835.1 13741.91 13648.81 13555.81 13462.91 13366.38 13269.89
19479.48 19382.98 19286.52 19190.1 19093.72 18997.37 18901.06 -9999 -9999 -9999 -9999 -9999 -9999 -9999 -9999 -9999 -9999 -9999 -9999 -9999 -9999 -9999 -9999 -9999 -9999 -9999 -9999 -9999 -9999 -9999 -9999 -9999 -9999 -9999 -9999 -9999 16032.78 15938 15843.29 15748.65 15654.07 15559.56 15465.12 15370.75 15276.45 15182.23 15088.08 14994 14900 14806.08 14712.24 14618.48 14524.81 14431.22 14337.71 14244.3 14150.97 14057.74 13964.6 13871.55 13778.61 13682.11 13585.65 13489.25 13392.91 13296.62
19505.9 19409.53 19313.21 19216.92 -9999 -9999 -9999 -9999 -9999 -9999 -9999 -9999 -9999 -9999 -9999 -9999 -9999 -9999 -9999 -9999 -9999 -9999 -9999 -9999 -9999 -9999 -9999 -9999 -9999 -9999 -9999 -9999 -9999 -9999 -9999 -9999 -9999 15970.29 15875.77 15781.32 15686.94 15592.63 15498.39 15404.22 15310.13 15216.11 15122.17 15028.31 14934.52 14840.82 14747.2 14653.67 14560.22 14466.86 14373.59 14280.41 14187.32 14094.33 13997.86 13901.44 13805.07 13708.76 13612.49 13516.29 13420.13 13324.04
19532.79 -9999 -9999 -9999 -9999 -9999 -9999 -9999 -9999 -9999 -9999 -9999 -9999 -9999 -9999 -9999 -9999 -9999 -9999 -9999 -9999 -9999 -9999 -9999 -9999 -9999 -9999 -9999 -9999 -9999 -9999 -9999 -9999 -9999 -9999 -9999 -9999 -9999 15908.8 15814.55 15720.37 15626.26 15532.22 15438.26 15344.38 15250.57 15156.85 15063.2 14969.64 14876.16 14782.76 14689.45 14596.23 14503.1 14410.07 14313.63 14217.24 14120.91 14024.62 13928.39 13832.21 13736.08 13640.01 13544 13448.05 13352.15
-9999 -9999 -9999 -9999 -9999 -9999 -9999 -9999 -9999 -9999 -9999 -9999 -9999 -9999 -9999 -9999 -9999 -9999 -9999 -9999 -9999 -9999 -9999 -9999 -9999 -9999 -9999 -9999 -9999 -9999 -9999 -9999 -9999 -9999 -9999 -9999 -9999 -9999 -9999 -9999 15754.36 15660.46 15566.63 15472.88 15379.21 15285.61 15192.1 15098.68 15005.33 14912.08 14818.91 14725.83 14629.42 14533.07 14436.76 14340.5 14244.3 14148.14 14052.05 13956 13860.01 13764.08 13668.21 13572.4 13476.65 13380.96
-9999 -9999 -9999 -9999 -9999 -9999 -9999 -9999 -9999 -9999 -9999 -9999 -9999 -9999 -9999 -9999 -9999 -9999 -9999 -9999 -9999 -9999 -9999 -9999 -9999 -9999 -9999 -9999 -9999 -9999 -9999 -9999 -9999 -9999 -9999 -9999 -9999 -9999 -9999 -9999 -9999 15695.22 15601.6 15508.06 15414.6 15321.23 15227.93 15134.73 15041.61 14945.23 14848.91 14752.63 14656.4 14560.22 14464.09 14368.02 14272 14176.04 14080.13 13984.28 13888.48 13792.75 13697.08 13601.47 13505.92 13410.44
-9999 -9999 -9999 -9999 -9999 -9999 -9999 -9999 -9999 -9999 -9999 -9999 -9999 -9999 -9999 -9999 -9999 -9999 -9999 -9999 -9999 -9999 -9999 -9999 -9999 -9999 -9999 -9999 -9999 -9999 -9999 -9999 -9999 -9999 -9999 -9999 -9999 -9999 -9999 -9999 -9999 -9999 15637.14 15543.81 15450.57 15357.41 15261.06 15164.76 15068.51 14972.31 14876.16 14780.05 14684 14588.01 14492.07 14396.18 14300.35 14204.58 14108.86 14013.21 13917.61 13822.08 13726.62 13631.21 13535.88 13440.61
-9999 -9999 -9999 -9999 -9999 -9999 -9999 -9999 -9999 -9999 -9999 -9999 -9999 -9999 -9999 -9999 -9999 -9999 -9999 -9999 -9999 -9999 -9999 -9999 -9999 -9999 -9999 -9999 -9999 -9999 -9999 -9999 -9999 -9999 -9999 -9999 -9999 -9999 -9999 -9999 -9999 -9999 -9999 15576.91 15480.63 15384.41 15288.23 15192.1 15096.03 15000 14904.03 14808.11 14712.24 14616.43 14520.67 14424.98 14329.34 14233.76 14138.25 14042.79 13947.4 13852.08 13756.82 13661.63 13566.5 13471.45
-9999 -9999 -9999 -9999 -9999 -9999 -9999 -9999 -9999 -9999 -9999 -9999 -9999 -9999 -9999 -9999 -9999 -9999 -9999 -9999 -9999 -9999 -9999 -9999 -9999 -9999 -9999 -9999 -9999 -9999 -9999 -9999 -9999 -9999 -9999 -9999 -9999 -9999 -9999 -9999 -9999 -9999 -9999 -9999 -9999 15412.01 15316 15220.05 15124.15 15028.31 14932.51 14836.78 14741.1 14645.48 14549.91 14454.41 14358.97 14263.59 14168.27 14073.02 13977.84 13882.72 13787.68 13692.7 13597.79 13502.96
-9999 -9999 -9999 -9999 -9999 -9999 -9999 -9999 -9999 -9999 -9999 -9999 -9999 -9999 -9999 -9999 -9999 -9999 -9999 -9999 -9999 -9999 -9999 -9999 -9999 -9999 -9999 -9999 -9999 -9999 -9999 -9999 -9999 -9999 -9999 -9999 -9999 -9999 -9999 -9999 -9999 -9999 -9999 -9999 -9999 -9999 15344.38 15248.61 15152.89 15057.22 14961.62 14866.07 14770.58 14675.15 14579.78 14484.47 14389.23 14294.05 14198.94 14103.9 14008.93 13914.02 13819.19 13724.43 13629.75 13535.14
-9999 -9999 -9999 -9999 -9999 -9999 -9999 -9999 -9999 -9999 -9999 -9999 -9999 -9999 -9999 -9999 -9999 -9999 -9999 -9999 -9999 -9999 -9999 -9999 -9999 -9999 -9999 -9999 -9999 -9999 -9999 -9999 -9999 -9999 -9999 -9999 -9999 -9999 -9999 -9999 -9999 -9999 -9999 -9999 -9999 -9999 -9999 15277.76 15182.23 15086.75 14991.33 14895.97 14800.68 14705.44 14610.27 14515.16 14420.13 14325.15 14230.25 14135.42 14040.66 13945.97 13851.35 13756.82 13661.63 13566.5
-9999 -9999 -9999 -9999 -9999 -9999 -9999 -9999 -9999 -9999 -9999 -9999 -9999 -9999 -9999 -9999 -9999 -9999 -9999 -9999 -9999 -9999 -9999 -9999 -9999 -9999 -9999 -9999 -9999 -9999 -9999 -9999 -9999 -9999 -9999 -9999 -9999 -9999 -9999 -9999 -9999 -9999 -9999 -9999 -9999 -9999 -9999 -9999 -9999 15116.88 15021.65 14926.49 14831.39 14736.35 14641.38 14546.48 14451.64 14356.88 14262.19 14167.57 14073.02 13977.84 13882.72 13787.68 13692.7 13597.79
-9999 -9999 -9999 -9999 -9999 -9999 -9999 -9999 -9999 -9999 -9999 -9999 -9999 -9999 -9999 -9999 -9999 -9999 -9999 -9999 -9999 -9999 -9999 -9999 -9999 -9999 -9999 -9999 -9999 -9999 -9999 -9999 -9999 -9999 -9999 -9999 -9999 -9999 -9999 -9999 -9999 -9999 -9999 -9999 -9999 -9999 -9999 -9999 -9999 -9999 15052.57 14957.61 14862.71 14767.87 14673.1 14578.41 14483.78 14389.23 14294.05 14198.94 14103.9 14008.93 13914.02 13819.19 13724.43 13629.75
-9999 -9999 -9999 -9999 -9999 -9999 -9999 -9999 -9999 -9999 -9999 -9999 -9999 -9999 -9999 -9999 -9999 -9999 -9999 -9999 -9999 -9999 -9999 -9999 -9999 -9999 -9999 -9999 -9999 -9999 -9999 -9999 -9999 -9999 -9999 -9999 -9999 -9999 -9999 -9999 -9999 -9999 -9999 -9999 -9999 -9999 -9999 -9999 -9999 -9999 -9999 14989.33 14894.63 14800 14705.44 14610.27 14515.16 14420.13 14325.15 14230.25 14135.42 14040.66 13945.97 13851.35 13756.82 13662.36
-9999 -9999 -9999 -9999 -9999 -9999 -9999 -9999 -9999 -9999 -9999 -9999 -9999 -9999 -9999 -9999 -9999 -9999 -9999 -9999 -9999 -9999 -9999 -9999 -9999 -9999 -9999 -9999 -9999 -9999 -9999 -9999 -9999 -9999 -9999 -9999 -9999 -9999 -9999 -9999 -9999 -9999 -9999 -9999 -9999 -9999 -9999 -9999 -9999 -9999 -9999 -9999 -9999 14831.39 14736.35 14641.38 14546.48 14451.64 14356.88 14262.19 14167.57 14073.02 13978.55 13884.16 13789.85 13695.62
-9999 -9999 -9999 -9999 -9999 -9999 -9999 -9999 -9999 -9999 -9999 -9999 -9999 -9999 -9999 -9999 -9999 -9999 -9999 -9999 -9999 -9999 -9999 -9999 -9999 -9999 -9999 -9999 -9999 -9999 -9999 -9999 -9999 -9999 -9999 -9999 -9999 -9999 -9999 -9999 -9999 -9999 -9999 -9999 -9999 -9999 -9999 -9999 -9999 -9999 -9999 -9999 -9999 -9999 14767.87 14673.1 14578.41 14483.78 14389.23 14294.75 14200.35 14106.03 14011.78 13917.61 13823.53 13729.53
