InputData/dist_7.txt
ncols         213
nrows         268
xllcorner     539567.82534275
yllcorner     8201791.1215116
cellsize      100
NODATA_value  -9999
[rows 60 to 89 of 268, columns 68 to 135 of 213]
12500.4 12400.4 12300.41 12200.41 12100.41 12000.42 11900.42 11800.42 11700.43 11600.43 11500.43 11400.44 11300.44 11200.45 11100.45 11000.45 10900.46 10800.46 10700.47 10600.47 10500.48 10400.48 10300.49 10200.49 10100.5 10000.5 9900.505 9800.51 9700.516 9600.521 9500.526 9400.532 9300.538 9200.544 9100.55 9000.556 8900.562 8800.568 8700.574 8600.581 8500.588 8400.596 -9999 -9999 -9999 -9999 -9999 -9999 -9999 -9999 -9999 -9999 -9999 -9999 -9999 -9999 -9999 -9999 -9999 -9999 -9999 -9999 -9999 -9999 -9999 -9999 -9999 -9999
12500 12400 12300 12200 12100 12000 11900 11800 11700 11600 11500 11400 11300 11200 11100 11000 10900 10800 10700 10600 10500 10400 10300 10200 10100 10000 9900 9800 9700 9600 9500 9400 9300 9200 9100 9000 8900 8800 8700 8600 8500 8400 -9999 -9999 -9999 -9999 -9999 -9999 -9999 -9999 -9999 -9999 -9999 -9999 -9999 -9999 -9999 -9999 -9999 -9999 -9999 -9999 -9999 -9999 -9999 -9999 -9999 -9999
12500 12400 12300 12200 12100 12000 11900 11800 11700 11600 11500 11400 11300 11200 11100 11000 10900 10800 10700 10600 10500 10400 10300 10200 10100 10000 9900 9800 9700 9600 9500 9400 9300 9200 9100 9000 8900 8800 8700 8600 8500 8400 8300 -9999 -9999 -9999 -9999 -9999 -9999 -9999 -9999 -9999 -9999 -9999 -9999 -9999 -9999 -9999 -9999 -9999 -9999 -9999 -9999 -9999 -9999 -9999 -9999 -9999
12500 12400 12300 12200 12100 12000 11900 11800 11700 11600 11500 11400 11300 11200 11100 11000 10900 10800 10700 10600 10500 10400 10300 10200 10100 10000 9900 9800 9700 9600 9500 9400 9300 9200 9100 9000 8900 8800 8700 8600 8500 8400 8300 -9999 -9999 -9999 -9999 -9999 -9999 -9999 -9999 -9999 -9999 -9999 -9999 -9999 -9999 -9999 -9999 -9999 -9999 -9999 -9999 -9999 -9999 -9999 -9999 -9999
12500 12400 12300 12200 12100 12000 11900 11800 11700 11600 11500 11400 11300 11200 11100 11000 10900 10800 10700 10600 10500 10400 10300 10200 10100 10000 9900 9800 9700 9600 9500 9400 9300 9200 9100 9000 8900 8800 8700 8600 8500 8400 8300 8200 -9999 -9999 -9999 -9999 -9999 -9999 -9999 -9999 -9999 -9999 -9999 -9999 -9999 -9999 -9999 -9999 -9999 -9999 -9999 -9999 -9999 -9999 -9999 -9999
12500 12400 12300 12200 12100 12000 11900 11800 11700 11600 11500 11400 11300 11200 11100 11000 10900 10800 10700 10600 10500 10400 10300 10200 10100 10000 9900 9800 9700 9600 9500 9400 9300 9200 9100 9000 8900 8800 8700 8600 8500 8400 8300 8200 -9999 -9999 -9999 -9999 -9999 -9999 -9999 -9999 -9999 -9999 -9999 -9999 -9999 -9999 -9999 -9999 -9999 -9999 -9999 -9999 -9999 -9999 -9999 -9999
12500 12400 12300 12200 12100 12000 11900 11800 11700 11600 11500 11400 11300 11200 11100 11000 10900 10800 10700 10600 10500 10400 10300 10200 10100 10000 9900 9800 9700 9600 9500 9400 9300 9200 9100 9000 8900 8800 8700 8600 8500 8400 8300 8200 8100 -9999 -9999 -9999 -9999 -9999 -9999 -9999 -9999 -9999 -9999 -9999 -9999 -9999 -9999 -9999 -9999 -9999 -9999 -9999 -9999 -9999 -9999 -9999
12500 12400 12300 12200 12100 12000 11900 11800 11700 11600 11500 11400 11300 11200 11100 11000 10900 10800 10700 10600 10500 10400 10300 10200 10100 10000 9900 9800 9700 9600 9500 9400 9300 9200 9100 9000 8900 8800 8700 8600 8500 8400 8300 8200 8100 8000 -9999 -9999 -9999 -9999 -9999 -9999 -9999 -9999 -9999 -9999 -9999 -9999 -9999 -9999 -9999 -9999 -9999 -9999 -9999 -9999 -9999 -9999
12500.4 12400.4 12300.41 12200.41 12100.41 12000.42 11900.42 11800.42 11700.43 11600.43 11500.43 11400.44 11300.44 11200.45 11100.45 11000.45 10900.46 10800.46 10700.47 10600.47 10500.48 10400.48 10300.49 10200.49 10100.5 10000.5 9900.505 9800.51 9700.516 9600.521 9500.526 9400.532 9300.538 9200.544 9100.55 9000.556 8900.562 8800.568 8700.574 8600.581 8500.588 8400.596 8300.603 8200.609 8100.617 8000.625 -9999 -9999 -9999 -9999 -9999 -9999 -9999 -9999 -9999 -9999 -9999 -9999 -9999 -9999 -9999 -9999 -9999 -9999 -9999 -9999 -9999 -9999
12501.6 12401.61 12301.63 12201.64 12101.65 12001.67 11901.68 11801.69 11701.71 11601.72 11501.74 11401.75 11301.77 11201.79 11101.8 11001.82 10901.83 10801.85 10701.87 10601.89 10501.9 10401.92 10301.94 10201.96 10101.98 10002 9902.02 9802.041 9702.062 9602.083 9502.105 9402.127 9302.15 9202.174 9102.197 9002.222 8902.247 8802.272 8702.299 8602.325 8502.353 8402.381 8302.409 8202.438 8102.469 8002.5 7902.531 -9999 -9999 -9999 -9999 -9999 -9999 -9999 -9999 -9999 -9999 -9999 -9999 -9999 -9999 -9999 -9999 -9999 -9999 -9999 -9999 -9999
12503.6 12403.63 12303.66 12203.69 12103.72 12003.75 11903.78 11803.81 11703.85 11603.88 11503.91 11403.95 11303.98 11204.02 11104.05 11004.09 10904.13 10804.17 10704.21 10604.24 10504.29 10404.33 10304.37 10204.41 10104.45 10004.5 9904.544 9804.591 9704.638 9604.687 9504.735 9404.786 9304.838 9204.89 9104.943 9004.999 8905.055 8805.112 8705.171 8605.231 8505.292 8405.355 8305.42 8205.486 8105.554 8005.623 7905.694 -9999 -9999 -9999 -9999 -9999 -9999 -9999 -9999 -9999 -9999 -9999 -9999 -9999 -9999 -9999 -9999 -9999 -9999 -9999 -9999 -9999
12506.4 12406.45 12306.5 12206.56 12106.61 12006.67 11906.72 11806.78 11706.84 11606.89 11506.95 11407.02 11307.08 11207.14 11107.21 11007.27 10907.34 10807.41 10707.47 10607.54 10507.62 10407.69 10307.76 10207.84 10107.92 10008 9908.077 9808.16 9708.244 9608.33 9508.417 9408.507 9308.599 9208.691 9108.787 9008.885 8908.984 8809.086 8709.19 8609.297 8509.406 8409.519 8309.633 8209.75 8109.871 8009.994 7910.12 7810.25 -9999 -9999 -9999 -9999 -9999 -9999 -9999 -9999 -9999 -9999 -9999 -9999 -9999 -9999 -9999 -9999 -9999 -9999 -9999 -9999
12510 12410.08 12310.16 12210.24 12110.33 12010.41 11910.5 11810.59 11710.68 11610.77 11510.86 11410.96 11311.06 11211.16 11111.26 11011.36 10911.46 10811.57 10711.68 10611.79 10511.9 10412.01 10312.13 10212.25 10112.37 10012.49 9912.618 9812.747 9712.878 9613.012 9513.148 9413.288 9313.432 9213.577 9113.726 9013.878 8914.034 8814.193 8714.356 8614.522 8514.693 8414.868 8315.047 8215.229 8115.417 8015.61 7915.807 7816.009 -9999 -9999 -9999 -9999 -9999 -9999 -9999 -9999 -9999 -9999 -9999 -9999 -9999 -9999 -9999 -9999 -9999 -9999 -9999 -9999
12514.39 12414.51 12314.63 12214.75 12114.87 12014.99 11915.12 11815.24 11715.38 11615.51 11515.64 11415.78 11315.92 11216.06 11116.2 11016.35 10916.5 10816.65 10716.81 10616.97 10517.13 10417.29 10317.46 10217.63 10117.81 10017.98 9918.165 9818.351 9718.539 9618.731 9518.929 9419.13 9319.335 9219.545 9119.759 9019.978 8920.202 8820.431 8720.665 8620.905 8521.15 8421.401 8321.658 8221.922 8122.192 8022.468 7922.752 7823.043 7723.341 -9999 -9999 -9999 -9999 -9999 -9999 -9999 -9999 -9999 -9999 -9999 -9999 -9999 -9999 -9999 -9999 -9999 -9999 -9999
12519.58 12419.74 12319.9 12220.07 12120.23 12020.4 11920.57 11820.74 11720.92 11621.1 11521.28 11421.47 11321.66 11221.85 11122.05 11022.25 10922.45 10822.66 10722.87 10623.09 10523.31 10423.53 10323.76 10223.99 10124.23 10024.47 9924.717 9824.968 9725.225 9625.487 9525.755 9426.027 9326.307 9226.592 9126.884 9027.182 8927.485 8827.797 8728.115 8628.441 8528.774 8429.116 8329.466 8229.824 8130.19 8030.566 7930.952 7831.347 7731.753 -9999 -9999 -9999 -9999 -9999 -9999 -9999 -9999 -9999 -9999 -9999 -9999 -9999 -9999 -9999 -9999 -9999 -9999 -9999
12525.57 12425.78 12325.99 12226.2 12126.42 12026.64 11926.86 11827.09 11727.32 11627.55 11527.79 11428.04 11328.28 11228.54 11128.79 11029.05 10929.32 10829.59 10729.87 10630.15 10530.43 10430.72 10331.02 10231.32 10131.63 10031.95 9932.271 9832.599 9732.934 9633.275 9533.625 9433.981 9334.345 9234.717 9135.097 9035.485 8935.883 8836.289 8736.704 8637.129 8537.564 8438.009 8338.465 8238.932 8139.41 8039.9 7940.403 7840.918 7741.447 7641.989 7542.546 -9999 -9999 -9999 -9999 -9999 -9999 -9999 -9999 -9999 -9999 -9999 -9999 -9999 -9999 -9999 -9999 -9999
12532.36 12432.62 12332.88 12233.15 12133.42 12033.7 11933.99 11834.27 11734.56 11634.86 11535.16 11435.47 11335.78 11236.1 11136.43 11036.76 10937.09 10837.44 10737.78 10638.14 10538.5 10438.87 10339.25 10239.63 10140.02 10040.42 9940.825 9841.24 9741.663 9642.095 9542.536 9442.986 9343.447 9243.917 9144.397 9044.888 8945.39 8845.903 8746.428 8646.965 8547.515 8448.077 8348.652 8249.242 8149.847 8050.466 7951.101 7851.751 7752.419 7653.104 7553.807 7454.529 7355.27 -9999 -9999 -9999 -9999 -9999 -9999 -9999 -9999 -9999 -9999 -9999 -9999 -9999 -9999 -9999
12539.94 12440.26 12340.58 12240.92 12141.25 12041.59 11941.94 11842.3 11742.66 11643.02 11543.4 11443.78 11344.16 11244.55 11144.95 11045.36 10945.78 10846.2 10746.63 10647.07 10547.51 10447.97 10348.43 10248.9 10149.38 10049.88 9950.377 9850.889 9751.41 9651.942 9552.486 9453.042 9353.609 9254.188 9154.78 9055.385 8956.004 8856.636 8757.282 8657.944 8558.621 8459.314 8360.023 8260.751 8161.495 8062.258 7963.04 7863.841 7764.664 7665.507 7566.373 7467.262 7368.175 7269.113 7170.077 -9999 -9999 -9999 -9999 -9999 -9999 -9999 -9999 -9999 -9999 -9999 -9999 -9999
12548.31 12448.69 12349.09 12249.49 12149.9 12050.31 11950.73 11851.16 11751.6 11652.04 11552.49 11452.95 11353.41 11253.89 11154.37 11054.86 10955.36 10855.87 10756.39 10656.92 10557.46 10458.01 10358.57 10259.14 10159.72 10060.32 9960.924 9861.541 9762.172 9662.815 9563.473 9464.143 9364.828 9265.527 9166.242 9066.973 8967.72 8868.483 8769.265 8670.063 8570.881 8471.718 8372.574 8273.451 8174.35 8075.271 7976.215 7877.182 7778.175 7679.193 7580.237 7481.31 7382.412 7283.543 7184.706 7085.901 6987.131 6888.396 -9999 -9999 -9999 -9999 -9999 -9999 -9999 -9999 -9999 -9999
12557.47 12457.93 12358.4 12258.87 12159.36 12059.85 11960.35 11860.86 11761.38 11661.9 11562.44 11462.98 11363.54 11264.1 11164.68 11065.26 10965.86 10866.46 10767.08 10667.71 10568.35 10469 10369.67 10270.35 10171.04 10071.74 9972.462 9873.196 9773.945 9674.709 9575.489 9476.286 9377.1 9277.931 9178.78 9079.647 8980.534 8881.441 8782.369 8683.317 8584.288 8485.281 8386.299 8287.34 8188.406 8089.5 7990.62 7891.768 7792.945 7694.154 7595.394 7496.666 7397.973 7299.315 7200 7100 7000 6900 6800 6700 -9999 -9999 -9999 -9999 -9999 -9999 -9999 -9999
12567.42 12467.96 12368.51 12269.07 12169.63 12070.21 11970.8 11871.39 11772 11672.62 11573.25 11473.88 11374.53 11275.19 11175.87 11076.55 10977.25 10877.96 10778.68 10679.42 10580.17 10480.94 10381.71 10282.51 10183.32 10084.15 9984.988 9885.849 9786.726 9687.621 9588.535 9489.468 9390.421 9291.394 9192.388 9093.404 8994.442 8895.505 8796.59 8697.701 8598.837 8500 8400 8300 8200 8100 8000 7900 7800 7700 7600 7500 7400 7300 7200 7100 7000 6900 6800 6700 6600 6500 -9999 -9999 -9999 -9999 -9999 -9999
12578.16 12478.78 12379.42 12280.07 12180.72 12081.39 11982.07 11882.76 11783.46 11684.18 11584.9 11485.64 11386.4 11287.16 11187.94 11088.73 10989.54 10890.36 10791.2 10692.05 10592.92 10493.81 10394.71 10295.63 10196.57 10097.52 9998.5 9899.495 9800 9700 9600 9500 9400 9300 9200 9100 9000 8900 8800 8700 8600 8500 8400 8300 8200 8100 8000 7900 7800 7700 7600 7500 7400 7300 7200 7100 7000 6900 6800 6700 6600 6500 6400 6300 6200 -9999 -9999 5900
12589.68 12490.4 12391.13 12291.87 12192.62 12093.39 11994.17 11894.96 11795.76 11696.58 11597.41 11498.26 11399.12 11300 11200 11100 11000 10900 10800 10700 10600 10500 10400 10300 10200 10100 10000 9900 9800 9700 9600 9500 9400 9300 9200 9100 9000 8900 8800 8700 8600 8500 8400 8300 8200 8100 8000 7900 7800 7700 7600 7500 7400 7300 7200 7100 7000 6900 6800 6700 6600 6500 6400 6300 6200 6100 6000 5900
12564.24 12480.79 12397.58 12300 12200 12100 12000 11900 11800 11700 11600 11500 11400 11300 11200 11100 11000 10900 10800 10700 10600 10500 10400 10300 10200 10100 10000 9900 9800 9700 9600 9500 9400 9300 9200 9100 9000 8900 8800 8700 8600 8500 8400 8300 8200 8100 8000 7900 7800 7700 7600 7500 7400 7300 7200 7100 7000 6900 6800 6700 6600 6500 6400 6300 6200 6100 6000 5900
12509.6 12425.78 12342.2 12258.87 12175.8 12092.97 12000 11900 11800 11700 11600 11500 11400 11300 11200 11100 11000 10900 10800 10700 10600 10500 10400 10300 10200 10100 10000 9900 9800 9700 9600 9500 9400 9300 9200 9100 9000 8900 8800 8700 8600 8500 8400 8300 8200 8100 8000 7900 7800 7700 7600 7500 7400 7300 7200 7100 7000 6900 6800 6700 6600 6500 6400 6300 6200 6100 6000 5900
12453.51 12370.93 12287.39 12203.69 12120.23 12037.03 11954.08 11871.39 11788.98 11700 11600 11500 11400 11300 11200 11100 11000 10900 10800 10700 10600 10500 10400 10300 10200 10100 10000 9900 9800 9700 9600 9500 9400 9300 9200 9100 9000 8900 8800 8700 8600 8500 8400 8300 8200 8100 8000 7900 7800 7700 7600 7500 7400 7300 7200 7100 7000 6900 6800 6700 6600 6500 6400 6300 6200 6100 6000 5900
12397.58 12314.63 12231.93 12149.07 12065.24 11981.65 11898.32 11815.24 11732.43 11649.89 11566.33 11482.6 11399.12 11300 11200 11100 11000 10900 10800 10700 10600 10500 10400 10300 10200 10100 10000 9900 9800 9700 9600 9500 9400 9300 9200 9100 9000 8900 8800 8700 8600 8500 8400 8300 8200 8100 8000 7900 7800 7700 7600 7500 7400 7300 7200 7100 7000 6900 6800 6700 6600 6500 6400 6300 6200 6100 6000 5900
12342.2 12258.87 12175.8 12092.97 12010.41 11926.86 11843.14 11759.68 11676.47 11593.53 11510.86 11428.04 11344.16 11260.55 11177.21 11094.14 11000 10900 10800 10700 10600 10500 10400 10300 10200 10100 10000 9900 9800 9700 9600 9500 9400 9300 9200 9100 9000 8900 8800 8700 8600 8500 8400 8300 8200 8100 8000 7900 7800 7700 7600 7500 7400 7300 7200 7100 7000 6900 6800 6700 6600 6500 6400 6300 6200 6100 6000 5900
12287.39 12203.69 12120.23 12037.03 11954.08 11871.39 11788.55 11704.7 11621.1 11537.76 11454.69 11371.9 11289.38 11205.8 11122.05 11038.57 10955.36 10872.44 10789.81 10700 10600 10500 10400 10300 10200 10100 10000 9900 9800 9700 9600 9500 9400 9300 9200 9100 9000 8900 8800 8700 8600 8500 8400 8300 8200 8100 8000 7900 7800 7700 7600 7500 7400 7300 7200 7100 7000 6900 6800 6700 6600 6500 6400 6300 6200 6100 6000 5900
12231.93 12149.07 12065.24 11981.65 11898.32 11815.24 11732.43 11649.89 11566.33 11482.6 11399.12 11315.92 11232.99 11150.34 11067.52 10983.62 10900 10816.65 10733.59 10650.82 10568.35 10484.75 10400 10300 10200 10100 10000 9900 9800 9700 9600 9500 9400 9300 9200 9100 9000 8900 8800 8700 8600 8500 8400 8300 8200 8100 8000 7900 7800 7700 7600 7500 7400 7300 7200 7100 7000 6900 6800 6700 6600 6500 6400 6300 6200 6100 6000 5900
