InputData/dist_10.txt
ncols         171
nrows         156
xllcorner     543593.6397747
yllcorner     8187016.3599737
cellsize      100
NODATA_value  -9999
[rows 64 to 95 of 156, columns 72 to 143 of 171]
1615.549 1523.155 1431.782 1334.166 1236.932 1140.175 1044.031 948.6833 854.4004 761.5773 670.8204 583.0952 500 400 300 200 100 0 0 100 200 300 400 500 600 700 800 900 1000 1100 1200 1300 1400 1500 1600 1700 1800 1900 2000 2100 2200 2300 2400 2500 2600 2700 2800 2900 3000 3100 3200 3300 3400 3500 3600 3700 3800 3900 4000 4100 4200 4300 4400 4500 4600 4700 4800 4900 5000 5100 5200 5300
1649.242 1552.417 1456.022 1360.147 1264.911 1170.47 1077.033 984.8858 894.4272 806.2258 707.1068 608.2762 509.9019 412.3106 316.2278 223.6068 141.4214 100 0 100 200 300 400 500 600 700 800 900 1000 1100 1200 1300 1400 1500 1600 1700 1800 1900 2000 2100 2200 2300 2400 2500 2600 2700 2800 2900 3000 3100 3200 3300 3400 3500 3600 3700 3800 3900 4000 4100 4200 4300 4400 4500 4600 4700 4800 4900 5000 5100 5200 5300
1676.305 1581.139 1486.607 1392.839 1300 1208.305 1118.034 1019.804 921.9545 824.6212 728.011 632.4555 538.5165 447.2136 360.5551 282.8427 200 100 0 100 200 300 400 500 600 700 800 900 1000 1100 1200 1300 1400 1500 1600 1700 1800 1900 2000 2100 2200 2300 2400 2500 2600 2700 2800 2900 3000 3100 3200 3300 3400 3500 3600 3700 3800 3900 4000 4100 4200 4300 4400 4500 4600 4700 4800 4900 5000 5099.02 5197.115 5295.281
1708.801 1615.549 1523.155 1431.782 1334.166 1236.932 1140.175 1044.031 948.6833 854.4004 761.5773 670.8204 583.0952 500 400 300 200 100 0 100 200 300 400 500 600 700 800 900 1000 1100 1200 1300 1400 1500 1600 1700 1800 1900 2000 2100 2200 2300 2400 2500 2600 2700 2800 2900 3000 3100 3200 3300 3400 3500 3600 3700 3800 3900 4000 4100 4197.618 4295.346 4393.177 4491.103 4589.118 4687.217 4785.395 4883.646 4981.967 5080.354 5178.803 5277.31
1746.425 1649.242 1552.417 1456.022 1360.147 1264.911 1170.47 1077.033 984.8858 894.4272 800 700 600 500 400 300 200 100 0 100 200 300 400 500 600 700 800 900 1000 1100 1200 1300 1400 1500 1600 1700 1800 1900 2000 2100 2200 2300 2400 2500 2600 2700 2800 2900 3000 3100 3200 3298.485 3395.585 3492.85 3590.265 3687.818 3785.499 3883.298 3981.206 4079.216 4177.32 4275.512 4373.786 4472.136 4570.558 4669.047 4767.599 4866.21 4964.876 5063.596 5162.364 5261.179
1772.005 1676.305 1581.139 1486.607 1392.839 1300 1200 1100 1000 900 800 700 600 500 400 300 200 100 0 100 200 300 400 500 600 700 800 900 1000 1100 1200 1300 1400 1500 1600 1700 1800 1900 2000 2100 2200 2300 2400 2500 2596.151 2692.583 2789.265 2886.174 2983.287 3080.584 3178.05 3275.668 3373.426 3471.311 3569.314 3667.424 3765.634 3863.936 3962.323 4060.788 4159.327 4257.934 4356.604 4455.334 4554.119 4652.956 4751.842 4850.773 4949.748 5048.762 5147.815 5246.904
1800 1700 1600 1500 1400 1300 1200 1100 1000 900 800 700 600 500 400 300 200 100 0 100 200 300 400 500 600 700 800 900 1000 1100 1200 1300 1400 1500 1600 1700 1800 1897.367 1992.486 2088.061 2184.033 2280.351 2376.973 2473.863 2570.992 2668.333 2765.863 2863.564 2961.418 3059.412 3157.531 3255.764 3354.102 3452.535 3551.056 3649.657 3748.333 3847.077 3945.884 4044.75 4143.67 4242.641 4341.659 4440.721 4539.824 4638.965 4738.143 4837.354 4936.598 5035.871 5135.173 5234.501
1800 1700 1600 1500 1400 1300 1200 1100 1000 900 800 700 600 500 400 300 200 100 0 100 200 300 400 500 600 700 800 900 1000 1100 1200 1300 1392.839 1486.607 1581.139 1676.305 1772.005 1868.154 1964.688 2061.553 2158.703 2256.103 2353.72 2451.53 2549.51 2647.64 2745.906 2844.292 2942.788 3041.381 3140.064 3238.827 3337.664 3436.568 3535.534 3634.556 3733.631 3832.754 3931.921 4031.129 4130.375 4229.657 4328.972 4428.318 4527.692 4627.094 4726.521 4825.971 4925.444 5024.938 5124.451 5223.983
1800 1700 1600 1500 1400 1300 1200 1100 1000 900 800 700 600 500 400 300 200 100 0 100 200 300 400 500 600 700 800 894.4272 984.8858 1077.033 1170.47 1264.911 1360.147 1456.022 1552.417 1649.242 1746.425 1843.909 1941.649 2039.608 2137.756 2236.068 2334.523 2433.105 2531.798 2630.589 2729.469 2828.427 2927.456 3026.549 3125.7 3224.903 3324.154 3423.448 3522.783 3622.154 3721.559 3820.995 3920.459 4019.95 4119.466 4219.004 4318.564 4418.145 4517.743 4617.358 4716.991 4816.638 4916.299 5015.975 5115.662 5215.362
1800 1700 1600 1500 1400 1300 1200 1100 1000 900 800 700 600 500 400 300 200 100 0 100 200 300 400 500 583.0952 670.8204 761.5773 854.4004 948.6833 1044.031 1140.175 1236.932 1334.166 1431.782 1529.706 1627.882 1726.268 1824.829 1923.538 2022.375 2121.32 2220.36 2319.483 2418.677 2517.936 2617.25 2716.615 2816.026 2915.476 3014.963 3114.482 3214.032 3313.608 3413.21 3512.833 3612.478 3712.142 3811.824 3911.521 4011.234 4110.961 4210.701 4310.453 4410.215 4509.989 4609.772 4709.565 4809.366 4909.175 5008.992 5108.816 5208.646
1800 1700 1600 1500 1400 1300 1200 1100 1000 900 800 700 600 500 400 300 200 100 0 100 200 282.8427 360.5551 447.2136 538.5165 632.4555 728.011 824.6212 921.9545 1019.804 1118.034 1216.552 1315.295 1414.214 1513.275 1612.452 1711.724 1811.077 1910.497 2009.975 2109.502 2209.072 2308.679 2408.319 2507.987 2607.681 2707.397 2807.134 2906.888 3006.659 3106.445 3206.244 3306.055 3405.877 3505.71 3605.551 3705.401 3805.26 3905.125 4004.997 4104.875 4204.759 4304.648 4404.543 4504.442 4604.346 4704.253 4804.165 4904.08 5003.999 5103.92 5203.845
1800 1700 1600 1500 1400 1300 1200 1100 1000 900 800 700 600 500 400 300 200 100 0 100 141.4214 223.6068 316.2278 412.3106 509.9019 608.2762 707.1068 806.2258 905.5385 1004.988 1104.536 1204.159 1303.84 1403.567 1503.33 1603.122 1702.939 1802.776 1902.63 2002.498 2102.38 2202.271 2302.173 2402.083 2501.999 2601.922 2701.851 2801.785 2901.724 3001.666 3101.613 3201.562 3301.515 3401.47 3501.428 3601.389 3701.351 3801.316 3901.282 4001.25 4101.219 4201.19 4301.163 4401.136 4501.111 4601.087 4701.063 4801.042 4901.021 5001 5100.98 5200.961
1800 1700 1600 1500 1400 1300 1200 1100 1000 900 800 700 600 500 400 300 200 100 0 0 100 200 300 400 500 600 700 800 900 1000 1100 1200 1300 1400 1500 1600 1700 1800 1900 2000 2100 2200 2300 2400 2500 2600 2700 2800 2900 3000 3100 3200 3300 3400 3500 3600 3700 3800 3900 4000 4100 4200 4300 4400 4500 4600 4700 4800 4900 5000 5100 5200
1802.776 1702.939 1603.122 1503.33 1403.567 1303.84 1204.159 1104.536 1004.988 905.5385 806.2258 707.1068 608.2762 509.9019 412.3106 316.2278 223.6068 141.4214 100 0 100 200 300 400 500 600 700 800 900 1000 1100 1200 1300 1400 1500 1600 1700 1800 1900 2000 2100 2200 2300 2400 2500 2600 2700 2800 2900 3000 3100 3200 3300 3400 3500 3600 3700 3800 3900 4000 4100 4200 4300 4400 4500 4600 4700 4800 4900 5000 5100 5200
1811.077 1711.724 1612.452 1513.275 1414.214 1315.295 1216.552 1118.034 1019.804 921.9545 824.6212 728.011 632.4555 538.5165 447.2136 360.5551 282.8427 200 100 0 100 200 300 400 500 600 700 800 900 1000 1100 1200 1300 1400 1500 1600 1700 1800 1900 2000 2100 2200 2300 2400 2500 2600 2700 2800 2900 3000 3100 3200 3300 3400 3500 3600 3700 3800 3900 4000 4100 4200 4300 4400 4500 4600 4700 4800 4900 5000 5100 5200
1824.829 1726.268 1627.882 1529.706 1431.782 1334.166 1236.932 1140.175 1044.031 948.6833 854.4004 761.5773 670.8204 583.0952 500 400 300 200 100 0 100 200 300 400 500 600 700 800 900 1000 1100 1200 1300 1400 1500 1600 1700 1800 1900 2000 2100 2200 2300 2400 2500 2600 2700 2800 2900 3000 3100 3200 3300 3400 3500 3600 3700 3800 3900 4000 4100 4200 4300 4400 4500 4600 4700 4800 4900 5000 5100 5200
1838.478 1746.425 1649.242 1552.417 1456.022 1360.147 1264.911 1170.47 1077.033 984.8858 894.4272 800 700 600 500 400 300 200 100 0 100 200 300 400 500 600 700 800 900 1000 1100 1200 1300 1400 1500 1600 1700 1800 1900 2000 2100 2200 2300 2400 2500 2600 2700 2800 2900 3000 3100 3200 3300 3400 3500 3600 3700 3800 3900 4000 4100 4200 4300 4400 4500 4600 4700 4800 4900 5000 5100 5200
1802.776 1708.801 1615.549 1523.155 1431.782 1334.166 1236.932 1140.175 1044.031 948.6833 854.4004 761.5773 670.8204 583.0952 500 400 300 200 100 0 100 200 300 400 500 600 700 800 900 1000 1100 1200 1300 1400 1500 1600 1700 1800 1900 2000 2100 2200 2300 2400 2500 2600 2700 2800 2900 3000 3100 3200 3300 3400 3500 3600 3700 3800 3900 4000 4100 4200 4300 4400 4500 4600 4700 4800 4900 5000 5100 5200
1772.005 1676.305 1581.139 1486.607 1392.839 1300 1208.305 1118.034 1019.804 921.9545 824.6212 728.011 632.4555 538.5165 447.2136 360.5551 282.8427 200 100 0 100 200 300 400 500 600 700 800 900 1000 1100 1200 1300 1400 1500 1600 1700 1800 1900 2000 2100 2200 2300 2400 2500 2600 2700 2800 2900 3000 3100 3200 3300 3400 3500 3600 3700 3800 3900 4000 4100 4200 4300 4400 4500 4600 4700 4800 4900 5000 5100 5200
1746.425 1649.242 1552.417 1456.022 1360.147 1264.911 1170.47 1077.033 984.8858 894.4272 806.2258 707.1068 608.2762 509.9019 412.3106 316.2278 223.6068 141.4214 100 0 100 200 300 400 500 600 700 800 900 1000 1100 1200 1300 1400 1500 1600 1700 1800 1900 2000 2100 2200 2300 2400 2500 2600 2700 2800 2900 3000 3100 3200 3300 3400 3500 3600 3700 3800 3900 4000 4100 4200 4300 4400 4500 4600 4700 4800 4900 5000 5100 5200
1726.268 1627.882 1529.706 1431.782 1334.166 1236.932 1140.175 1044.031 948.6833 854.4004 761.5773 670.8204 583.0952 500 400 300 200 100 0 0 100 200 300 400 500 600 700 800 900 1000 1100 1200 1300 1400 1500 1600 1700 1800 1900 2000 2100 2200 2300 2400 2500 2600 2700 2800 2900 3000 3100 3200 3300 3400 3500 3600 3700 3800 3900 4000 4100 4200 4300 4400 4500 4600 4700 4800 4900 5000 5100 5200
1708.801 1612.452 1513.275 1414.214 1315.295 1216.552 1118.034 1019.804 921.9545 824.6212 728.011 632.4555 538.5165 447.2136 360.5551 282.8427 200 100 0 100 141.4214 223.6068 316.2278 412.3106 509.9019 608.2762 707.1068 806.2258 905.5385 1004.988 1104.536 1204.159 1303.84 1403.567 1503.33 1603.122 1702.939 1802.776 1902.63 2002.498 2102.38 2202.271 2302.173 2402.083 2501.999 2601.922 2701.851 2801.785 2901.724 3001.666 3101.613 3201.562 3301.515 3401.47 3501.428 3601.389 3701.351 3801.316 3901.282 4001.25 4101.219 4201.19 4301.163 4401.136 4501.111 4601.087 4701.063 4801.042 4901.021 5001 5100.98 5200.961
1676.305 1581.139 1486.607 1392.839 1300 1204.159 1104.536 1004.988 905.5385 806.2258 707.1068 608.2762 509.9019 412.3106 316.2278 223.6068 141.4214 100 0 100 200 282.8427 360.5551 447.2136 538.5165 632.4555 728.011 824.6212 921.9545 1019.804 1118.034 1216.552 1315.295 1414.214 1513.275 1612.452 1711.724 1811.077 1910.497 2009.975 2109.502 2209.072 2308.679 2408.319 2507.987 2607.681 2707.397 2807.134 2906.888 3006.659 3106.445 3206.244 3306.055 3405.877 3505.71 3605.551 3705.401 3805.26 3905.125 4004.997 4104.875 4204.759 4304.648 4404.543 4504.442 4604.346 4704.253 4804.165 4904.08 5003.999 5103.92 5203.845
1649.242 1552.417 1456.022 1360.147 1264.911 1170.47 1077.033 984.8858 894.4272 800 700 600 500 400 300 200 100 0 0 100 200 300 400 500 583.0952 670.8204 761.5773 854.4004 948.6833 1044.031 1140.175 1236.932 1334.166 1431.782 1529.706 1627.882 1726.268 1824.829 1923.538 2022.375 2121.32 2220.36 2319.483 2418.677 2517.936 2617.25 2716.615 2816.026 2915.476 3014.963 3114.482 3214.032 3313.608 3413.21 3512.833 3612.478 3712.142 3811.824 3911.521 4011.234 4110.961 4210.701 4310.453 4410.215 4509.989 4609.772 4709.565 4809.366 4909.175 5008.992 5108.816 5208.646
1615.549 1523.155 1431.782 1334.166 1236.932 1140.175 1044.031 948.6833 854.4004 761.5773 670.8204 583.0952 500 400 300 200 100 0 100 141.4214 223.6068 316.2278 412.3106 509.9019 608.2762 707.1068 806.2258 894.4272 984.8858 1077.033 1170.47 1264.911 1360.147 1456.022 1552.417 1649.242 1746.425 1843.909 1941.649 2039.608 2137.756 2236.068 2334.523 2433.105 2531.798 2630.589 2729.469 2828.427 2927.456 3026.549 3125.7 3224.903 3324.154 3423.448 3522.783 3622.154 3721.559 3820.995 3920.459 4019.95 4119.466 4219.004 4318.564 4418.145 4517.743 4617.358 4716.991 4816.638 4916.299 5015.975 5115.662 5215.362
1581.139 1486.607 1392.839 1300 1208.305 1118.034 1019.804 921.9545 824.6212 728.011 632.4555 538.5165 447.2136 360.5551 282.8427 200 100 0 100 200 282.8427 360.5551 447.2136 538.5165 632.4555 728.011 824.6212 921.9545 1019.804 1118.034 1208.305 1300 1392.839 1486.607 1581.139 1676.305 1772.005 1868.154 1964.688 2061.553 2158.703 2256.103 2353.72 2451.53 2549.51 2647.64 2745.906 2844.292 2942.788 3041.381 3140.064 3238.827 3337.664 3436.568 3535.534 3634.556 3733.631 3832.754 3931.921 4031.129 4130.375 4229.657 4328.972 4428.318 4527.692 4627.094 4726.521 4825.971 4925.444 5024.938 5124.451 5223.983
1552.417 1456.022 1360.147 1264.911 1170.47 1077.033 984.8858 894.4272 806.2258 707.1068 608.2762 509.9019 412.3106 316.2278 223.6068 141.4214 100 0 100 200 300 400 500 583.0952 670.8204 761.5773 854.4004 948.6833 1044.031 1140.175 1236.932 1334.166 1431.782 1523.155 1615.549 1708.801 1802.776 1897.367 1992.486 2088.061 2184.033 2280.351 2376.973 2473.863 2570.992 2668.333 2765.863 2863.564 2961.418 3059.412 3157.531 3255.764 3354.102 3452.535 3551.056 3649.657 3748.333 3847.077 3945.884 4044.75 4143.67 4242.641 4341.659 4440.721 4539.824 4638.965 4738.143 4837.354 4936.598 5035.871 5135.173 5234.501
1529.706 1431.782 1334.166 1236.932 1140.175 1044.031 948.6833 854.4004 761.5773 670.8204 583.0952 500 400 300 200 100 0 0 100 200 300 400 500 600 700 800 894.4272 984.8858 1077.033 1170.47 1264.911 1360.147 1456.022 1552.417 1649.242 1746.425 1838.478 1931.321 2024.846 2118.962 2213.594 2308.679 2404.163 2500 2596.151 2692.583 2789.265 2886.174 2983.287 3080.584 3178.05 3275.668 3373.426 3471.311 3569.314 3667.424 3765.634 3863.936 3962.323 4060.788 4159.327 4257.934 4356.604 4455.334 4554.119 4652.956 4751.842 4850.773 4949.748 5048.762 5147.815 5246.904
1513.275 1414.214 1315.295 1216.552 1118.034 1019.804 921.9545 824.6212 728.011 632.4555 538.5165 447.2136 360.5551 282.8427 200 100 0 100 141.4214 223.6068 316.2278 412.3106 509.9019 608.2762 707.1068 806.2258 905.5385 1004.988 1104.536 1204.159 1300 1392.839 1486.607 1581.139 1676.305 1772.005 1868.154 1964.688 2061.553 2154.066 2247.22 2340.94 2435.159 2529.822 2624.881 2720.294 2816.026 2912.044 3008.322 3104.835 3201.562 3298.485 3395.585 3492.85 3590.265 3687.818 3785.499 3883.298 3981.206 4079.216 4177.32 4275.512 4373.786 4472.136 4570.558 4669.047 4767.599 4866.21 4964.876 5063.596 5162.364 5261.179
1503.33 1403.567 1303.84 1204.159 1104.536 1004.988 905.5385 806.2258 707.1068 608.2762 509.9019 412.3106 316.2278 223.6068 141.4214 100 0 100 200 282.8427 360.5551 447.2136 538.5165 632.4555 728.011 824.6212 921.9545 1019.804 1118.034 1216.552 1315.295 1414.214 1513.275 1612.452 1708.801 1802.776 1897.367 1992.486 2088.061 2184.033 2280.351 2376.973 2469.818 2563.201 2657.066 2751.363 2846.05 2941.088 3036.445 3132.092 3228.002 3324.154 3420.526 3517.101 3613.862 3710.795 3807.886 3905.125 4002.499 4100 4197.618 4295.346 4393.177 4491.103 4589.118 4687.217 4785.395 4883.646 4981.967 5080.354 5178.803 5277.31
1500 1400 1300 1200 1100 1000 900 800 700 600 500 400 300 200 100 0 0 100 200 300 400 500 583.0952 670.8204 761.5773 854.4004 948.6833 1044.031 1140.175 1236.932 1334.166 1431.782 1529.706 1627.882 1726.268 1824.829 1923.538 2022.375 2118.962 2213.594 2308.679 2404.163 2500 2596.151 2692.583 2785.678 2879.236 2973.214 3067.572 3162.278 3257.3 3352.611 3448.188 3544.009 3640.055 3736.308 3832.754 3929.376 4026.164 4123.105 4220.189 4317.407 4414.748 4512.206 4609.772 4707.441 4805.206 4903.06 5001 5099.02 5197.115 5295.281
1500 1400 1300 1200 1100 1000 900 800 700 600 500 400 300 200 100 0 100 141.4214 223.6068 316.2278 412.3106 509.9019 608.2762 707.1068 806.2258 894.4272 984.8858 1077.033 1170.47 1264.911 1360.147 1456.022 1552.417 1649.242 1746.425 1843.909 1941.649 2039.608 2137.756 2236.068 2334.523 2433.105 2529.822 2624.881 2720.294 2816.026 2912.044 3008.322 3101.613 3195.309 3289.377 3383.785 3478.505 3573.514 3668.787 3764.306 3860.052 3956.008 4052.16 4148.494 4244.997 4341.659 4438.468 4535.416 4632.494 4729.693 4827.007 4924.429 5021.952 5119.57 5217.279 5315.073
