InputData/dist_1.txt
ncols         190
nrows         450
xllcorner     516647.11496389
yllcorner     8216953.5157388
cellsize      100
NODATA_value  -9999
[rows 377 to 405 of 450, columns 0 to 66 of 190]
-9999 40449.97 40365.46 40281.01 40196.64 40112.34 40028.11 39943.96 39859.88 39775.87 39691.94 39608.08 39524.3 39440.59 39356.96 39273.4 39189.92 39106.52 39023.2 38939.95 38856.79 38773.7 38690.7 38607.38 38524.02 38440.73 38357.53 38274.4 38191.36 38108.27 38024.86 37941.54 37858.29 37775.13 37692.04 37609.04 37525.72 37442.36 37359.07 37275.86 37192.74 37109.7 37026.61 36943.2 36859.87 36776.62 36693.46 36610.38 36527.39 36444.07 36360.69 36277.4 36194.2 36111.08 36028.04 35944.96 35861.54 35778.21 35694.96 35611.8 35528.72 35445.73 35362.41 35279.03 35195.74 35112.54 35029.42
-9999 -9999 40312.03 40227.48 40143 40058.58 39974.24 39889.97 39805.78 39721.66 39637.61 39553.63 39469.73 39385.91 39302.16 39218.49 39134.89 39051.38 38967.93 38884.57 38801.29 38718.08 38634.96 38551.91 38468.82 38385.41 38302.09 38218.84 38135.68 38052.59 37969.59 37886.28 37802.91 37719.63 37636.42 37553.3 37470.25 37387.16 37303.75 37220.43 37137.18 37054.02 36970.93 36887.94 36804.62 36721.25 36637.96 36554.75 36471.63 36388.6 36305.51 36222.09 36138.76 36055.51 35972.35 35889.27 35806.29 35722.96 35639.59 35556.29 35473.09 35389.97 35306.94 35223.86 35140.43 35057.1 34973.85
-9999 -9999 40258.79 40174.12 40089.52 40005 39920.55 39836.16 39751.86 39667.62 39583.46 39499.37 39415.35 39331.41 39247.55 39163.76 39080.05 38996.41 38912.85 38829.37 38745.97 38662.64 38579.4 38496.23 38413.15 38330.14 38246.83 38163.46 38080.18 37996.97 37913.85 37830.81 37747.71 37664.31 37580.98 37497.73 37414.57 37331.49 37248.49 37165.17 37081.8 36998.51 36915.31 36832.19 36749.15 36666.06 36582.64 36499.32 36416.07 36332.91 36249.83 36166.84 36083.52 36000.14 35916.85 35833.64 35750.52 35667.49 35584.41 35500.98 35417.65 35334.4 35251.24 35168.17 35085.18 35001.86 34918.48
-9999 -9999 -9999 40120.94 40036.23 39951.6 39867.03 39782.54 39698.11 39613.76 39529.48 39445.28 39361.15 39277.09 39193.11 39109.21 39025.38 38941.62 38857.95 38774.35 38690.82 38607.38 38524.02 38440.73 38357.53 38274.4 38191.36 38108.27 38024.86 37941.54 37858.29 37775.13 37692.04 37609.04 37525.72 37442.36 37359.07 37275.86 37192.74 37109.7 37026.61 36943.2 36859.87 36776.62 36693.46 36610.38 36527.39 36444.07 36360.69 36277.4 36194.2 36111.08 36028.04 35944.96 35861.54 35778.21 35694.96 35611.8 35528.72 35445.73 35362.41 35279.03 35195.74 35112.54 35029.42 34946.39 34863.3
-9999 -9999 -9999 -9999 -9999 39898.37 39813.69 39729.08 39644.55 39560.08 39475.69 39391.37 39307.13 39222.95 39138.86 39054.83 38970.89 38887.02 38803.22 38719.5 38635.86 38552.3 38468.82 38385.41 38302.09 38218.84 38135.68 38052.59 37969.59 37886.28 37802.91 37719.63 37636.42 37553.3 37470.25 37387.16 37303.75 37220.43 37137.18 37054.02 36970.93 36887.94 36804.62 36721.25 36637.96 36554.75 36471.63 36388.6 36305.51 36222.09 36138.76 36055.51 35972.35 35889.27 35806.29 35722.96 35639.59 35556.29 35473.09 35389.97 35306.94 35223.86 35140.43 35057.1 34973.85 34890.69 34807.61
-9999 -9999 -9999 -9999 -9999 -9999 39760.53 39675.81 39591.16 -9999 39422.07 39337.64 39253.28 39168.99 39084.78 39000.64 38916.58 38832.59 38748.68 38664.84 38581.08 38497.4 38413.8 38330.27 38246.83 38163.46 38080.18 37996.97 37913.85 37830.81 37747.71 37664.31 37580.98 37497.73 37414.57 37331.49 37248.49 37165.17 37081.8 36998.51 36915.31 36832.19 36749.15 36666.06 36582.64 36499.32 36416.07 36332.91 36249.83 36166.84 36083.52 36000.14 35916.85 35833.64 35750.52 35667.49 35584.41 35500.98 35417.65 35334.4 35251.24 35168.17 35085.18 35001.86 34918.48 34835.18 34751.98
-9999 -9999 -9999 -9999 -9999 -9999 -9999 -9999 -9999 -9999 -9999 -9999 39199.62 39115.21 39030.89 38946.63 38862.45 38778.34 38694.32 38610.36 38526.48 38442.68 38358.96 38275.32 38191.75 38108.27 38024.86 37941.54 37858.29 37775.13 37692.04 37609.04 37525.72 37442.36 37359.07 37275.86 37192.74 37109.7 37026.61 36943.2 36859.87 36776.62 36693.46 36610.38 36527.39 36444.07 36360.69 36277.4 36194.2 36111.08 36028.04 35944.96 35861.54 35778.21 35694.96 35611.8 35528.72 35445.73 35362.41 35279.03 35195.74 35112.54 35029.42 34946.39 34863.3 34779.88 34696.54
-9999 -9999 -9999 -9999 -9999 -9999 -9999 -9999 -9999 -9999 -9999 -9999 -9999 39061.62 38977.17 38892.8 38808.5 38724.28 38640.13 38556.06 38472.07 38388.15 38304.31 38220.54 38136.86 38053.25 37969.73 37886.28 37802.91 37719.63 37636.42 37553.3 37470.25 37387.16 37303.75 37220.43 37137.18 37054.02 36970.93 36887.94 36804.62 36721.25 36637.96 36554.75 36471.63 36388.6 36305.51 36222.09 36138.76 36055.51 35972.35 35889.27 35806.29 35722.96 35639.59 35556.29 35473.09 35389.97 35306.94 35223.86 35140.43 35057.1 34973.85 34890.69 34807.61 34724.63 34641.3
-9999 -9999 -9999 -9999 -9999 -9999 -9999 -9999 -9999 -9999 -9999 -9999 -9999 -9999 38923.64 38839.16 38754.74 38670.4 38586.14 38501.95 38417.84 38333.8 38249.84 38165.95 38082.15 37998.42 37914.77 37831.2 37747.71 37664.31 37580.98 37497.73 37414.57 37331.49 37248.49 37165.17 37081.8 36998.51 36915.31 36832.19 36749.15 36666.06 36582.64 36499.32 36416.07 36332.91 36249.83 36166.84 36083.52 36000.14 35916.85 35833.64 35750.52 35667.49 35584.41 35500.98 35417.65 35334.4 35251.24 35168.17 35085.18 35001.86 34918.48 34835.18 34751.98 34668.86 34585.84
-9999 -9999 -9999 -9999 -9999 -9999 -9999 -9999 -9999 -9999 -9999 -9999 -9999 -9999 -9999 -9999 38701.16 38616.71 38532.32 38448.02 38363.79 38279.63 38195.55 38111.55 38027.62 37943.77 37860 37776.32 37692.7 37609.18 37525.72 37442.36 37359.07 37275.86 37192.74 37109.7 37026.61 36943.2 36859.87 36776.62 36693.46 36610.38 36527.39 36444.07 36360.69 36277.4 36194.2 36111.08 36028.04 35944.96 35861.54 35778.21 35694.96 35611.8 35528.72 35445.73 35362.41 35279.03 35195.74 35112.54 35029.42 34946.39 34863.3 34779.88 34696.54 34613.29 34530.13
-9999 -9999 -9999 -9999 -9999 -9999 -9999 -9999 -9999 -9999 -9999 -9999 -9999 -9999 -9999 -9999 -9999 38563.2 38478.7 38394.27 38309.92 38225.64 38141.45 38057.32 37973.28 37889.31 37805.42 37721.61 37637.88 37554.23 37470.66 37387.16 37303.75 37220.43 37137.18 37054.02 36970.93 36887.94 36804.62 36721.25 36637.96 36554.75 36471.63 36388.6 36305.51 36222.09 36138.76 36055.51 35972.35 35889.27 35806.29 35722.96 35639.59 35556.29 35473.09 35389.97 35306.94 35223.86 35140.43 35057.1 34973.85 34890.69 34807.61 34724.63 34641.3 34557.92 34474.63
-9999 -9999 -9999 -9999 -9999 -9999 -9999 -9999 -9999 -9999 -9999 -9999 -9999 -9999 -9999 -9999 -9999 -9999 38425.25 38340.71 38256.24 38171.85 38087.53 38003.29 37919.13 37835.04 37751.03 37667.09 37583.24 37499.46 37415.77 37332.16 37248.63 37165.17 37081.8 36998.51 36915.31 36832.19 36749.15 36666.06 36582.64 36499.32 36416.07 36332.91 36249.83 36166.84 36083.52 36000.14 35916.85 35833.64 35750.52 35667.49 35584.41 35500.98 35417.65 35334.4 35251.24 35168.17 35085.18 35001.86 34918.48 34835.18 34751.98 34668.86 34585.84 34502.75 34419.32
-9999 -9999 -9999 -9999 -9999 -9999 -9999 -9999 -9999 -9999 -9999 -9999 -9999 -9999 -9999 -9999 -9999 -9999 -9999 38287.34 38202.75 38118.24 38033.8 37949.44 37865.16 37780.95 37696.82 37612.77 37528.79 37444.89 37361.07 37277.34 37193.68 37110.11 37026.61 36943.2 36859.87 36776.62 36693.46 36610.38 36527.39 36444.07 36360.69 36277.4 36194.2 36111.08 36028.04 35944.96 35861.54 35778.21 35694.96 35611.8 35528.72 35445.73 35362.41 35279.03 35195.74 35112.54 35029.42 34946.39 34863.3 34779.88 34696.54 34613.29 34530.13 34447.06 34364.08
-9999 -9999 -9999 -9999 -9999 -9999 -9999 -9999 -9999 -9999 -9999 -9999 -9999 -9999 -9999 -9999 -9999 -9999 -9999 -9999 38149.44 38064.81 37980.26 37895.78 37811.38 37727.05 37642.79 37558.62 37474.52 37390.51 37306.57 37222.71 37138.93 37055.23 36971.61 36888.07 36804.62 36721.25 36637.96 36554.75 36471.63 36388.6 36305.51 36222.09 36138.76 36055.51 35972.35 35889.27 35806.29 35722.96 35639.59 35556.29 35473.09 35389.97 35306.94 35223.86 35140.43 35057.1 34973.85 34890.69 34807.61 34724.63 34641.3 34557.92 34474.63 34391.42 34308.31
-9999 -9999 -9999 -9999 -9999 -9999 -9999 -9999 -9999 -9999 -9999 -9999 -9999 -9999 -9999 -9999 -9999 -9999 -9999 -9999 38096.32 38011.58 37926.9 37842.3 37757.78 37673.33 37588.96 37504.67 37420.45 37336.31 37252.25 37168.27 37084.36 37000.54 36916.8 36833.14 36749.56 36666.06 36582.64 36499.32 36416.07 36332.91 36249.83 36166.84 36083.52 36000.14 35916.85 35833.64 35750.52 35667.49 35584.41 35500.98 35417.65 35334.4 35251.24 35168.17 35085.18 35001.86 34918.48 34835.18 34751.98 34668.86 34585.84 34502.75 34419.32 34335.99 34252.74
-9999 -9999 -9999 -9999 -9999 -9999 -9999 -9999 -9999 -9999 -9999 -9999 -9999 -9999 -9999 -9999 -9999 -9999 -9999 -9999 -9999 37958.53 37873.74 37789.02 37704.38 37619.81 37535.32 37450.9 37366.56 37282.3 37198.12 37114.01 37029.99 36946.04 36862.18 36778.39 36694.69 36611.06 36527.52 36444.07 36360.69 36277.4 36194.2 36111.08 36028.04 35944.96 35861.54 35778.21 35694.96 35611.8 35528.72 35445.73 35362.41 35279.03 35195.74 35112.54 35029.42 34946.39 34863.3 34779.88 34696.54 34613.29 34530.13 34447.06 34364.08 34280.75 34197.37
-9999 -9999 -9999 -9999 -9999 -9999 -9999 -9999 -9999 -9999 -9999 -9999 -9999 -9999 -9999 -9999 -9999 -9999 -9999 -9999 -9999 37905.67 37820.76 37735.93 37651.16 37566.47 37481.86 37397.32 37312.87 37228.48 37144.18 37059.95 36975.8 36891.73 36807.74 36723.84 36640 36556.26 36472.59 36389.01 36305.51 36222.09 36138.76 36055.51 35972.35 35889.27 35806.29 35722.96 35639.59 35556.29 35473.09 35389.97 35306.94 35223.86 35140.43 35057.1 34973.85 34890.69 34807.61 34724.63 34641.3 34557.92 34474.63 34391.42 34308.31 34225.28 34142.2
-9999 -9999 -9999 -9999 -9999 -9999 -9999 -9999 -9999 -9999 -9999 -9999 -9999 -9999 -9999 -9999 -9999 -9999 -9999 -9999 -9999 -9999 37767.98 37683.02 37598.14 37513.33 37428.6 37343.94 37259.36 37174.86 37090.43 37006.08 36921.81 36837.62 36753.5 36669.47 36585.52 36501.64 36417.85 36334.14 36250.52 36166.97 36083.52 36000.14 35916.85 35833.64 35750.52 35667.49 35584.41 35500.98 35417.65 35334.4 35251.24 35168.17 35085.18 35001.86 34918.48 34835.18 34751.98 34668.86 34585.84 34502.75 34419.32 34335.99 34252.74 34169.58 34086.51
-9999 -9999 -9999 -9999 -9999 -9999 -9999 -9999 -9999 -9999 -9999 -9999 -9999 -9999 -9999 -9999 -9999 -9999 -9999 -9999 -9999 -9999 37715.38 37630.31 37545.3 37460.38 37375.53 37290.75 37206.05 37121.42 37036.88 36952.4 36868.01 36783.69 36699.45 36615.3 36531.22 36447.22 36363.3 36279.47 36195.72 36112.05 36028.46 35944.96 35861.54 35778.21 35694.96 35611.8 35528.72 35445.73 35362.41 35279.03 35195.74 35112.54 35029.42 34946.39 34863.3 34779.88 34696.54 34613.29 34530.13 34447.06 34364.08 34280.75 34197.37 34114.07 34030.87
-9999 -9999 -9999 -9999 -9999 -9999 -9999 -9999 -9999 -9999 -9999 -9999 -9999 -9999 -9999 -9999 -9999 -9999 -9999 -9999 -9999 -9999 -9999 37577.79 37492.66 37407.62 37322.65 37237.75 37152.93 37068.18 36983.51 36898.91 36814.4 36729.96 36645.6 36561.32 36477.12 36392.99 36308.95 36224.99 36141.11 36057.32 35973.6 35889.97 35806.43 35722.96 35639.59 35556.29 35473.09 35389.97 35306.94 35223.86 35140.43 35057.1 34973.85 34890.69 34807.61 34724.63 34641.3 34557.92 34474.63 34391.42 34308.31 34225.28 34142.2 34058.77 33975.43
-9999 -9999 -9999 -9999 -9999 -9999 -9999 -9999 -9999 -9999 -9999 -9999 -9999 -9999 -9999 -9999 -9999 -9999 -9999 -9999 -9999 -9999 -9999 37525.46 37440.22 37355.05 37269.96 37184.94 37100 37015.13 36930.34 36845.63 36760.98 36676.42 36591.94 36507.54 36423.21 36338.96 36254.79 36170.71 36086.7 36002.78 35918.94 35835.18 35751.5 35667.91 35584.41 35500.98 35417.65 35334.4 35251.24 35168.17 35085.18 35001.86 34918.48 34835.18 34751.98 34668.86 34585.84 34502.75 34419.32 34335.99 34252.74 34169.58 34086.51 34003.53 33920.2
-9999 -9999 -9999 -9999 -9999 -9999 -9999 -9999 -9999 -9999 -9999 -9999 -9999 -9999 -9999 -9999 -9999 -9999 -9999 -9999 -9999 -9999 -9999 -9999 37387.96 37302.68 37217.47 37132.33 37047.27 36962.28 36877.36 36792.53 36707.77 36623.08 36538.47 36453.95 36369.49 36285.12 36200.83 36116.62 36032.48 35948.43 35864.47 35780.58 35696.78 35613.06 35529.43 35445.88 35362.41 35279.03 35195.74 35112.54 35029.42 34946.39 34863.3 34779.88 34696.54 34613.29 34530.13 34447.06 34364.08 34280.75 34197.37 34114.07 34030.87 33947.75 33864.73
-9999 -9999 -9999 -9999 -9999 -9999 -9999 -9999 -9999 -9999 -9999 -9999 -9999 -9999 -9999 -9999 -9999 -9999 -9999 -9999 -9999 -9999 -9999 -9999 -9999 -9999 37165.17 37079.91 36994.73 36909.62 36824.59 36739.63 36654.74 36569.93 36485.2 36400.55 36315.97 36231.48 36147.06 36062.72 35978.46 35894.29 35810.2 35726.18 35642.25 35558.4 35474.64 35390.96 35307.36 35223.86 35140.43 35057.1 34973.85 34890.69 34807.61 34724.63 34641.3 34557.92 34474.63 34391.42 34308.31 34225.28 34142.2 34058.77 33975.43 33892.18 33809.02
-9999 -9999 -9999 -9999 -9999 -9999 -9999 -9999 -9999 -9999 -9999 -9999 -9999 -9999 -9999 -9999 -9999 -9999 -9999 -9999 -9999 -9999 -9999 -9999 -9999 -9999 -9999 37027.69 36942.39 36857.16 36772 36686.92 36601.91 36516.98 36432.13 36347.35 36262.65 36178.03 36093.49 36009.03 35924.64 35840.34 35756.12 35671.98 35587.92 35503.95 35420.05 35336.24 35252.52 35168.88 35085.32 35001.86 34918.48 34835.18 34751.98 34668.86 34585.84 34502.75 34419.32 34335.99 34252.74 34169.58 34086.51 34003.53 33920.2 33836.81 33753.52
-9999 -9999 -9999 -9999 -9999 -9999 -9999 -9999 -9999 -9999 -9999 -9999 -9999 -9999 -9999 -9999 -9999 -9999 -9999 -9999 -9999 -9999 -9999 -9999 -9999 -9999 -9999 -9999 36890.24 36804.89 36719.61 36634.41 36549.28 36464.23 36379.25 36294.35 36209.53 36124.79 36040.12 35955.53 35871.02 35786.59 35702.24 35617.97 35533.79 35449.68 35365.66 35281.72 35197.87 35114.1 35030.41 34946.82 34863.3 34779.88 34696.54 34613.29 34530.13 34447.06 34364.08 34280.75 34197.37 34114.07 34030.87 33947.75 33864.73 33781.65 33698.22
-9999 -9999 -9999 -9999 -9999 -9999 -9999 -9999 -9999 -9999 -9999 -9999 -9999 -9999 -9999 -9999 -9999 -9999 -9999 -9999 -9999 -9999 -9999 -9999 -9999 -9999 -9999 -9999 -9999 36752.82 36667.43 36582.1 36496.85 36411.68 36326.57 36241.55 36156.61 36071.73 35986.94 35902.23 35817.59 35733.04 35648.56 35564.17 35479.85 35395.62 35311.47 35227.4 35143.42 35059.52 34975.71 34891.98 34808.33 34724.77 34641.3 34557.92 34474.63 34391.42 34308.31 34225.28 34142.2 34058.77 33975.43 33892.18 33809.02 33725.95 33642.98
-9999 -9999 -9999 -9999 -9999 -9999 -9999 -9999 -9999 -9999 -9999 -9999 -9999 -9999 -9999 -9999 -9999 -9999 -9999 -9999 -9999 -9999 -9999 -9999 -9999 -9999 -9999 -9999 -9999 -9999 36615.43 36529.99 36444.62 36359.32 36274.09 36188.95 36103.88 36018.88 35933.97 35849.13 35764.37 35679.69 35595.08 35510.56 35426.12 35341.76 35257.48 35173.29 35089.17 35005.14 34921.2 34837.34 34753.56 34669.87 34586.27 34502.75 34419.32 34335.99 34252.74 34169.58 34086.51 34003.53 33920.2 33836.81 33753.52 33670.31 33587.2
-9999 -9999 -9999 -9999 -9999 -9999 -9999 -9999 -9999 -9999 -9999 -9999 -9999 -9999 -9999 -9999 -9999 -9999 -9999 -9999 -9999 -9999 -9999 -9999 -9999 -9999 -9999 -9999 -9999 -9999 -9999 36478.07 36392.58 36307.16 36221.82 36136.55 36051.35 35966.23 35881.19 35796.23 35711.34 35626.54 35541.8 35457.16 35372.59 35288.1 35203.69 35119.37 35035.13 34950.96 34866.89 34782.9 34698.99 34615.17 34531.43 34447.79 34364.23 34280.75 34197.37 34114.07 34030.87 33947.75 33864.73 33781.65 33698.22 33614.88 33531.63
-9999 -9999 -9999 -9999 -9999 -9999 -9999 -9999 -9999 -9999 -9999 -9999 -9999 -9999 -9999 -9999 -9999 -9999 -9999 -9999 -9999 -9999 -9999 -9999 -9999 -9999 -9999 -9999 -9999 -9999 -9999 36426.36 36340.75 36255.21 36169.74 36084.34 35999.03 35913.79 35828.62 35743.53 35658.52 35573.59 35488.73 35403.95 35319.26 35234.64 35150.11 35065.65 34981.28 34896.99 34812.79 34728.66 34644.63 34560.67 34476.8 34393.02 34309.33 34225.72 34142.2 34058.77 33975.43 33892.18 33809.02 33725.95 33642.98 33559.65 33476.26
