InputData/dist_19.txt
ncols         222
nrows         252
xllcorner     556954.49680309
yllcorner     8200869.3568622
cellsize      100
NODATA_value  -9999
[rows 120 to 149 of 252, columns 0 to 67 of 222]
-9999 -9999 -9999 -9999 -9999 -9999 -9999 -9999 -9999 -9999 -9999 -9999 -9999 -9999 -9999 -9999 -9999 -9999 -9999 -9999 -9999 1252.996 1341.641 1414.214 1486.607 1562.05 1640.122 1720.465 1802.776 1886.796 1972.308 2059.126 2140.094 2220.36 2302.173 2385.372 2469.818 2555.386 2641.969 2729.469 2817.801 2906.888 2996.665 3087.07 3176.476 3264.966 3354.102 3443.835 3534.119 3623.534 3712.142 3801.316 3891.015 3981.206 4071.855 4162.932 4254.41 4346.263 4438.468 4531.004 4623.851 4716.991 4810.405 4904.08 4998 5092.151 5186.521 5281.098
-9999 -9999 -9999 -9999 -9999 -9999 -9999 -9999 -9999 -9999 -9999 -9999 -9999 -9999 -9999 -9999 -9999 -9999 -9999 -9999 1220.656 1303.84 1389.244 1476.482 1555.635 1627.882 1702.939 1780.449 1860.108 1941.649 2024.846 2109.502 2195.45 2280.351 2360.085 2441.311 2523.886 2607.681 2692.583 2778.489 2865.31 2952.965 3041.381 3130.495 3220.249 3310.589 3400 3488.553 3577.709 3667.424 3757.659 3847.077 3935.734 4024.922 4114.608 4204.759 4295.346 4386.342 4477.723 4569.464 4661.545 4753.946 4846.648 4939.636 5032.892 5126.402 5220.153 5314.132
-9999 -9999 -9999 -9999 -9999 -9999 -9999 -9999 -9999 -9999 -9999 -9999 -9999 -9999 -9999 -9999 -9999 -9999 -9999 -9999 1280.625 1360.147 1442.22 1526.434 1612.452 1697.056 1769.181 1843.909 1920.937 2000 2080.865 2163.331 2247.22 2332.381 2418.677 2500 2580.698 2662.705 2745.906 2830.194 2915.476 3001.666 3088.689 3176.476 3264.966 3354.102 3443.835 3534.119 3623.534 3712.142 3801.316 3891.015 3981.206 4070.626 4159.327 4248.529 4338.203 4428.318 4518.85 4609.772 4701.063 4792.703 4884.67 4976.947 5069.517 5162.364 5255.473 5348.832
-9999 -9999 -9999 -9999 -9999 -9999 -9999 -9999 -9999 -9999 -9999 -9999 -9999 -9999 -9999 -9999 -9999 -9999 -9999 1252.996 1341.641 1421.267 1500 1581.139 1664.332 1749.286 1835.756 1910.497 1984.943 2061.553 2140.094 2220.36 2302.173 2385.372 2469.818 2555.386 2640.076 2720.294 2801.785 2884.441 2968.164 3052.867 3138.471 3224.903 3312.099 3400 3488.553 3577.709 3667.424 3757.659 3847.077 3935.734 4024.922 4114.608 4204.759 4294.182 4382.921 4472.136 4561.798 4651.881 4742.362 4833.218 4924.429 5015.975 5107.837 5200 5292.447 5385.165
-9999 -9999 -9999 -9999 -9999 -9999 -9999 -9999 -9999 -9999 -9999 -9999 -9999 -9999 -9999 -9999 -9999 -9999 1220.656 1303.84 1389.244 1476.482 1562.05 1640.122 1720.465 1802.776 1886.796 1972.308 2051.828 2126.029 2202.271 2280.351 2360.085 2441.311 2523.886 2607.681 2692.583 2778.489 2860.07 2941.088 3023.243 3106.445 3190.611 3275.668 3361.547 3448.188 3535.534 3623.534 3712.142 3801.316 3891.015 3981.206 4070.626 4159.327 4248.529 4338.203 4428.318 4517.743 4606.517 4695.743 4785.395 4875.449 4965.884 5056.679 5147.815 5239.275 5331.041 5423.099
-9999 -9999 -9999 -9999 -9999 -9999 -9999 -9999 -9999 -9999 -9999 -9999 -9999 -9999 -9999 -9999 -9999 -9999 1280.625 1360.147 1442.22 1526.434 1612.452 1700 1780.449 1860.108 1941.649 2024.846 2109.502 2193.171 2267.157 2343.075 2420.744 2500 2580.698 2662.705 2745.906 2830.194 2915.476 3000 3080.584 3162.278 3244.996 3328.663 3413.21 3498.571 3584.69 3671.512 3758.989 3847.077 3935.734 4024.922 4114.608 4204.759 4294.182 4382.921 4472.136 4561.798 4651.881 4741.308 4830.114 4919.35 5008.992 5099.02 5189.412 5280.151 5371.22 5462.6
-9999 -9999 -9999 -9999 -9999 -9999 -9999 -9999 -9999 -9999 -9999 -9999 -9999 -9999 -9999 -9999 -9999 1252.996 1341.641 1421.267 1500 1581.139 1664.332 1749.286 1835.756 1920.937 2000 2080.865 2163.331 2247.22 2332.381 2408.319 2483.948 2561.25 2640.076 2720.294 2801.785 2884.441 2968.164 3052.867 3138.471 3220.249 3301.515 3383.785 3466.987 3551.056 3635.932 3721.559 3807.886 3894.868 3982.462 4070.626 4159.327 4248.529 4338.203 4428.318 4517.743 4606.517 4695.743 4785.395 4875.449 4964.876 5053.711 5142.957 5232.59 5322.593 5412.947 5503.635
-9999 -9999 -9999 -9999 -9999 -9999 -9999 -9999 -9999 -9999 -9999 -9999 -9999 -9999 -9999 -9999 1220.656 1303.84 1389.244 1476.482 1562.05 1640.122 1720.465 1802.776 1886.796 1972.308 2059.126 2140.094 2220.36 2302.173 2385.372 2469.818 2549.51 2624.881 2701.851 2780.288 2860.07 2941.088 3023.243 3106.445 3190.611 3275.668 3360.06 3440.93 3522.783 3605.551 3689.173 3773.593 3858.756 3944.617 4031.129 4118.252 4205.948 4294.182 4382.921 4472.136 4561.798 4651.881 4741.308 4830.114 4919.35 5008.992 5099.02 5188.449 5277.31 5366.563 5456.189 5546.17
-9999 -9999 -9999 -9999 -9999 -9999 -9999 -9999 -9999 -9999 -9999 -9999 -9999 -9999 -9999 -9999 1280.625 1360.147 1442.22 1526.434 1612.452 1700 1780.449 1860.108 1941.649 2024.846 2109.502 2195.45 2280.351 2360.085 2441.311 2523.886 2607.681 2690.725 2765.863 2842.534 2920.616 3000 3080.584 3162.278 3244.996 3328.663 3413.21 3498.571 3580.503 3661.967 3744.329 3827.532 3911.521 3996.248 4081.666 4167.733 4254.41 4341.659 4429.447 4517.743 4606.517 4695.743 4785.395 4875.449 4964.876 5053.711 5142.957 5232.59 5322.593 5412.023 5500.909 5590.17
-9999 -9999 -9999 -9999 -9999 -9999 -9999 -9999 -9999 -9999 -9999 -9999 -9999 -9999 -9999 1252.996 1341.641 1421.267 1500 1581.139 1664.332 1749.286 1835.756 1920.937 2000 2080.865 2163.331 2247.22 2332.381 2418.677 2500 2580.698 2662.705 2745.906 2830.194 2906.888 2983.287 3061.046 3140.064 3220.249 3301.515 3383.785 3466.987 3551.056 3635.932 3720.215 3801.316 3883.298 3966.106 4049.691 4134.005 4219.004 4304.648 4390.9 4477.723 4565.085 4652.956 4741.308 4830.114 4919.35 5008.992 5099.02 5188.449 5277.31 5366.563 5456.189 5546.17 5635.601
-9999 -9999 -9999 -9999 -9999 -9999 -9999 -9999 -9999 -9999 -9999 -9999 -9999 -9999 1220.656 1303.84 1389.244 1476.482 1562.05 1640.122 1720.465 1802.776 1886.796 1972.308 2059.126 2140.094 2220.36 2302.173 2385.372 2469.818 2555.386 2640.076 2720.294 2801.785 2884.441 2968.164 3047.95 3124.1 3201.562 3280.244 3360.06 3440.93 3522.783 3605.551 3689.173 3773.593 3858.756 3940.812 4022.437 4104.875 4188.078 4272.002 4356.604 4441.847 4527.692 4614.109 4701.063 4788.528 4876.474 4964.876 5053.711 5142.957 5232.59 5322.593 5412.023 5500.909 5590.17 5679.789
-9999 -9999 -9999 -9999 -9999 -9999 -9999 -9999 -9999 -9999 -9999 -9999 -9999 -9999 1280.625 1360.147 1442.22 1526.434 1612.452 1700 1780.449 1860.108 1941.649 2024.846 2109.502 2195.45 2280.351 2360.085 2441.311 2523.886 2607.681 2692.583 2778.489 2860.07 2941.088 3023.243 3106.445 3189.044 3264.966 3342.155 3420.526 3500 3580.503 3661.967 3744.329 3827.532 3911.521 3996.248 4080.441 4161.73 4243.819 4326.662 4410.215 4494.441 4579.301 4664.762 4750.79 4837.354 4924.429 5011.986 5100 5188.449 5277.31 5366.563 5456.189 5546.17 5635.601 5724.509
-9999 -9999 -9999 -9999 -9999 -9999 -9999 -9999 -9999 -9999 -9999 -9999 -9999 1252.996 1341.641 1421.267 1500 1581.139 1664.332 1749.286 1835.756 1920.937 2000 2080.865 2163.331 2247.22 2332.381 2418.677 2500 2580.698 2662.705 2745.906 2830.194 2915.476 3000 3080.584 3162.278 3244.996 3328.663 3405.877 3482.815 3560.899 3640.055 3720.215 3801.316 3883.298 3966.106 4049.691 4134.005 4219.004 4301.163 4382.921 4465.423 4548.626 4632.494 4716.991 4802.083 4887.74 4973.932 5060.632 5147.815 5235.456 5323.533 5412.023 5500.909 5590.17 5679.789 5769.749
-9999 -9999 -9999 -9999 -9999 -9999 -9999 -9999 -9999 -9999 -9999 -9999 1220.656 1303.84 1389.244 1476.482 1562.05 1640.122 1720.465 1802.776 1886.796 1972.308 2059.126 2140.094 2220.36 2302.173 2385.372 2469.818 2555.386 2640.076 2720.294 2801.785 2884.441 2968.164 3052.867 3138.471 3220.249 3301.515 3383.785 3466.987 3546.83 3623.534 3701.351 3780.212 3860.052 3940.812 4022.437 4104.875 4188.078 4272.002 4356.604 4440.721 4522.167 4604.346 4687.217 4770.744 4854.895 4939.636 5024.938 5110.773 5197.115 5283.938 5371.22 5458.938 5547.071 5635.601 5724.509 5813.777
-9999 -9999 -9999 -9999 -9999 -9999 -9999 -9999 -9999 -9999 -9999 -9999 1280.625 1360.147 1442.22 1526.434 1612.452 1700 1780.449 1860.108 1941.649 2024.846 2109.502 2195.45 2280.351 2360.085 2441.311 2523.886 2607.681 2692.583 2778.489 2860.07 2941.088 3023.243 3106.445 3190.611 3275.668 3360.06 3440.93 3522.783 3605.551 3687.818 3764.306 3841.875 3920.459 4000 4080.441 4161.73 4243.819 4326.662 4410.215 4494.441 4579.301 4661.545 4743.417 4825.971 4909.175 4992.995 5077.401 5162.364 5247.857 5333.854 5420.332 5507.268 5594.64 5682.429 5770.615 5859.181
-9999 -9999 -9999 -9999 -9999 -9999 -9999 -9999 -9999 -9999 -9999 1252.996 1341.641 1421.267 1500 1581.139 1664.332 1749.286 1835.756 1920.937 2000 2080.865 2163.331 2247.22 2332.381 2418.677 2500 2580.698 2662.705 2745.906 2830.194 2915.476 3000 3080.584 3162.278 3244.996 3328.663 3413.21 3498.571 3580.503 3661.967 3744.329 3827.532 3905.125 3982.462 4060.788 4140.048 4220.189 4301.163 4382.921 4465.423 4548.626 4632.494 4716.991 4801.042 4882.622 4964.876 5047.772 5131.277 5215.362 5300 5385.165 5470.832 5556.978 5643.581 5730.62 5818.075 5905.929
-9999 -9999 -9999 -9999 -9999 -9999 -9999 -9999 -9999 -9999 1220.656 1303.84 1389.244 1476.482 1562.05 1640.122 1720.465 1802.776 1886.796 1972.308 2059.126 2140.094 2220.36 2302.173 2385.372 2469.818 2555.386 2640.076 2720.294 2801.785 2884.441 2968.164 3052.867 3138.471 3220.249 3301.515 3383.785 3466.987 3551.056 3635.932 3720.215 3801.316 3883.298 3966.106 4045.986 4123.105 4201.19 4280.187 4360.046 4440.721 4522.167 4604.346 4687.217 4770.744 4854.895 4939.636 5021.952 5103.92 5186.521 5269.725 5353.503 5437.831 5522.681 5608.03 5693.856 5780.138 5866.856 5953.99
-9999 -9999 -9999 -9999 -9999 -9999 -9999 -9999 -9999 1204.159 1280.625 1360.147 1442.22 1526.434 1612.452 1700 1780.449 1860.108 1941.649 2024.846 2109.502 2195.45 2280.351 2360.085 2441.311 2523.886 2607.681 2692.583 2778.489 2860.07 2941.088 3023.243 3106.445 3190.611 3275.668 3360.06 3440.93 3522.783 3605.551 3689.173 3773.593 3858.756 3940.812 4022.437 4104.875 4186.884 4263.801 4341.659 4420.407 4500 4580.393 4661.545 4743.417 4825.971 4909.175 4992.995 5077.401 5161.395 5243.091 5325.411 5408.327 5491.812 5575.841 5660.389 5745.433 5830.952 5916.925 6003.333
-9999 -9999 -9999 -9999 -9999 -9999 -9999 -9999 -9999 1252.996 1341.641 1421.267 1500 1581.139 1664.332 1749.286 1835.756 1920.937 2000 2080.865 2163.331 2247.22 2332.381 2418.677 2500 2580.698 2662.705 2745.906 2830.194 2915.476 3000 3080.584 3162.278 3244.996 3328.663 3413.21 3498.571 3580.503 3661.967 3744.329 3827.532 3911.521 3996.248 4080.441 4161.73 4243.819 4326.662 4404.543 4482.187 4560.702 4640.043 4720.169 4801.042 4882.622 4964.876 5047.772 5131.277 5215.362 5300 5382.378 5464.431 5547.071 5630.275 5714.018 5798.275 5883.026 5968.25 6053.924
-9999 -9999 -9999 -9999 -9999 -9999 -9999 -9999 1220.656 1303.84 1389.244 1476.482 1562.05 1640.122 1720.465 1802.776 1886.796 1972.308 2059.126 2140.094 2220.36 2302.173 2385.372 2469.818 2555.386 2640.076 2720.294 2801.785 2884.441 2968.164 3052.867 3138.471 3220.249 3301.515 3383.785 3466.987 3551.056 3635.932 3720.215 3801.316 3883.298 3966.106 4049.691 4134.005 4219.004 4301.163 4382.921 4465.423 4545.327 4622.77 4701.063 4780.167 4860.041 4940.648 5021.952 5103.92 5186.521 5269.725 5353.503 5437.831 5521.775 5603.57 5685.948 5768.882 5852.35 5936.329 6020.797 6105.735
-9999 -9999 -9999 -9999 -9999 -9999 -9999 1204.159 1280.625 1360.147 1442.22 1526.434 1612.452 1700 1780.449 1860.108 1941.649 2024.846 2109.502 2195.45 2280.351 2360.085 2441.311 2523.886 2607.681 2692.583 2778.489 2860.07 2941.088 3023.243 3106.445 3190.611 3275.668 3360.06 3440.93 3522.783 3605.551 3689.173 3773.593 3858.756 3940.812 4022.437 4104.875 4188.078 4272.002 4356.604 4440.721 4522.167 4604.346 4686.15 4763.402 4841.487 4920.366 5000 5080.354 5161.395 5243.091 5325.411 5408.327 5491.812 5575.841 5660.389 5742.822 5824.946 5907.622 5990.826 6074.537 6158.733
-9999 -9999 -9999 -9999 -9999 -9999 -9999 1252.996 1341.641 1421.267 1500 1581.139 1664.332 1749.286 1835.756 1920.937 2000 2080.865 2163.331 2247.22 2332.381 2418.677 2500 2580.698 2662.705 2745.906 2830.194 2915.476 3000 3080.584 3162.278 3244.996 3328.663 3413.21 3498.571 3580.503 3661.967 3744.329 3827.532 3911.521 3996.248 4080.441 4161.73 4243.819 4326.662 4410.215 4494.441 4579.301 4661.545 4743.417 4825.971 4904.08 4981.967 5060.632 5140.039 5220.153 5300.943 5382.378 5464.431 5547.071 5630.275 5714.018 5798.275 5882.176 5964.059 6046.487 6129.437 6212.89
-9999 -9999 -9999 -9999 -9999 -9999 1200 1300 1389.244 1476.482 1562.05 1640.122 1720.465 1802.776 1886.796 1972.308 2059.126 2140.094 2220.36 2302.173 2385.372 2469.818 2555.386 2640.076 2720.294 2801.785 2884.441 2968.164 3052.867 3138.471 3220.249 3301.515 3383.785 3466.987 3551.056 3635.932 3720.215 3801.316 3883.298 3966.106 4049.691 4134.005 4219.004 4301.163 4382.921 4465.423 4548.626 4632.494 4716.991 4801.042 4882.622 4964.876 5044.799 5122.5 5200.961 5280.151 5360.037 5440.588 5521.775 5603.57 5685.948 5768.882 5852.35 5936.329 6020.797 6103.278 6185.467 6268.173
-9999 -9999 -9999 -9999 -9999 1077.033 1170.47 1264.911 1360.147 1456.022 1552.417 1649.242 1746.425 1843.909 1941.649 2024.846 2109.502 2195.45 2280.351 2360.085 2441.311 2523.886 2607.681 2692.583 2778.489 2860.07 2941.088 3023.243 3106.445 3190.611 3275.668 3360.06 3440.93 3522.783 3605.551 3689.173 3773.593 3858.756 3940.812 4022.437 4104.875 4188.078 4272.002 4356.604 4440.721 4522.167 4604.346 4687.217 4770.744 4854.895 4939.636 5021.952 5103.92 5185.557 5263.079 5341.348 5420.332 5500 5580.323 5661.272 5742.822 5824.946 5907.622 5990.826 6074.537 6158.733 6242.596 6324.555
-9999 -9999 -9999 -9999 -9999 1044.031 1140.175 1236.932 1334.166 1431.782 1529.706 1627.882 1726.268 1824.829 1923.538 2022.375 2121.32 2220.36 2319.483 2418.677 2500 2580.698 2662.705 2745.906 2830.194 2915.476 3000 3080.584 3162.278 3244.996 3328.663 3413.21 3498.571 3580.503 3661.967 3744.329 3827.532 3911.521 3996.248 4080.441 4161.73 4243.819 4326.662 4410.215 4494.441 4579.301 4661.545 4743.417 4825.971 4909.175 4992.995 5077.401 5161.395 5243.091 5325.411 5403.703 5481.788 5560.576 5640.036 5720.14 5800.862 5882.176 5964.059 6046.487 6129.437 6212.89 6296.825 6381.223
-9999 -9999 -9999 -9999 921.9545 1019.804 1118.034 1216.552 1315.295 1414.214 1513.275 1612.452 1711.724 1811.077 1910.497 2009.975 2109.502 2209.072 2308.679 2408.319 2507.987 2607.681 2707.397 2801.785 2884.441 2968.164 3052.867 3138.471 3220.249 3301.515 3383.785 3466.987 3551.056 3635.932 3720.215 3801.316 3883.298 3966.106 4049.691 4134.005 4219.004 4301.163 4382.921 4465.423 4548.626 4632.494 4716.991 4801.042 4882.622 4964.876 5047.772 5131.277 5215.362 5300 5382.378 5464.431 5544.367 5622.277 5700.877 5780.138 5860.034 5940.539 6021.628 6103.278 6185.467 6268.173 6351.378 6435.06
-9999 -9999 -9999 806.2258 905.5385 1004.988 1104.536 1204.159 1303.84 1403.567 1503.33 1603.122 1702.939 1802.776 1902.63 2002.498 2102.38 2202.271 2302.173 2402.083 2501.999 2601.922 2701.851 2801.785 2901.724 3001.666 3101.613 3190.611 3275.668 3360.06 3440.93 3522.783 3605.551 3689.173 3773.593 3858.756 3940.812 4022.437 4104.875 4188.078 4272.002 4356.604 4440.721 4522.167 4604.346 4687.217 4770.744 4854.895 4939.636 5021.952 5103.92 5186.521 5269.725 5353.503 5437.831 5521.775 5603.57 5685.068 5762.812 5841.233 5920.304 6000 6080.296 6161.169 6242.596 6324.555 6407.027 6489.992
-9999 -9999 -9999 800 900 1000 1100 1200 1300 1400 1500 1600 1700 1800 1900 2000 2100 2200 2300 2400 2500 2600 2700 2800 2900 3000 3100 3200 3300 3400 3500 3580.503 3661.967 3744.329 3827.532 3911.521 3996.248 4080.441 4161.73 4243.819 4326.662 4410.215 4494.441 4579.301 4661.545 4743.417 4825.971 4909.175 4992.995 5077.401 5161.395 5243.091 5325.411 5408.327 5491.812 5575.841 5660.389 5742.822 5824.946 5903.389 5981.639 6060.528 6140.033 6220.128 6300.793 6382.006 6463.745 6545.991
-9999 -9999 700 800 900 1000 1100 1200 1300 1400 1500 1600 1700 1800 1900 2000 2100 2200 2300 2400 2500 2600 2700 2800 2900 3000 3100 3200 3300 3400 3500 3600 3700 3800 3883.298 3966.106 4049.691 4134.005 4219.004 4301.163 4382.921 4465.423 4548.626 4632.494 4716.991 4801.042 4882.622 4964.876 5047.772 5131.277 5215.362 5300 5382.378 5464.431 5547.071 5630.275 5714.018 5798.275 5882.176 5964.059 6044.005 6122.091 6200.807 6280.127 6360.031 6440.497 6521.503 6603.03
-9999 600 700 800 900 1000 1100 1200 1300 1400 1500 1600 1700 1800 1900 2000 2100 2200 2300 2400 2500 2600 2700 2800 2900 3000 3100 3200 3300 3400 3500 3600 3700 3800 3900 4000 4100 4188.078 4272.002 4356.604 4440.721 4522.167 4604.346 4687.217 4770.744 4854.895 4939.636 5021.952 5103.92 5186.521 5269.725 5353.503 5437.831 5521.775 5603.57 5685.948 5768.882 5852.35 5936.329 6020.797 6103.278 6184.658 6262.587 6341.136 6420.28 6500 6580.273 6661.081
