InputData/dist_9.txt
ncols         425
nrows         149
xllcorner     556245.37652931
yllcorner     8175522.4298822
cellsize      100
NODATA_value  -9999
[rows 87 to 115 of 149, columns 130 to 194 of 425]
18189.28 18288.79 18388.31 18487.83 18587.36 18686.89 18786.43 18882 18976.3 19070.66 19165.07 19259.54 19354.07 19448.65 19543.29 19637.97 19732.71 19827.51 19922.35 20017.24 20112.19 20207.18 20302.22 20397.3 20491.95 20586.65 20681.39 20776.19 20871.03 20965.92 21060.86 21155.85 21250.88 21345.96 21441.08 21536.25 21631.46 21726.71 21822.01 21917.35 22012.72 22108.14 22203.6 22299.1 22394.64 22490.22 22585.84 22681.49 22777.18 22872.91 22968.67 23064.47 23160.31 23256.18 23352.09 23448.03 23544 23640.01 23736.05 23832.12 23928.23 24024.36 24120.53 24216.73 24312.96
18199.45 18298.91 18398.37 18497.84 18597.31 18696.79 18796.28 18895.77 18995.26 19094.76 19194.27 19292.49 19386.85 19481.27 19575.75 19670.28 19764.87 19859.51 19954.2 20048.94 20143.73 20238.58 20333.47 20428.41 20523.4 20618.44 20713.52 20808.17 20902.87 20997.62 21092.42 21187.26 21282.15 21377.09 21472.07 21567.11 21662.18 21757.3 21852.46 21947.66 22042.91 22138.2 22233.53 22328.9 22424.32 22519.77 22615.26 22710.79 22806.36 22901.96 22997.61 23093.29 23189.01 23284.76 23380.55 23476.37 23572.23 23668.12 23764.05 23860.01 23956 24052.03 24148.08 24244.17 24340.29
18210.16 18309.56 18408.96 18508.38 18607.79 18707.22 18806.65 18906.08 19005.53 19104.97 19204.43 19303.88 19403.35 19502.82 19602.29 19701.78 19797.47 19891.96 19986.5 20081.09 20175.73 20270.42 20365.17 20459.96 20554.8 20649.7 20744.64 20839.63 20934.66 21029.74 21124.39 21219.1 21313.85 21408.64 21503.49 21598.38 21693.32 21788.3 21883.33 21978.4 22073.51 22168.67 22263.87 22359.12 22454.4 22549.72 22645.09 22740.49 22835.94 22931.42 23026.94 23122.5 23218.1 23313.73 23409.4 23505.11 23600.85 23696.63 23792.44 23888.28 23984.16 24080.07 24176.02 24272 24368.01
18221.42 18320.75 18420.1 18519.45 18618.81 18718.17 18817.54 18916.92 19016.31 19115.7 19215.1 19314.5 19413.91 19513.33 19612.75 19712.18 19811.61 19911.05 20010.5 20109.95 20208.17 20302.71 20397.3 20491.95 20586.65 20681.39 20776.19 20871.03 20965.92 21060.86 21155.85 21250.88 21345.96 21440.62 21535.32 21630.07 21724.87 21819.72 21914.61 22009.54 22104.53 22199.55 22294.62 22389.73 22484.88 22580.08 22675.32 22770.6 22865.91 22961.27 23056.67 23152.11 23247.58 23343.09 23438.64 23534.23 23629.85 23725.51 23821.21 23916.94 24012.71 24108.5 24204.34 24300.21 24396.11
18233.21 18332.48 18431.77 18531.05 18630.35 18729.66 18828.97 18928.29 19027.61 19126.95 19226.28 19325.63 19424.98 19524.34 19623.71 19723.08 19822.46 19921.85 20021.24 20120.64 20220.04 20319.45 20418.86 20518.29 20617.71 20713.52 20808.17 20902.87 20997.62 21092.42 21187.26 21282.15 21377.09 21472.07 21567.11 21662.18 21756.84 21851.54 21946.3 22041.1 22135.94 22230.83 22325.77 22420.75 22515.77 22610.84 22705.95 22801.1 22896.29 22991.52 23086.79 23182.11 23277.46 23372.85 23468.28 23563.74 23659.25 23754.79 23850.37 23945.98 24041.63 24137.32 24233.04 24328.79 24424.58
18245.55 18344.75 18443.97 18543.19 18642.42 18741.66 18840.91 18940.17 19039.43 19138.71 19237.98 19337.27 19436.56 19535.87 19635.17 19734.49 19833.81 19933.14 20032.47 20131.82 20231.16 20330.52 20429.88 20529.25 20628.62 20728 20827.39 20926.78 21026.17 21124.39 21219.1 21313.85 21408.64 21503.49 21598.38 21693.32 21788.3 21883.33 21978.4 22073.06 22167.77 22262.53 22357.33 22452.17 22547.06 22642 22736.97 22831.99 22927.06 23022.16 23117.31 23212.5 23307.72 23402.99 23498.3 23593.64 23689.03 23784.45 23879.91 23975.4 24070.94 24166.51 24262.11 24357.75 24453.43
18258.42 18357.56 18456.71 18555.86 18655.03 18754.2 18853.38 18952.57 19051.77 19150.98 19250.2 19349.42 19448.65 19547.89 19647.14 19746.39 19845.65 19944.92 20044.2 20143.48 20242.78 20342.07 20441.38 20540.69 20640.01 20739.33 20838.67 20938 21037.35 21136.7 21236.05 21335.42 21434.79 21534.16 21630.07 21724.87 21819.72 21914.61 22009.54 22104.53 22199.55 22294.62 22389.28 22483.99 22578.75 22673.55 22768.4 22863.29 22958.22 23053.2 23148.22 23243.28 23338.38 23433.52 23528.71 23623.93 23719.19 23814.49 23909.83 24005.21 24100.62 24196.07 24291.56 24387.09 24482.65
18271.84 18370.9 18469.98 18569.06 18668.15 18767.26 18866.37 18965.49 19064.63 19163.77 19262.92 19362.08 19461.24 19560.42 19659.6 19758.79 19858 19957.21 20056.42 20155.64 20254.88 20354.12 20453.36 20552.62 20651.88 20751.14 20850.42 20949.7 21048.99 21148.29 21247.59 21346.9 21446.21 21545.53 21644.86 21744.2 21843.54 21942.88 22041.1 22135.94 22230.83 22325.77 22420.75 22515.77 22610.84 22705.51 22800.22 22894.98 22989.78 23084.63 23179.52 23274.45 23369.42 23464.44 23559.5 23654.6 23749.74 23844.92 23940.13 24035.39 24130.69 24226.02 24321.39 24416.8 24512.24
18285.79 18384.78 18483.78 18582.79 18681.81 18780.84 18879.88 18978.94 19078 19177.07 19276.15 19375.24 19474.34 19573.45 19672.57 19771.7 19870.83 19969.98 20069.13 20168.29 20267.46 20366.64 20465.82 20565.02 20664.22 20763.43 20862.65 20961.87 21061.1 21160.34 21259.59 21358.84 21458.1 21557.37 21656.64 21755.92 21855.21 21954.5 22053.8 22153.1 22252.42 22351.73 22451.06 22547.06 22642 22736.97 22831.99 22927.06 23021.73 23116.45 23211.21 23306.01 23400.86 23495.74 23590.68 23685.65 23780.66 23875.72 23970.82 24065.95 24161.13 24256.34 24351.59 24446.88 24542.21
18300.27 18399.19 18498.11 18597.04 18695.99 18794.95 18893.91 18992.89 19091.88 19190.88 19289.89 19388.91 19487.95 19586.99 19686.04 19785.1 19884.16 19983.24 20082.33 20181.43 20280.53 20379.65 20478.77 20577.9 20677.04 20776.19 20875.34 20974.51 21073.68 21172.86 21272.05 21371.24 21470.45 21569.65 21668.87 21768.1 21867.33 21966.57 22065.81 22165.06 22264.32 22363.59 22462.86 22562.14 22661.42 22760.71 22860.01 22958.22 23053.2 23148.22 23243.28 23337.95 23432.67 23527.43 23622.23 23717.08 23811.97 23906.9 24001.88 24096.89 24191.94 24287.03 24382.17 24477.34 24572.54
18315.29 18414.13 18512.97 18611.82 18710.69 18809.57 18908.46 19007.37 19106.28 19205.21 19304.14 19403.09 19502.05 19601.02 19700 19798.99 19897.99 19997 20096.02 20195.05 20294.09 20393.14 20492.19 20591.26 20690.34 20789.42 20888.51 20987.62 21086.73 21185.84 21284.97 21384.11 21483.25 21582.4 21681.56 21780.72 21879.9 21979.08 22078.27 22177.47 22276.67 22375.88 22475.1 22574.32 22673.55 22772.79 22872.04 22971.29 23070.54 23169.81 23269.08 23368.36 23464.87 23559.5 23654.18 23748.89 23843.66 23938.46 24033.31 24128.2 24223.13 24318.1 24413.11 24508.16 24603.25
18330.85 18429.6 18528.36 18627.13 18725.92 18824.72 18923.53 19022.36 19121.19 19220.04 19318.9 19417.78 19516.66 19615.55 19714.46 19813.38 19912.31 20011.25 20110.2 20209.16 20308.13 20407.11 20506.1 20605.1 20704.11 20803.13 20902.15 21001.19 21100.24 21199.29 21298.36 21397.43 21496.51 21595.6 21694.7 21793.81 21892.92 21992.04 22091.17 22190.31 22289.46 22388.61 22487.78 22586.94 22686.12 22785.3 22884.49 22983.69 23082.89 23182.11 23281.32 23380.55 23479.78 23579.02 23678.26 23777.51 23875.72 23970.4 24065.12 24159.88 24254.69 24349.54 24444.43 24539.36 24634.33
18346.93 18445.6 18544.27 18642.96 18741.66 18840.38 18939.11 19037.86 19136.61 19235.38 19334.17 19432.96 19531.77 19630.59 19729.42 19828.26 19927.12 20025.98 20124.86 20223.75 20322.65 20421.56 20520.48 20619.41 20718.35 20817.3 20916.26 21015.23 21114.21 21213.2 21312.2 21411.21 21510.23 21609.26 21708.29 21807.34 21906.39 22005.45 22104.53 22203.6 22302.69 22401.79 22500.89 22600 22699.12 22798.25 22897.38 22996.52 23095.67 23194.83 23293.99 23393.16 23492.34 23591.52 23690.71 23789.91 23889.12 23988.33 24087.55 24186.77 24286 24381.35 24476.11 24570.92 24665.77
18363.55 18462.12 18560.71 18659.31 18757.93 18856.56 18955.21 19053.87 19152.54 19251.23 19349.94 19448.65 19547.38 19646.12 19744.87 19843.64 19942.42 20041.21 20140.01 20238.82 20337.65 20436.49 20535.34 20634.2 20733.06 20831.95 20930.84 21029.74 21128.65 21227.58 21326.51 21425.45 21524.4 21623.37 21722.34 21821.32 21920.31 22019.31 22118.32 22217.34 22316.36 22415.4 22514.44 22613.49 22712.55 22811.62 22910.7 23009.78 23108.87 23207.97 23307.08 23406.2 23505.32 23604.45 23703.59 23802.73 23901.88 24001.04 24100.21 24199.38 24298.56 24397.75 24496.94 24596.14 24695.34
18380.7 18479.18 18577.67 18676.19 18774.72 18873.26 18971.82 19070.4 19168.99 19267.59 19366.21 19464.84 19563.49 19662.15 19760.82 19859.51 19958.21 20056.92 20155.64 20254.38 20353.13 20451.89 20550.67 20649.46 20748.25 20847.06 20945.88 21044.71 21143.56 21242.41 21341.28 21440.15 21539.04 21637.93 21736.84 21835.75 21934.68 22033.61 22132.55 22231.51 22330.47 22429.45 22528.43 22627.42 22726.42 22825.42 22924.44 23023.47 23122.5 23221.54 23320.59 23419.65 23518.72 23617.79 23716.87 23815.96 23915.06 24014.16 24113.27 24212.39 24311.52 24410.65 24509.79 24608.94 24708.1
18398.37 18496.76 18595.16 18693.58 18792.02 18890.47 18988.94 19087.43 19185.93 19284.45 19382.98 19481.53 19580.09 19678.67 19777.26 19875.87 19974.48 20073.12 20171.76 20270.42 20369.09 20467.78 20566.48 20665.19 20763.91 20862.65 20961.39 21060.15 21158.92 21257.71 21356.5 21455.3 21554.12 21652.95 21751.78 21850.63 21949.49 22048.36 22147.23 22246.12 22345.02 22443.93 22542.85 22641.78 22740.71 22839.66 22938.61 23037.58 23136.55 23235.53 23334.52 23433.52 23532.53 23631.55 23730.57 23829.6 23928.64 24027.69 24126.75 24225.81 24324.88 24423.96 24523.05 24622.14 24721.25
18416.57 18514.86 18613.17 18711.49 18809.84 18908.2 19006.58 19104.97 19203.38 19301.81 19400.26 19498.72 19597.19 19695.69 19794.19 19892.71 19991.25 20089.8 20188.36 20286.94 20385.53 20484.14 20582.76 20681.39 20780.04 20878.7 20977.37 21076.05 21174.75 21273.46 21372.18 21470.91 21569.65 21668.41 21767.18 21865.96 21964.74 22063.54 22162.36 22261.18 22360.01 22458.85 22557.7 22656.57 22755.44 22854.32 22953.21 23052.12 23151.03 23249.95 23348.88 23447.81 23546.76 23645.72 23744.68 23843.66 23942.64 24041.63 24140.63 24239.64 24338.65 24437.68 24536.71 24635.75 24734.79
18435.29 18533.48 18631.69 18729.92 18828.17 18926.44 19024.72 19123.02 19221.34 19319.68 19418.03 19516.4 19614.79 19713.19 19811.61 19910.05 20008.5 20106.96 20205.45 20303.94 20402.45 20500.98 20599.51 20698.07 20796.63 20895.21 20993.81 21092.42 21191.04 21289.67 21388.31 21486.97 21585.64 21684.33 21783.02 21881.73 21980.45 22079.18 22177.92 22276.67 22375.43 22474.21 22572.99 22671.79 22770.6 22869.41 22968.24 23067.08 23165.92 23264.78 23363.65 23462.52 23561.41 23660.3 23759.21 23858.12 23957.04 24055.98 24154.92 24253.87 24352.82 24451.79 24550.76 24649.75 24748.74
18454.54 18552.63 18650.74 18748.87 18847.02 18945.18 19043.37 19141.58 19239.8 19338.04 19436.31 19534.58 19632.88 19731.19 19829.52 19927.87 20026.23 20124.61 20223.01 20321.42 20419.84 20518.29 20616.74 20715.21 20813.7 20912.2 21010.71 21109.24 21207.78 21306.34 21404.91 21503.49 21602.08 21700.69 21799.31 21897.95 21996.59 22095.25 22193.92 22292.6 22391.29 22490 22588.71 22687.44 22786.18 22884.93 22983.69 23082.46 23181.24 23280.04 23378.84 23477.65 23576.47 23675.3 23774.15 23873 23971.86 24070.73 24169.61 24268.5 24367.4 24466.3 24565.22 24664.14 24763.08
18474.31 18572.29 18670.3 18768.32 18866.37 18964.44 19062.53 19160.64 19258.76 19356.91 19455.08 19553.26 19651.46 19749.68 19847.92 19946.18 20044.45 20142.74 20241.05 20339.37 20437.71 20536.07 20634.44 20732.82 20831.23 20929.64 21028.08 21126.52 21224.98 21323.46 21421.95 21520.46 21618.97 21717.5 21816.05 21914.61 22013.18 22111.76 22210.36 22308.97 22407.59 22506.22 22604.87 22703.52 22802.19 22900.87 22999.56 23098.27 23196.98 23295.71 23394.44 23493.19 23591.95 23690.71 23789.49 23888.28 23987.08 24085.89 24184.71 24283.53 24382.37 24481.22 24580.07 24678.94 24777.81
18494.59 18592.47 18690.37 18788.29 18886.24 18984.2 19082.19 19180.2 19278.23 19376.27 19474.34 19572.43 19670.54 19768.66 19866.81 19964.97 20063.15 20161.35 20259.57 20357.8 20456.05 20554.32 20652.6 20750.9 20849.22 20947.55 21045.9 21144.27 21242.65 21341.04 21439.45 21537.87 21636.31 21734.77 21833.23 21931.71 22030.21 22128.71 22227.24 22325.77 22424.32 22522.88 22621.45 22720.04 22818.63 22917.24 23015.86 23114.5 23213.14 23311.8 23410.47 23509.15 23607.84 23706.54 23805.25 23903.97 24002.71 24101.45 24200.21 24298.97 24397.75 24496.53 24595.32 24694.13 24792.94
18515.4 18613.17 18710.96 18808.78 18906.61 19004.47 19102.36 19200.26 19298.19 19396.13 19494.1 19592.09 19690.1 19788.13 19886.18 19984.24 20082.33 20180.44 20278.56 20376.7 20474.86 20573.04 20671.24 20769.45 20867.68 20965.92 21064.19 21162.47 21260.76 21359.07 21457.4 21555.74 21654.1 21752.47 21850.86 21949.26 22047.68 22146.11 22244.55 22343.01 22441.48 22539.96 22638.46 22736.97 22835.5 22934.04 23032.59 23131.15 23229.72 23328.31 23426.91 23525.52 23624.14 23722.77 23821.42 23920.08 24018.74 24117.42 24216.11 24314.81 24413.52 24512.24 24610.97 24709.71 24808.47
18536.72 18634.38 18732.06 18829.76 18927.49 19025.25 19123.02 19220.82 19318.64 19416.49 19514.35 19612.24 19710.15 19808.08 19906.03 20004 20101.99 20200 20298.03 20396.08 20494.14 20592.23 20690.34 20788.46 20886.6 20984.76 21082.93 21181.12 21279.33 21377.56 21475.8 21574.06 21672.33 21770.62 21868.93 21967.25 22065.58 22163.94 22262.3 22360.68 22459.07 22557.48 22655.9 22754.34 22852.79 22951.25 23049.73 23148.22 23246.72 23345.23 23443.76 23542.3 23640.85 23739.42 23837.99 23936.58 24035.18 24133.79 24232.42 24331.05 24429.7 24528.35 24627.02 24725.7 24824.38
18558.56 18656.1 18753.67 18851.26 18948.88 19046.52 19144.19 19241.88 19339.6 19437.34 19535.1 19632.88 19730.69 19828.52 19926.37 20024.23 20122.13 20220.04 20317.97 20415.93 20513.9 20611.89 20709.9 20807.93 20905.98 21004.05 21102.13 21200.24 21298.36 21396.49 21494.65 21592.82 21691.01 21789.22 21887.44 21985.68 22083.93 22182.2 22280.48 22378.79 22477.1 22575.43 22673.77 22772.13 22870.51 22968.89 23067.29 23165.71 23264.13 23362.58 23461.03 23559.5 23657.98 23756.47 23854.98 23953.5 24052.03 24150.57 24249.12 24347.69 24446.27 24544.86 24643.46 24742.07 24840.69
18580.9 18678.33 18775.78 18873.26 18970.77 19068.3 19165.86 19263.44 19361.04 19458.67 19556.33 19654.01 19751.71 19849.43 19947.18 20044.95 20142.74 20240.55 20338.39 20436.24 20534.12 20632.01 20729.93 20827.87 20925.82 21023.8 21121.79 21219.8 21317.83 21415.88 21513.95 21612.03 21710.14 21808.26 21906.39 22004.54 22102.71 22200.9 22299.1 22397.32 22495.55 22593.8 22692.07 22790.35 22888.64 22986.95 23085.28 23183.62 23281.97 23380.33 23478.71 23577.11 23675.52 23773.94 23872.37 23970.82 24069.28 24167.75 24266.23 24364.73 24463.24 24561.76 24660.29 24758.84 24857.39
18603.76 18701.07 18798.4 18895.77 18993.16 19090.57 19188.02 19285.49 19382.98 19480.5 19578.05 19675.62 19773.21 19870.83 19968.47 20066.14 20163.83 20261.54 20359.27 20457.03 20554.8 20652.6 20750.42 20848.26 20946.12 21044 21141.9 21239.82 21337.76 21435.72 21533.7 21631.69 21729.7 21827.73 21925.78 22023.85 22121.94 22220.04 22318.15 22416.29 22514.44 22612.61 22710.79 22808.99 22907.21 23005.43 23103.68 23201.94 23300.21 23398.5 23496.81 23595.13 23693.46 23791.8 23890.17 23988.54 24086.93 24185.33 24283.74 24382.17 24480.61 24579.06 24677.52 24776 24874.48
18627.13 18724.32 18821.53 18918.77 19016.04 19113.35 19210.67 19308.03 19405.41 19502.82 19600.26 19697.71 19795.2 19892.71 19990.25 20087.81 20185.39 20283 20380.63 20478.28 20575.96 20673.65 20771.38 20869.12 20966.88 21064.66 21162.47 21260.29 21358.14 21456 21553.89 21651.79 21749.71 21847.65 21945.62 22043.59 22141.59 22239.6 22337.64 22435.69 22533.75 22631.84 22729.94 22828.05 22926.19 23024.33 23122.5 23220.68 23318.88 23417.09 23515.31 23613.55 23711.81 23810.08 23908.37 24006.67 24104.98 24203.3 24301.65 24400 24498.37 24596.75 24695.14 24793.55 24891.97
18651.01 18748.07 18845.16 18942.28 19039.43 19136.61 19233.82 19331.06 19428.33 19525.63 19622.95 19720.29 19817.67 19915.07 20012.5 20109.95 20207.42 20304.93 20402.45 20500 20597.57 20695.17 20792.79 20890.43 20988.09 21085.78 21183.48 21281.21 21378.96 21476.73 21574.52 21672.33 21770.16 21868.01 21965.88 22063.77 22161.68 22259.61 22357.55 22455.51 22553.49 22651.49 22749.51 22847.54 22945.59 23043.65 23141.74 23239.84 23337.95 23436.08 23534.23 23632.39 23730.57 23828.76 23926.97 24025.2 24123.43 24221.68 24319.95 24418.23 24516.53 24614.83 24713.15 24811.49 24909.84
18675.38 18772.32 18869.29 18966.29 19063.32 19160.38 19257.47 19354.59 19451.73 19548.91 19646.12 19743.35 19840.62 19937.9 20035.22 20132.56 20229.93 20327.32 20424.74 20522.18 20619.65 20717.14 20814.66 20912.2 21009.76 21107.34 21204.95 21302.58 21400.23 21497.91 21595.6 21693.32 21791.05 21888.81 21986.59 22084.38 22182.2 22280.04 22377.89 22475.77 22573.66 22671.57 22769.5 22867.44 22965.41 23063.39 23161.39 23259.41 23357.44 23455.49 23553.56 23651.64 23749.74 23847.85 23945.98 24044.13 24142.29 24240.46 24338.65 24436.86 24535.08 24633.31 24731.56 24829.82 24928.1
