InputData/dist_11.txt
ncols         198
nrows         190
xllcorner     538598.12187439
yllcorner     8171838.0187071
cellsize      100
NODATA_value  -9999
[rows 60 to 89 of 190, columns 67 to 133 of 198]
5300 5200 5100 5000 4900 4800 4700 4600 4500 4400 4300 4200 4100 4000 3900 3800 3700 3600 3500 3400 3300 3200 3100 3000 2900 2800 2700 2600 2500 2400 2300 2200 2100 2000 1900 1800 1700 1600 1500 1400 1300 1200 1100 1000 900 800 700 600 500 400 300 200 100 0 0 100 200 282.8427 360.5551 447.2136 538.5165 632.4555 721.1102 806.2258 894.4272 984.8858 1077.033
5300 5200 5100 5000 4900 4800 4700 4600 4500 4400 4300 4200 4100 4000 3900 3800 3700 3600 3500 3400 3300 3200 3100 3000 2900 2800 2700 2600 2500 2400 2300 2200 2100 2000 1900 1800 1700 1600 1500 1400 1300 1200 1100 1000 900 800 700 600 500 400 300 200 100 0 100 141.4214 223.6068 316.2278 412.3106 500 583.0952 670.8204 761.5773 848.5281 921.9545 989.9495 1063.015
5215.362 5162.364 5100 5000 4900 4800 4700 4600 4500 4400 4300 4200 4100 4000 3900 3800 3700 3600 3500 3400 3300 3200 3100 3000 2900 2800 2700 2600 2500 2400 2300 2200 2100 2000 1900 1800 1700 1600 1500 1400 1300 1200 1100 1000 900 800 700 600 500 400 300 200 100 0 100 200 282.8427 360.5551 424.2641 500 565.6854 640.3124 707.1068 781.025 848.5281 921.9545 1000
5131.277 5077.401 5024.938 4973.932 4900 4800 4700 4600 4500 4400 4300 4200 4100 4000 3900 3800 3700 3600 3500 3400 3300 3200 3100 3000 2900 2800 2700 2600 2500 2400 2300 2200 2100 2000 1900 1800 1700 1600 1500 1400 1300 1200 1100 1000 900 800 700 600 500 400 300 200 100 0 100 141.4214 223.6068 282.8427 360.5551 424.2641 500 565.6854 640.3124 707.1068 781.025 860.2325 943.3981
5047.772 4992.995 4939.636 4887.74 4837.354 4788.528 4700 4600 4500 4400 4300 4200 4100 4000 3900 3800 3700 3600 3500 3400 3300 3200 3100 3000 2900 2800 2700 2600 2500 2400 2300 2200 2100 2000 1900 1800 1700 1600 1500 1400 1300 1200 1100 1000 900 800 700 600 500 400 300 200 100 0 0 100 141.4214 223.6068 282.8427 360.5551 424.2641 500 565.6854 640.3124 721.1102 806.2258 894.4272
4964.876 4909.175 4854.895 4802.083 4750.79 4701.063 4652.956 4601.087 4501.111 4401.136 4301.163 4201.19 4101.219 4001.25 3901.282 3801.316 3701.351 3601.389 3501.428 3401.47 3301.515 3201.562 3101.613 3001.666 2901.724 2801.785 2701.851 2601.922 2501.999 2402.083 2302.173 2202.271 2102.38 2002.498 1902.63 1802.776 1702.939 1603.122 1503.33 1403.567 1303.84 1204.159 1104.536 1004.988 905.5385 806.2258 707.1068 608.2762 509.9019 412.3106 316.2278 223.6068 141.4214 100 0 0 100 141.4214 223.6068 282.8427 360.5551 424.2641 500 583.0952 670.8204 761.5773 854.4004
4876.474 4825.971 4770.744 4716.991 4664.762 4614.109 4565.085 4517.743 4465.423 4404.543 4304.648 4204.759 4104.875 4004.997 3905.125 3805.26 3705.401 3605.551 3505.71 3405.877 3306.055 3206.244 3106.445 3006.659 2906.888 2807.134 2707.397 2607.681 2507.987 2408.319 2308.679 2209.072 2109.502 2009.975 1910.497 1811.077 1711.724 1612.452 1513.275 1414.214 1315.295 1216.552 1118.034 1019.804 921.9545 824.6212 728.011 632.4555 538.5165 447.2136 360.5551 282.8427 223.6068 141.4214 100 0 0 100 141.4214 223.6068 282.8427 360.5551 447.2136 538.5165 632.4555 728.011 824.6212
4788.528 4741.308 4687.217 4632.494 4579.301 4527.692 4477.723 4429.447 4382.921 4326.662 4272.002 4210.701 4110.961 4011.234 3911.521 3811.824 3712.142 3612.478 3512.833 3413.21 3313.608 3214.032 3114.482 3014.963 2915.476 2816.026 2716.615 2617.25 2517.936 2418.677 2319.483 2220.36 2121.32 2022.375 1923.538 1824.829 1726.268 1627.882 1529.706 1431.782 1334.166 1236.932 1140.175 1044.031 948.6833 854.4004 761.5773 670.8204 583.0952 500 424.2641 360.5551 282.8427 223.6068 141.4214 100 0 0 100 141.4214 223.6068 316.2278 412.3106 509.9019 608.2762 707.1068 806.2258
4701.063 4652.956 4604.346 4548.626 4494.441 4441.847 4390.9 4341.659 4294.182 4243.819 4188.078 4134.005 4080.441 4019.95 3920.459 3820.995 3721.559 3622.154 3522.783 3423.448 3324.154 3224.903 3125.7 3026.549 2927.456 2828.427 2729.469 2630.589 2531.798 2433.105 2334.523 2236.068 2137.756 2039.608 1941.649 1843.909 1746.425 1649.242 1552.417 1456.022 1360.147 1264.911 1170.47 1077.033 984.8858 894.4272 806.2258 721.1102 640.3124 565.6854 500 424.2641 360.5551 282.8427 223.6068 141.4214 100 0 0 100 200 300 400 500 600 700 800
4614.109 4565.085 4517.743 4465.423 4410.215 4356.604 4304.648 4254.41 4205.948 4159.327 4104.875 4049.691 3996.248 3940.812 3883.298 3827.532 3733.631 3634.556 3535.534 3436.568 3337.664 3238.827 3140.064 3041.381 2942.788 2844.292 2745.906 2647.64 2549.51 2451.53 2353.72 2256.103 2158.703 2061.553 1964.688 1868.154 1772.005 1676.305 1581.139 1486.607 1392.839 1300 1208.305 1118.034 1029.563 943.3981 860.2325 781.025 707.1068 640.3124 565.6854 500 424.2641 360.5551 282.8427 223.6068 141.4214 100 0 100 200 300 400 500 600 700 800
4527.692 4477.723 4429.447 4382.921 4326.662 4272.002 4219.004 4167.733 4118.252 4070.626 4022.437 3966.106 3911.521 3858.756 3801.316 3744.329 3689.173 3635.932 3551.056 3452.535 3354.102 3255.764 3157.531 3059.412 2961.418 2863.564 2765.863 2668.333 2570.992 2473.863 2376.973 2280.351 2184.033 2088.061 1992.486 1897.367 1802.776 1708.801 1615.549 1523.155 1431.782 1341.641 1252.996 1166.19 1081.665 1000 921.9545 848.5281 781.025 707.1068 640.3124 565.6854 500 424.2641 360.5551 282.8427 200 100 0 100 200 300 400 500 600 700 800
4441.847 4390.9 4341.659 4294.182 4243.819 4188.078 4134.005 4081.666 4031.129 3982.462 3935.734 3883.298 3827.532 3773.593 3720.215 3661.967 3605.551 3551.056 3498.571 3448.188 3373.426 3275.668 3178.05 3080.584 2983.287 2886.174 2789.265 2692.583 2596.151 2500 2404.163 2308.679 2213.594 2118.962 2024.846 1931.321 1838.478 1746.425 1655.295 1565.248 1476.482 1389.244 1303.84 1220.656 1140.175 1063.015 989.9495 921.9545 848.5281 781.025 707.1068 632.4555 538.5165 447.2136 360.5551 282.8427 200 100 0 100 200 300 400 500 600 700 800
4356.604 4304.648 4254.41 4205.948 4159.327 4104.875 4049.691 3996.248 3944.617 3894.868 3847.077 3801.316 3744.329 3689.173 3635.932 3580.503 3522.783 3466.987 3413.21 3361.547 3312.099 3264.966 3201.562 3104.835 3008.322 2912.044 2816.026 2720.294 2624.881 2529.822 2435.159 2340.94 2247.22 2154.066 2061.553 1969.772 1878.829 1788.854 1700 1612.452 1526.434 1442.22 1360.147 1280.625 1204.159 1131.371 1063.015 984.8858 894.4272 806.2258 707.1068 608.2762 509.9019 412.3106 316.2278 223.6068 141.4214 100 0 100 200 300 400 500 600 700 800
4272.002 4219.004 4167.733 4118.252 4070.626 4022.437 3966.106 3911.521 3858.756 3807.886 3758.989 3712.142 3661.967 3605.551 3551.056 3498.571 3440.93 3383.785 3328.663 3275.668 3224.903 3176.476 3130.495 3080.584 3023.243 2941.088 2846.05 2751.363 2657.066 2563.201 2469.818 2376.973 2284.732 2193.171 2102.38 2012.461 1923.538 1835.756 1749.286 1664.332 1581.139 1500 1421.267 1334.166 1236.932 1140.175 1044.031 948.6833 854.4004 761.5773 670.8204 583.0952 500 400 300 200 100 0 0 100 200 300 400 500 600 700 800
4188.078 4134.005 4081.666 4031.129 3982.462 3935.734 3883.298 3827.532 3773.593 3721.559 3671.512 3623.534 3577.709 3522.783 3466.987 3413.21 3360.06 3301.515 3244.996 3190.611 3138.471 3088.689 3041.381 2996.665 2941.088 2884.441 2830.194 2778.489 2692.583 2600 2507.987 2416.609 2325.941 2236.068 2147.091 2059.126 1964.688 1868.154 1772.005 1676.305 1581.139 1486.607 1392.839 1300 1208.305 1118.034 1019.804 921.9545 824.6212 728.011 632.4555 538.5165 447.2136 360.5551 282.8427 200 100 0 100 141.4214 223.6068 316.2278 412.3106 509.9019 608.2762 707.1068 806.2258
4104.875 4049.691 3996.248 3944.617 3894.868 3847.077 3801.316 3744.329 3689.173 3635.932 3584.69 3535.534 3488.553 3440.93 3383.785 3328.663 3275.668 3220.249 3162.278 3106.445 3052.867 3001.666 2952.965 2906.888 2860.07 2801.785 2745.906 2692.583 2641.969 2594.224 2500 2404.163 2308.679 2213.594 2118.962 2024.846 1931.321 1838.478 1746.425 1649.242 1552.417 1456.022 1360.147 1264.911 1170.47 1077.033 984.8858 894.4272 806.2258 707.1068 608.2762 509.9019 412.3106 316.2278 223.6068 141.4214 100 0 100 200 282.8427 360.5551 447.2136 538.5165 632.4555 728.011 824.6212
4022.437 3966.106 3911.521 3858.756 3807.886 3758.989 3712.142 3661.967 3605.551 3551.056 3498.571 3448.188 3400 3354.102 3301.515 3244.996 3190.611 3138.471 3080.584 3023.243 2968.164 2915.476 2865.31 2817.801 2773.085 2720.294 2662.705 2607.681 2555.386 2505.993 2459.675 2376.973 2280.351 2184.033 2088.061 1992.486 1897.367 1802.776 1708.801 1615.549 1523.155 1431.782 1334.166 1236.932 1140.175 1044.031 948.6833 854.4004 761.5773 670.8204 583.0952 500 400 300 200 100 0 0 100 200 300 400 500 583.0952 670.8204 761.5773 854.4004
3940.812 3883.298 3827.532 3773.593 3721.559 3671.512 3623.534 3577.709 3522.783 3466.987 3413.21 3361.547 3312.099 3264.966 3220.249 3162.278 3106.445 3052.867 3000 2941.088 2884.441 2830.194 2778.489 2729.469 2683.281 2640.076 2580.698 2523.886 2469.818 2418.677 2370.654 2325.941 2256.103 2158.703 2061.553 1964.688 1868.154 1772.005 1676.305 1581.139 1486.607 1392.839 1300 1208.305 1118.034 1019.804 921.9545 824.6212 728.011 632.4555 538.5165 447.2136 360.5551 282.8427 200 100 0 100 141.4214 223.6068 316.2278 412.3106 509.9019 608.2762 707.1068 806.2258 894.4272
3858.756 3801.316 3744.329 3689.173 3635.932 3584.69 3535.534 3488.553 3440.93 3383.785 3328.663 3275.668 3224.903 3176.476 3130.495 3080.584 3023.243 2968.164 2915.476 2860.07 2801.785 2745.906 2692.583 2641.969 2594.224 2549.51 2500 2441.311 2385.372 2332.381 2282.542 2236.068 2193.171 2137.756 2039.608 1941.649 1843.909 1746.425 1649.242 1552.417 1456.022 1360.147 1264.911 1170.47 1077.033 984.8858 894.4272 806.2258 707.1068 608.2762 509.9019 412.3106 316.2278 223.6068 141.4214 100 0 100 200 282.8427 360.5551 447.2136 538.5165 632.4555 728.011 824.6212 921.9545
3773.593 3720.215 3661.967 3605.551 3551.056 3498.571 3448.188 3400 3354.102 3301.515 3244.996 3190.611 3138.471 3088.689 3041.381 2996.665 2941.088 2884.441 2830.194 2778.489 2720.294 2662.705 2607.681 2555.386 2505.993 2459.675 2416.609 2360.085 2302.173 2247.22 2195.45 2147.091 2102.38 2061.553 2000 1923.538 1824.829 1726.268 1627.882 1529.706 1431.782 1334.166 1236.932 1140.175 1044.031 948.6833 854.4004 761.5773 670.8204 583.0952 500 400 300 200 100 0 0 100 200 300 400 500 583.0952 670.8204 761.5773 854.4004 948.6833
3689.173 3635.932 3580.503 3522.783 3466.987 3413.21 3361.547 3312.099 3264.966 3220.249 3162.278 3106.445 3052.867 3001.666 2952.965 2906.888 2860.07 2801.785 2745.906 2692.583 2640.076 2580.698 2523.886 2469.818 2418.677 2370.654 2325.941 2280.351 2220.36 2163.331 2109.502 2059.126 2012.461 1969.772 1920.937 1860.108 1802.776 1708.801 1612.452 1513.275 1414.214 1315.295 1216.552 1118.034 1019.804 921.9545 824.6212 728.011 632.4555 538.5165 447.2136 360.5551 282.8427 200 100 0 100 141.4214 223.6068 316.2278 412.3106 509.9019 608.2762 707.1068 806.2258 894.4272 984.8858
3605.551 3551.056 3498.571 3440.93 3383.785 3328.663 3275.668 3224.903 3176.476 3130.495 3080.584 3023.243 2968.164 2915.476 2865.31 2817.801 2773.085 2720.294 2662.705 2607.681 2555.386 2500 2441.311 2385.372 2332.381 2282.542 2236.068 2193.171 2140.094 2080.865 2024.846 1972.308 1923.538 1878.829 1835.756 1780.449 1720.465 1664.332 1581.139 1486.607 1392.839 1300 1204.159 1104.536 1004.988 905.5385 806.2258 707.1068 608.2762 509.9019 412.3106 316.2278 223.6068 141.4214 100 0 100 200 282.8427 360.5551 447.2136 538.5165 632.4555 728.011 824.6212 921.9545 1019.804
3522.783 3466.987 3413.21 3360.06 3301.515 3244.996 3190.611 3138.471 3088.689 3041.381 2996.665 2941.088 2884.441 2830.194 2778.489 2729.469 2683.281 2640.076 2580.698 2523.886 2469.818 2418.677 2360.085 2302.173 2247.22 2195.45 2147.091 2102.38 2061.553 2000 1941.649 1886.796 1835.756 1788.854 1746.425 1700 1640.122 1581.139 1526.434 1456.022 1360.147 1264.911 1170.47 1077.033 984.8858 894.4272 800 700 600 500 400 300 200 100 0 0 100 200 300 400 500 583.0952 670.8204 761.5773 854.4004 948.6833 1044.031
3440.93 3383.785 3328.663 3275.668 3220.249 3162.278 3106.445 3052.867 3001.666 2952.965 2906.888 2860.07 2801.785 2745.906 2692.583 2641.969 2594.224 2549.51 2500 2441.311 2385.372 2332.381 2280.351 2220.36 2163.331 2109.502 2059.126 2012.461 1969.772 1920.937 1860.108 1802.776 1749.286 1700 1655.295 1612.452 1562.05 1500 1442.22 1389.244 1334.166 1236.932 1140.175 1044.031 948.6833 854.4004 761.5773 670.8204 583.0952 500 400 300 200 100 0 100 141.4214 223.6068 316.2278 412.3106 509.9019 608.2762 707.1068 806.2258 894.4272 984.8858 1077.033
3354.102 3301.515 3244.996 3190.611 3138.471 3080.584 3023.243 2968.164 2915.476 2865.31 2817.801 2773.085 2720.294 2662.705 2607.681 2555.386 2505.993 2459.675 2416.609 2360.085 2302.173 2247.22 2195.45 2140.094 2080.865 2024.846 1972.308 1923.538 1878.829 1835.756 1780.449 1720.465 1664.332 1612.452 1565.248 1523.155 1476.482 1421.267 1360.147 1303.84 1252.996 1208.305 1118.034 1019.804 921.9545 824.6212 728.011 632.4555 538.5165 447.2136 360.5551 282.8427 200 100 0 100 200 282.8427 360.5551 447.2136 538.5165 632.4555 728.011 824.6212 921.9545 1019.804 1118.034
3264.966 3220.249 3162.278 3106.445 3052.867 3000 2941.088 2884.441 2830.194 2778.489 2729.469 2683.281 2640.076 2580.698 2523.886 2469.818 2418.677 2370.654 2325.941 2280.351 2220.36 2163.331 2109.502 2059.126 2000 1941.649 1886.796 1835.756 1788.854 1746.425 1700 1640.122 1581.139 1526.434 1476.482 1431.782 1389.244 1341.641 1280.625 1220.656 1166.19 1118.034 1077.033 984.8858 894.4272 806.2258 707.1068 608.2762 509.9019 412.3106 316.2278 223.6068 141.4214 100 0 100 200 300 400 500 583.0952 670.8204 761.5773 854.4004 948.6833 1044.031 1140.175
3176.476 3130.495 3080.584 3023.243 2968.164 2915.476 2860.07 2801.785 2745.906 2692.583 2641.969 2594.224 2549.51 2500 2441.311 2385.372 2332.381 2282.542 2236.068 2193.171 2140.094 2080.865 2024.846 1972.308 1920.937 1860.108 1802.776 1749.286 1700 1655.295 1612.452 1562.05 1500 1442.22 1389.244 1341.641 1300 1252.996 1204.159 1140.175 1081.665 1029.563 984.8858 943.3981 854.4004 761.5773 670.8204 583.0952 500 400 300 200 100 0 0 100 200 300 400 500 600 700 800 894.4272 984.8858 1077.033 1170.47
3088.689 3041.381 2996.665 2941.088 2884.441 2830.194 2778.489 2720.294 2662.705 2607.681 2555.386 2505.993 2459.675 2416.609 2360.085 2302.173 2247.22 2195.45 2147.091 2102.38 2061.553 2000 1941.649 1886.796 1835.756 1780.449 1720.465 1664.332 1612.452 1565.248 1523.155 1476.482 1421.267 1360.147 1303.84 1252.996 1208.305 1166.19 1118.034 1063.015 1000 943.3981 894.4272 854.4004 806.2258 728.011 632.4555 538.5165 447.2136 360.5551 282.8427 200 100 0 100 141.4214 223.6068 316.2278 412.3106 509.9019 608.2762 707.1068 806.2258 905.5385 1004.988 1104.536 1204.159
3001.666 2952.965 2906.888 2860.07 2801.785 2745.906 2692.583 2640.076 2580.698 2523.886 2469.818 2418.677 2370.654 2325.941 2280.351 2220.36 2163.331 2109.502 2059.126 2012.461 1969.772 1920.937 1860.108 1802.776 1749.286 1700 1640.122 1581.139 1526.434 1476.482 1431.782 1389.244 1341.641 1280.625 1220.656 1166.19 1118.034 1077.033 1029.563 984.8858 921.9545 860.2325 806.2258 761.5773 721.1102 670.8204 608.2762 509.9019 412.3106 316.2278 223.6068 141.4214 100 0 100 200 282.8427 360.5551 447.2136 538.5165 632.4555 728.011 824.6212 921.9545 1019.804 1118.034 1216.552
2915.476 2865.31 2817.801 2773.085 2720.294 2662.705 2607.681 2555.386 2500 2441.311 2385.372 2332.381 2282.542 2236.068 2193.171 2140.094 2080.865 2024.846 1972.308 1923.538 1878.829 1835.756 1780.449 1720.465 1664.332 1612.452 1562.05 1500 1442.22 1389.244 1341.641 1300 1252.996 1204.159 1140.175 1081.665 1029.563 984.8858 943.3981 894.4272 848.5281 781.025 721.1102 670.8204 632.4555 583.0952 538.5165 500 400 300 200 100 0 0 100 200 300 400 500 583.0952 670.8204 761.5773 854.4004 948.6833 1044.031 1140.175 1236.932
