InputData/dist_21.txt
ncols         137
nrows         122
xllcorner     572528.41721637
yllcorner     8195621.6166888
cellsize      100
NODATA_value  -9999
[rows 87 to 115 of 122, columns 66 to 131 of 137]
25536.05 25625.38 25714.78 25804.26 25893.82 25983.26 26072.59 26162 26251.48 26341.03 26430.66 26520.37 26610.15 26700 26789.92 26879.92 26969.98 27060.12 27150.32 27240.59 27330.94 27421.34 27511.82 27602.36 27692.96 27783.63 27874.36 27965.16 28056.02 28146.94 28237.92 28328.96 28420.06 28511.23 28602.45 28693.73 28785.07 28876.46 28967.91 29059.42 29150.99 29242.61 -9999 -9999 -9999 -9999 -9999 -9999 -9999 -9999 -9999 -9999 -9999 -9999 -9999 -9999 -9999 -9999 -9999 -9999 -9999 -9999 -9999 -9999 -9999 -9999
25580.66 25670.22 25759.66 25848.98 25938.39 26027.87 26117.43 26206.87 26296.2 26385.6 26475.08 26564.64 26654.27 26743.97 26833.75 26923.6 27013.52 27103.51 27193.56 27283.7 27373.89 27464.16 27554.49 27644.89 27735.36 27825.89 27916.48 28007.14 28097.87 28188.65 28279.5 28370.41 28461.38 28552.41 28643.5 28734.65 28825.86 28917.12 29008.45 29099.83 29191.27 29282.76 29374.31 -9999 -9999 -9999 -9999 -9999 -9999 -9999 -9999 -9999 -9999 -9999 -9999 -9999 -9999 -9999 -9999 -9999 -9999 -9999 -9999 -9999 -9999 -9999
25625.38 25714.78 25804.26 25893.82 25983.26 26072.59 26162 26251.48 26341.03 26430.47 26519.8 26609.21 26698.69 26788.24 26877.87 26967.57 27057.35 27147.19 27237.11 27327.09 27417.15 27507.27 27597.46 27687.72 27778.05 27868.44 27958.9 28049.42 28140.01 28230.66 28321.37 28412.14 28502.98 28593.88 28684.84 28775.86 28866.94 28958.07 29049.27 29140.52 29231.83 29323.2 29414.62 -9999 -9999 -9999 -9999 -9999 -9999 -9999 -9999 -9999 -9999 -9999 -9999 -9999 -9999 -9999 -9999 -9999 -9999 -9999 -9999 -9999 -9999 -9999
25670.41 25759.66 25848.98 25938.39 26027.87 26117.43 26206.87 26296.2 26385.6 26475.08 26564.64 26654.08 26743.41 26832.82 26922.29 27011.85 27101.48 27191.18 27280.95 27370.79 27460.7 27550.68 27640.73 27730.85 27821.04 27911.29 28001.61 28091.99 28182.44 28272.96 28363.53 28454.17 28544.88 28635.64 28726.47 28817.36 28908.3 28999.31 29090.38 29181.5 29272.68 29363.92 29455.22 29546.57 -9999 -9999 -9999 -9999 -9999 -9999 -9999 -9999 -9999 -9999 -9999 -9999 -9999 -9999 -9999 -9999 -9999 -9999 -9999 -9999 -9999 -9999
25715.75 25804.84 25894.02 25983.26 26072.59 26162 26251.48 26341.03 26430.47 26519.8 26609.21 26698.69 26788.24 26877.69 26967.02 27056.42 27145.9 27235.46 27325.08 27414.78 27504.54 27594.38 27684.29 27774.27 27864.31 27954.43 28044.61 28134.85 28225.17 28315.54 28405.98 28496.49 28587.06 28677.69 28768.38 28859.14 28949.96 29040.83 29131.77 29222.77 29313.82 29404.93 29496.1 29587.33 -9999 -9999 -9999 -9999 -9999 -9999 -9999 -9999 -9999 -9999 -9999 -9999 -9999 -9999 -9999 -9999 -9999 -9999 -9999 -9999 -9999 -9999
25761.4 25850.34 25939.35 26028.45 26117.62 26206.87 26296.2 26385.6 26475.08 26564.64 26654.08 26743.41 26832.82 26922.29 27011.85 27101.29 27190.62 27280.03 27369.51 27459.06 27548.68 27638.38 27728.14 27817.98 27907.88 27997.86 28087.9 28178.01 28268.18 28358.42 28448.73 28539.1 28629.53 28720.03 28810.59 28901.21 28991.89 29082.64 29173.45 29264.31 29355.24 29446.22 29537.26 29628.37 29719.52 -9999 -9999 -9999 -9999 -9999 -9999 -9999 -9999 -9999 -9999 -9999 -9999 -9999 -9999 -9999 -9999 -9999 -9999 -9999 -9999 -9999
25807.36 25896.14 25985 26073.93 26162.95 26252.05 26341.22 26430.47 26519.8 26609.21 26698.69 26788.24 26877.69 26967.02 27056.42 27145.9 27235.46 27324.9 27414.23 27503.64 27593.12 27682.67 27772.29 27861.98 27951.74 28041.58 28131.48 28221.45 28311.48 28401.58 28491.75 28581.99 28672.29 28762.65 28853.08 28943.57 29034.12 29124.73 29215.41 29306.14 29396.94 29487.79 29578.71 29669.68 29760.71 29851.8 -9999 -9999 -9999 -9999 -9999 -9999 -9999 -9999 -9999 -9999 -9999 -9999 -9999 -9999 -9999 -9999 -9999 -9999 -9999 -9999
25853.63 25942.24 26030.94 26119.72 26208.59 26297.53 26386.55 26475.65 26564.83 26654.08 26743.41 26832.82 26922.29 27011.85 27101.29 27190.62 27280.03 27369.51 27459.06 27548.5 27637.84 27727.24 27816.72 27906.27 27995.89 28085.58 28175.34 28265.17 28355.07 28445.04 28535.07 28625.16 28715.33 28805.55 28895.85 28986.2 29076.62 29167.11 29257.65 29348.25 29438.92 29529.65 29620.43 29711.28 29802.18 29893.14 29984.16 -9999 -9999 -9999 -9999 -9999 -9999 -9999 -9999 -9999 -9999 -9999 -9999 -9999 -9999 -9999 -9999 -9999 -9999 -9999
25900.19 25988.65 26077.19 26165.82 26254.52 26343.31 26432.18 26521.12 26610.15 26699.25 26788.43 26877.69 26967.02 27056.42 27145.9 27235.46 27324.9 27414.23 27503.64 27593.12 27682.67 27772.11 27861.44 27950.85 28040.33 28129.88 28219.5 28309.19 28398.94 28488.77 28578.66 28668.62 28758.65 28848.74 28938.9 29029.12 29119.41 29209.76 29300.17 29390.64 29481.18 29571.78 29662.43 29753.15 29843.93 29934.76 30025.66 30116.61 -9999 -9999 -9999 -9999 -9999 -9999 -9999 -9999 -9999 -9999 -9999 -9999 -9999 -9999 -9999 -9999 -9999 -9999
25947.06 26035.36 26123.74 26212.21 26300.76 26389.39 26478.1 26566.9 26655.77 26744.72 26833.75 26922.85 27012.04 27101.29 27190.62 27280.03 27369.51 27459.06 27548.5 27637.84 27727.24 27816.72 27906.27 27995.71 28085.05 28174.46 28263.94 28353.48 28443.1 28532.79 28622.54 28712.37 28802.26 28892.21 28982.24 29072.32 29162.48 29252.69 29342.97 29433.31 29523.72 29614.19 29704.71 29795.3 29885.95 29976.66 30067.42 30158.25 -9999 -9999 -9999 -9999 -9999 -9999 -9999 -9999 -9999 -9999 -9999 -9999 -9999 -9999 -9999 -9999 -9999 -9999
25994.23 26082.37 26170.59 26258.9 26347.29 26435.77 26524.33 26612.97 26701.69 26790.48 26879.36 26968.31 27057.35 27146.46 27235.64 27324.9 27414.23 27503.64 27593.12 27682.67 27772.11 27861.44 27950.85 28040.33 28129.88 28219.32 28308.66 28398.06 28487.54 28577.09 28666.71 28756.39 28846.14 28935.96 29025.85 29115.8 29205.82 29295.9 29386.05 29476.26 29566.54 29656.87 29747.27 29837.73 29928.25 30018.83 30109.47 30200.17 30290.92 -9999 -9999 -9999 -9999 -9999 -9999 -9999 -9999 -9999 -9999 -9999 -9999 -9999 -9999 -9999 -9999 -9999
26041.7 26129.68 26217.74 26305.89 26394.13 26482.45 26570.85 26659.33 26747.9 26836.54 26925.27 27014.07 27102.95 27191.91 27280.95 27370.06 27459.24 27548.5 27637.84 27727.24 27816.72 27906.27 27995.71 28085.05 28174.46 28263.94 28353.48 28442.93 28532.26 28621.67 28711.15 28800.7 28890.31 28979.99 29069.74 29159.56 29249.45 29339.39 29429.41 29519.48 29609.63 29699.83 29790.1 29880.43 29970.82 30061.27 30151.78 30242.35 30332.98 30423.68 -9999 -9999 -9999 -9999 -9999 -9999 -9999 -9999 -9999 -9999 -9999 -9999 -9999 -9999 -9999 -9999
26089.46 26177.28 26265.19 26353.18 26441.26 26529.42 26617.66 26705.99 26794.4 26882.89 26971.47 27060.12 27148.85 27237.66 27326.54 27415.51 27504.54 27593.66 27682.85 27772.11 27861.44 27950.85 28040.33 28129.88 28219.32 28308.66 28398.06 28487.54 28577.09 28666.53 28755.87 28845.28 28934.75 29024.3 29113.91 29203.6 29293.34 29383.16 29473.04 29562.98 29652.99 29743.07 29833.2 29923.4 30013.66 30103.99 30194.37 30284.81 30375.32 30465.88 30556.51 30647.19 -9999 -9999 -9999 -9999 -9999 -9999 -9999 -9999 -9999 -9999 -9999 -9999 -9999 -9999
26137.52 26225.18 26312.92 26400.76 26488.68 26576.68 26664.77 26752.94 26841.2 26929.54 27017.96 27106.46 27195.04 27283.7 27372.43 27461.25 27550.14 27639.1 27728.14 27817.26 27906.45 27995.71 28085.05 28174.46 28263.94 28353.48 28442.93 28532.26 28621.67 28711.15 28800.7 28890.14 28979.47 29068.88 29158.36 29247.91 29337.52 29427.2 29516.94 29606.76 29696.63 29786.57 29876.58 29966.65 30056.78 30146.97 30237.23 30327.54 30417.92 30508.36 30598.86 30689.41 30780.03 30870.7 -9999 -9999 -9999 -9999 -9999 -9999 -9999 -9999 -9999 -9999 -9999 -9999
26185.88 26273.37 26360.96 26448.63 26536.39 26624.24 26712.17 26800.19 26888.29 26976.47 27064.74 27153.08 27241.51 27330.02 27418.61 27507.27 27596.01 27684.83 27773.73 27862.7 27951.74 28040.86 28130.05 28219.32 28308.66 28398.06 28487.54 28577.09 28666.53 28755.87 28845.28 28934.75 29024.3 29113.74 29203.08 29292.49 29381.97 29471.51 29561.12 29650.8 29740.54 29830.35 29920.23 30010.16 30100.17 30190.23 30280.36 30370.54 30460.79 30551.11 30641.47 30731.9 30822.39 30912.94 31003.55 -9999 -9999 -9999 -9999 -9999 -9999 -9999 -9999 -9999 -9999 -9999
-9999 -9999 26409.28 26496.79 26584.39 26672.08 26759.86 26847.72 26935.66 27023.69 27111.8 27200 27288.28 27376.63 27465.07 27553.58 27642.18 27730.85 27819.6 27908.42 27997.32 28086.29 28175.34 28264.46 28353.66 28442.93 28532.26 28621.67 28711.15 28800.7 28890.14 28979.47 29068.88 29158.36 29247.91 29337.35 29426.69 29516.1 29605.57 29695.12 29784.73 29874.4 29964.14 30053.95 30143.82 30233.76 30323.75 30413.81 30503.93 30594.12 30684.36 30774.66 30865.03 30955.45 31045.93 31136.47 31227.07 -9999 -9999 -9999 -9999 -9999 -9999 -9999 -9999 -9999
-9999 -9999 -9999 26545.24 26632.69 26720.22 26807.83 26895.54 26983.33 27071.2 27159.16 27247.2 27335.32 27423.53 27511.82 27600.18 27688.63 27777.15 27865.75 27954.43 28043.18 28132.01 28220.91 28309.89 28398.94 28488.07 28577.26 28666.53 28755.87 28845.28 28934.75 29024.3 29113.74 29203.08 29292.49 29381.97 29471.51 29560.95 29650.29 29739.7 29829.18 29918.72 30008.33 30098.01 30187.75 30277.55 30367.42 30457.35 30547.34 30637.39 30727.51 30817.69 30907.93 30998.23 31088.58 31179 31269.47 31360.01 -9999 -9999 -9999 -9999 -9999 -9999 -9999 -9999
-9999 -9999 -9999 26593.98 26681.27 26768.64 26856.1 26943.64 27031.28 27119 27206.8 27294.69 27382.66 27470.71 27558.85 27647.06 27735.36 27823.73 27912.18 28000.71 28089.32 28178.01 28266.77 28355.6 28444.51 28533.49 28622.54 28711.67 28800.87 28890.14 28979.47 29068.88 29158.36 29247.91 29337.35 29426.69 29516.1 29605.57 29695.12 29784.56 29873.9 29963.31 30052.79 30142.33 30231.94 30321.61 30411.35 30501.15 30591.01 30680.94 30770.93 30860.98 30951.09 31041.26 31131.5 31221.79 31312.14 31402.55 31493.02 31583.54 -9999 -9999 -9999 -9999 -9999 -9999
-9999 -9999 -9999 -9999 26730.13 26817.35 26904.65 26992.04 27079.51 27167.08 27254.72 27342.46 27430.28 27518.18 27606.16 27694.22 27782.37 27870.59 27958.9 28047.28 28135.74 28224.28 28312.89 28401.58 28490.35 28579.19 28668.1 28757.09 28846.14 28935.27 29024.47 29113.74 29203.08 29292.49 29381.97 29471.51 29560.95 29650.29 29739.7 29829.18 29918.72 30008.17 30097.51 30186.92 30276.39 30365.94 30455.54 30545.21 30634.95 30724.75 30814.61 30904.53 30994.52 31084.56 31174.67 31264.84 31355.06 31445.35 31535.69 31626.1 31716.56 -9999 -9999 -9999 -9999 -9999
-9999 -9999 -9999 -9999 -9999 26866.34 26953.48 27040.71 27128.03 27215.44 27302.93 27390.51 27478.17 27565.92 27653.75 27741.67 27829.66 27917.74 28005.89 28094.13 28182.44 28270.83 28359.3 28447.85 28536.47 28625.16 28713.93 28802.78 28891.69 28980.68 29069.74 29158.88 29248.08 29337.35 29426.69 29516.1 29605.57 29695.12 29784.56 29873.9 29963.31 30052.79 30142.33 30231.77 30321.12 30410.53 30500 30589.54 30679.15 30768.81 30858.55 30948.34 31038.2 31128.12 31218.1 31308.15 31398.25 31488.41 31578.63 31668.91 31759.25 31849.65 -9999 -9999 -9999 -9999
-9999 -9999 -9999 -9999 -9999 -9999 27002.59 27089.67 27176.83 27264.08 27351.42 27438.84 27526.35 27613.95 27701.63 27789.39 27877.23 27965.16 28053.16 28141.25 28229.42 28317.66 28405.98 28494.38 28582.86 28671.41 28760.04 28848.74 28937.52 29026.37 29115.29 29204.28 29293.34 29382.48 29471.68 29560.95 29650.29 29739.7 29829.18 29918.72 30008.17 30097.51 30186.92 30276.39 30365.94 30455.38 30544.72 30634.13 30723.61 30813.15 30902.75 30992.42 31082.15 31171.94 31261.8 31351.71 31441.69 31531.73 31621.83 31711.98 31802.2 31892.48 -9999 -9999 -9999 -9999
-9999 -9999 -9999 -9999 -9999 -9999 -9999 27138.9 27225.91 27313 27400.18 27487.45 27574.81 27662.25 27749.78 27837.38 27925.08 28012.85 28100.71 28188.65 28276.67 28364.77 28452.94 28541.2 28629.53 28717.94 28806.42 28894.98 28983.62 29072.32 29161.1 29249.96 29338.88 29427.88 29516.94 29606.08 29695.29 29784.56 29873.9 29963.31 30052.79 30142.33 30231.77 30321.12 30410.53 30500 30589.54 30678.98 30768.33 30857.74 30947.21 31036.75 31126.36 31216.02 31305.75 31395.54 31485.39 31575.31 31665.28 31755.31 31845.41 31935.56 32025.77 -9999 -9999 -9999
-9999 -9999 -9999 -9999 -9999 -9999 -9999 -9999 27266.28 27362.2 27449.23 27536.34 27623.54 27710.83 27798.2 27885.66 27973.2 28060.83 28148.54 28236.32 28324.2 28412.14 28500.18 28588.29 28676.47 28764.74 28853.08 28941.49 29029.98 29118.55 29207.19 29295.9 29384.69 29473.55 29562.48 29651.47 29740.54 29829.68 29918.89 30008.17 30097.51 30186.92 30276.39 30365.94 30455.38 30544.72 30634.13 30723.61 30813.15 30902.59 30991.93 31081.35 31170.82 31260.36 31349.96 31439.63 31529.35 31619.14 31708.99 31798.9 31888.87 31978.9 32068.99 32159.13 -9999 -9999
-9999 -9999 -9999 -9999 -9999 -9999 -9999 -9999 -9999 -9999 27459.06 27558.85 27658.63 27758.42 27846.9 27934.21 28021.6 28109.07 28196.63 28284.27 28371.99 28459.8 28547.68 28635.64 28723.68 28811.8 28900 28988.27 29076.62 29165.05 29253.55 29342.12 29430.77 29519.48 29608.28 29697.14 29786.07 29875.07 29964.14 30053.29 30142.49 30231.77 30321.12 30410.53 30500 30589.54 30678.98 30768.33 30857.74 30947.21 31036.75 31126.2 31215.54 31304.95 31394.43 31483.96 31573.56 31663.23 31752.95 31842.74 31932.59 32022.49 32112.46 32202.48 32292.57 -9999
-9999 -9999 -9999 -9999 -9999 -9999 -9999 -9999 -9999 -9999 -9999 27552.5 27652.3 27752.12 27851.93 27951.74 28051.56 28151.38 28245 28332.49 28420.06 28507.72 28595.46 28683.27 28771.17 28859.14 28947.19 29035.32 29123.53 29211.81 29300.17 29388.6 29477.11 29565.69 29654.34 29743.07 29831.86 29920.73 30009.67 30098.67 30187.75 30276.89 30366.1 30455.38 30544.72 30634.13 30723.61 30813.15 30902.59 30991.93 31081.35 31170.82 31260.36 31349.8 31439.15 31528.56 31618.03 31707.57 31797.17 31886.83 31976.55 32066.34 32156.18 32246.09 32336.05 -9999
-9999 -9999 -9999 -9999 -9999 -9999 -9999 -9999 -9999 -9999 -9999 -9999 -9999 27746.17 27846.01 27945.84 28045.68 28145.52 28245.35 28345.19 28445.04 28544.88 28643.5 28731.17 28818.92 28906.75 28994.65 29082.64 29170.71 29258.85 29347.06 -9999 -9999 29612.16 29700.67 29789.26 29877.92 29966.65 30055.45 30144.32 30233.26 30322.27 30411.35 30500.49 30589.71 30678.98 30768.33 30857.74 30947.21 31036.75 31126.2 31215.54 31304.95 31394.43 31483.96 31573.41 31662.75 31752.17 31841.64 31931.18 32020.78 32110.43 32200.16 32289.94 32379.78 32469.68
-9999 -9999 -9999 -9999 -9999 -9999 -9999 -9999 -9999 -9999 -9999 -9999 -9999 -9999 -9999 27940.29 28040.15 28140.01 28239.87 28339.72 28439.59 28539.45 28639.31 28739.17 28839.04 28938.9 29038.77 -9999 -9999 -9999 -9999 -9999 -9999 -9999 29747.27 29835.72 29924.24 30012.83 30101.49 30190.23 30279.04 30367.91 30456.86 30545.87 30634.95 30724.1 30813.31 30902.59 30991.93 31081.35 31170.82 31260.36 31349.8 31439.15 31528.56 31618.03 31707.57 31797.01 31886.36 31975.77 32065.25 32154.78 32244.38 32334.04 32423.76 32513.54
-9999 -9999 -9999 -9999 -9999 -9999 -9999 -9999 -9999 -9999 -9999 -9999 -9999 -9999 -9999 -9999 -9999 -9999 28234.73 28334.61 28434.49 28534.37 28634.25 28734.13 -9999 -9999 -9999 -9999 -9999 -9999 -9999 -9999 -9999 -9999 -9999 29882.44 29970.82 30059.28 30147.8 30236.4 30325.07 30413.81 30502.62 30591.5 30680.45 30769.46 30858.55 30947.7 31036.91 31126.2 31215.54 31304.95 31394.43 31483.96 31573.41 31662.75 31752.17 31841.64 31931.18 32020.62 32109.97 32199.38 32288.85 32378.39 32467.98 32557.64
-9999 -9999 -9999 -9999 -9999 -9999 -9999 -9999 -9999 -9999 -9999 -9999 -9999 -9999 -9999 -9999 -9999 -9999 -9999 -9999 -9999 -9999 -9999 -9999 -9999 -9999 -9999 -9999 -9999 -9999 -9999 -9999 -9999 -9999 -9999 -9999 30017.66 30105.98 30194.37 30282.83 30371.37 30459.97 30548.65 30637.39 30726.21 30815.09 30904.04 30993.06 31082.15 31171.3 31260.52 31349.8 31439.15 31528.56 31618.03 31707.57 31797.01 31886.36 31975.77 32065.25 32154.78 32244.22 32333.57 32422.99 32512.46 32601.99
