InputData/dist_7.txt
ncols         213
nrows         268
xllcorner     539567.82534275
yllcorner     8201791.1215116
cellsize      100
NODATA_value  -9999
[rows 210 to 239 of 268, columns 0 to 67 of 213]
-9999 -9999 -9999 -9999 -9999 -9999 -9999 -9999 -9999 -9999 -9999 -9999 -9999 -9999 -9999 -9999 -9999 -9999 -9999 -9999 -9999 -9999 -9999 -9999 -9999 -9999 -9999 -9999 -9999 -9999 -9999 -9999 9518.929 9433.981 9349.331 9264.988 9180.959 9097.252 9013.878 8930.846 8848.164 8765.843 8682.166 8598.256 8514.693 8431.488 8348.652 8266.196 8183.52 8099.383 8015.61 7932.213 7849.204 7766.595 7684.4 7600.658 7516.648 7433.034 7349.83 7267.049 7184.706 7102.112 7017.834 6933.974 6850.547 6767.57 6685.058 6603.03
-9999 -9999 -9999 -9999 -9999 -9999 -9999 -9999 -9999 -9999 -9999 -9999 -9999 -9999 -9999 -9999 -9999 -9999 -9999 -9999 -9999 -9999 -9999 -9999 -9999 -9999 -9999 -9999 -9999 -9999 -9999 9552.486 9466.784 9381.364 9296.235 9211.406 9126.884 9042.677 8958.795 8875.246 8792.042 8709.19 8626.703 8544.004 8459.905 8376.156 8292.768 8209.75 8127.115 8044.874 7961.156 7877.182 7793.587 7710.383 7627.582 7545.197 7462.573 7378.347 7294.519 7211.103 7128.113 7045.566 6963.476 6879.68 6795.587 6711.93 6628.726 6545.991
-9999 -9999 -9999 -9999 -9999 -9999 -9999 -9999 -9999 -9999 -9999 -9999 -9999 -9999 -9999 -9999 -9999 -9999 -9999 -9999 -9999 -9999 -9999 -9999 -9999 -9999 -9999 -9999 -9999 9674.709 9588.014 9501.579 9415.413 9329.523 9243.917 9158.603 9073.588 8988.882 8904.493 8820.431 8736.704 8653.323 8570.298 8487.638 8405.355 8321.658 8237.718 8154.14 8070.936 7988.116 7905.694 7823.043 7738.863 7655.063 7571.658 7488.658 7406.079 7323.934 7240.166 7156.116 7072.482 6989.277 6906.519 6824.222 6741.662 6657.327 6573.431 6489.992
-9999 -9999 -9999 -9999 -9999 -9999 -9999 -9999 -9999 -9999 -9999 -9999 -9999 -9999 -9999 -9999 -9999 -9999 -9999 -9999 -9999 -9999 -9999 -9999 -9999 -9999 -9999 -9999 9712.878 9625.487 9538.344 9451.455 9364.828 9278.47 9192.388 9106.591 9021.086 8935.883 8850.988 8766.413 8682.166 8598.256 8514.693 8431.488 8348.652 8266.196 8183.52 8099.383 8015.61 7932.213 7849.204 7766.595 7684.4 7600.658 7516.648 7433.034 7349.83 7267.049 7184.706 7102.112 7017.834 6933.974 6850.547 6767.57 6685.058 6603.03 6519.203 6435.06
-9999 -9999 -9999 -9999 -9999 -9999 -9999 -9999 -9999 -9999 -9999 -9999 -9999 -9999 -9999 -9999 -9999 -9999 -9999 -9999 -9999 -9999 -9999 -9999 -9999 -9999 9841.24 9752.948 9664.885 9577.056 9489.468 9402.127 9315.042 9228.218 9141.663 9055.385 8969.393 8883.693 8798.295 8713.208 8628.441 8544.004 8459.905 8376.156 8292.768 8209.75 8127.115 8044.874 7961.156 7877.182 7793.587 7710.383 7627.582 7545.197 7462.573 7378.347 7294.519 7211.103 7128.113 7045.566 6963.476 6879.68 6795.587 6711.93 6628.726 6545.991 6463.745 6381.223
-9999 -9999 -9999 -9999 -9999 -9999 -9999 -9999 -9999 -9999 -9999 -9999 -9999 -9999 -9999 -9999 -9999 -9999 -9999 -9999 -9999 -9999 -9999 -9999 -9999 9883.825 9794.896 9706.184 9617.692 9529.428 9441.398 9353.609 9266.067 9178.78 9091.755 9004.999 8918.521 8832.327 8746.428 8660.831 8575.547 8490.583 8405.95 8321.658 8237.718 8154.14 8070.936 7988.116 7905.694 7823.043 7738.863 7655.063 7571.658 7488.658 7406.079 7323.934 7240.166 7156.116 7072.482 6989.277 6906.519 6824.222 6741.662 6657.327 6573.431 6489.992 6407.027 6324.555
-9999 -9999 -9999 -9999 -9999 -9999 -9999 -9999 -9999 -9999 -9999 -9999 -9999 -9999 -9999 -9999 -9999 -9999 -9999 -9999 -9999 -9999 -9999 -9999 9928.242 9838.699 9749.359 9660.228 9571.312 9482.615 9394.147 9305.912 9217.917 9130.17 9042.677 8955.445 8868.483 8781.8 8695.401 8609.297 8523.497 8438.009 8352.844 8268.011 8183.52 8099.383 8015.61 7932.213 7849.204 7766.595 7684.4 7600.658 7516.648 7433.034 7349.83 7267.049 7184.706 7102.112 7017.834 6933.974 6850.547 6767.57 6685.058 6603.03 6519.203 6435.06 6351.378 6268.173
-9999 -9999 -9999 -9999 -9999 -9999 -9999 -9999 -9999 -9999 -9999 -9999 -9999 -9999 -9999 -9999 -9999 -9999 -9999 -9999 -9999 -9999 -9999 9972.964 9883.825 9794.386 9704.638 9615.093 9525.755 9436.631 9347.727 9259.05 9170.605 9082.4 8994.442 8906.739 8819.297 8732.125 8645.229 8558.621 8472.308 8386.299 8300.603 8215.229 8130.19 8045.496 7961.156 7877.182 7793.587 7710.383 7627.582 7545.197 7462.573 7378.347 7294.519 7211.103 7128.113 7045.566 6963.476 6879.68 6795.587 6711.93 6628.726 6545.991 6463.745 6381.223 6296.825 6212.89
-9999 -9999 -9999 -9999 -9999 -9999 -9999 -9999 -9999 -9999 -9999 -9999 -9999 -9999 -9999 -9999 -9999 -9999 -9999 -9999 -9999 -9999 -9999 9928.242 9838.699 9749.359 9660.228 9570.789 9481.034 9391.485 9302.15 9213.034 9124.144 9035.485 8947.066 8858.894 8770.975 8683.317 8595.93 8508.819 8421.995 8335.467 8249.242 8163.333 8077.747 7992.497 7907.591 7823.043 7738.863 7655.063 7571.658 7488.658 7406.079 7323.934 7240.166 7156.116 7072.482 6989.277 6906.519 6824.222 6741.662 6657.327 6573.431 6489.992 6407.027 6324.555 6242.596 6158.733
-9999 -9999 -9999 -9999 -9999 -9999 -9999 -9999 -9999 -9999 -9999 -9999 -9999 -9999 -9999 -9999 -9999 -9999 -9999 -9999 -9999 -9999 -9999 -9999 9794.386 9704.638 9615.093 9525.755 9436.631 9347.192 9257.43 9167.879 9078.546 8989.438 8900.562 8811.924 8723.531 8635.393 8547.515 8459.905 8372.574 8285.529 8198.78 8112.336 8026.207 7940.403 7854.935 7769.813 7685.05 7600.658 7516.648 7433.034 7349.83 7267.049 7184.706 7102.112 7017.834 6933.974 6850.547 6767.57 6685.058 6603.03 6519.203 6435.06 6351.378 6268.173 6185.467 6103.278
-9999 -9999 -9999 -9999 -9999 -9999 -9999 -9999 -9999 -9999 -9999 -9999 -9999 -9999 -9999 -9999 -9999 -9999 -9999 -9999 -9999 -9999 -9999 -9999 9749.359 9660.228 9570.789 9481.034 9391.485 9302.15 9213.034 9123.596 9033.825 8944.271 8854.942 8765.843 8676.981 8588.364 8500 8411.896 8324.062 8236.504 8149.233 8062.258 7975.588 7889.233 7803.205 7717.513 7632.169 7547.185 7462.573 7378.347 7294.519 7211.103 7128.113 7045.566 6963.476 6879.68 6795.587 6711.93 6628.726 6545.991 6463.745 6381.223 6296.825 6212.89 6129.437 6046.487
-9999 -9999 -9999 -9999 -9999 -9999 -9999 -9999 -9999 -9999 -9999 -9999 -9999 -9999 -9999 -9999 -9999 -9999 -9999 -9999 -9999 -9999 -9999 -9999 9704.638 9615.093 9525.755 9436.631 9347.192 9257.43 9167.879 9078.546 8989.438 8900 8810.222 8720.665 8631.338 8542.248 8453.401 8364.808 8276.473 8188.406 8100.617 8013.114 7925.907 7839.005 7752.419 7666.159 7580.237 7494.665 7409.454 7324.616 7240.166 7156.116 7072.482 6989.277 6906.519 6824.222 6741.662 6657.327 6573.431 6489.992 6407.027 6324.555 6242.596 6158.733 6074.537 5990.826
-9999 -9999 -9999 -9999 -9999 -9999 -9999 -9999 -9999 -9999 -9999 -9999 -9999 -9999 -9999 -9999 -9999 -9999 -9999 -9999 -9999 -9999 -9999 -9999 9660.745 9570.789 9481.034 9391.485 9302.15 9213.034 9123.596 9033.825 8944.271 8854.942 8765.843 8676.405 8586.617 8497.059 8407.734 8318.653 8229.824 8141.253 8052.95 7964.923 7877.182 7789.737 7702.597 7615.773 7529.276 7443.118 7357.309 7271.864 7186.793 7102.112 7017.834 6933.974 6850.547 6767.57 6685.058 6603.03 6519.203 6435.06 6351.378 6268.173 6185.467 6103.278 6020.797 5936.329
-9999 -9999 -9999 -9999 -9999 -9999 -9999 -9999 -9999 -9999 -9999 -9999 -9999 -9999 -9999 -9999 -9999 -9999 -9999 -9999 -9999 -9999 -9999 -9999 -9999 9527.329 9437.16 9347.192 9257.43 9167.879 9078.546 8989.438 8900 8810.222 8720.665 8631.338 8542.248 8452.811 8363.014 8273.451 8184.131 8095.06 8006.248 7917.702 7829.432 7741.447 7653.757 7566.373 7479.305 7392.564 7306.162 7220.111 7134.424 7049.113 6964.194 6879.68 6795.587 6711.93 6628.726 6545.991 6463.745 6381.223 6296.825 6212.89 6129.437 6046.487 5964.059 5882.176
-9999 -9999 -9999 -9999 -9999 -9999 -9999 -9999 -9999 -9999 -9999 -9999 -9999 -9999 -9999 -9999 -9999 -9999 -9999 -9999 -9999 -9999 -9999 -9999 9575.489 9484.725 9394.147 9303.763 9213.577 9123.596 9033.825 8944.271 8854.942 8765.843 8676.405 8586.617 8497.059 8407.734 8318.653 8229.216 8139.41 8049.845 7960.528 7871.467 7782.673 7694.154 7605.919 7517.979 7430.343 7343.024 7256.032 7169.379 7083.079 6997.142 6911.584 6826.419 6741.662 6657.327 6573.431 6489.992 6407.027 6324.555 6242.596 6158.733 6074.537 5990.826 5907.622 5824.946
-9999 -9999 -9999 -9999 -9999 -9999 -9999 -9999 -9999 -9999 -9999 -9999 -9999 -9999 -9999 -9999 -9999 -9999 -9999 -9999 -9999 -9999 -9999 -9999 9534.149 9442.986 9352.005 9261.209 9170.605 9080.198 8989.994 8900 8810.222 8720.665 8631.338 8542.248 8452.811 8363.014 8273.451 8184.131 8095.06 8005.623 7915.807 7826.238 7736.924 7647.875 7559.101 7470.609 7382.412 7294.519 7206.941 7119.691 7032.78 6946.222 6860.029 6774.216 6688.796 6603.787 6519.203 6435.06 6351.378 6268.173 6185.467 6103.278 6020.797 5936.329 5852.35 5768.882
-9999 -9999 -9999 -9999 -9999 -9999 -9999 -9999 -9999 -9999 -9999 -9999 -9999 -9999 -9999 -9999 -9999 -9999 -9999 -9999 -9999 -9999 -9999 9585.405 9493.682 9402.127 9310.746 9219.545 9128.526 9037.699 8947.066 8856.636 8766.413 8676.405 8586.617 8497.059 8407.734 8318.653 8229.216 8139.41 8049.845 7960.528 7871.467 7782.031 7692.204 7602.631 7513.321 7424.285 7335.53 7247.068 7158.911 7071.068 6983.552 6896.376 6809.552 6723.095 6637.018 6551.336 6466.065 6381.223 6296.825 6212.89 6129.437 6046.487 5964.059 5882.176 5798.275 5714.018
-9999 -9999 -9999 -9999 -9999 -9999 -9999 -9999 -9999 -9999 -9999 -9999 -9999 -9999 -9999 -9999 -9999 -9999 -9999 -9999 -9999 -9999 -9999 9546.203 9454.1 9362.158 9270.383 9178.78 9087.354 8996.11 8905.055 8814.193 8723.531 8633.076 8542.833 8452.811 8363.014 8273.451 8184.131 8095.06 8005.623 7915.807 7826.238 7736.924 7647.875 7558.439 7468.601 7379.024 7289.719 7200.694 7111.962 7023.532 6935.417 6847.627 6760.178 6673.08 6586.35 6500 6414.047 6328.507 6243.396 6158.733 6074.537 5990.826 5907.622 5824.946 5742.822 5660.389
-9999 -9999 -9999 -9999 -9999 -9999 -9999 -9999 -9999 -9999 -9999 -9999 -9999 -9999 -9999 -9999 -9999 -9999 -9999 -9999 -9999 -9999 9600.521 9507.892 9415.413 9323.09 9230.927 9138.928 9047.099 8955.445 8863.972 8772.685 8681.59 8590.692 8500 8409.519 8319.255 8229.216 8139.41 8049.845 7960.528 7871.467 7782.031 7692.204 7602.631 7513.321 7424.285 7334.848 7244.998 7155.417 7066.116 6977.105 6888.396 6800 6711.93 6624.198 6536.819 6449.806 6363.175 6276.942 6191.123 6105.735 6020.797 5936.329 5852.35 5768.882 5685.948 5603.57
-9999 -9999 -9999 -9999 -9999 -9999 -9999 -9999 -9999 -9999 -9999 -9999 -9999 -9999 -9999 -9999 -9999 -9999 -9999 -9999 -9999 -9999 9563.473 9470.48 9377.633 9284.934 9192.388 9100 9007.774 8915.717 8823.831 8732.125 8640.602 8549.269 8458.132 8367.198 8276.473 8185.963 8095.678 8005.623 7915.807 7826.238 7736.924 7647.875 7558.439 7468.601 7379.024 7289.719 7200.694 7111.259 7021.396 6931.811 6842.514 6753.518 6664.833 6576.473 6488.451 6400.781 6313.478 6226.556 6140.033 6053.924 5968.25 5883.026 5798.275 5714.018 5630.275 5547.071
-9999 -9999 -9999 -9999 -9999 -9999 -9999 -9999 -9999 -9999 -9999 -9999 -9999 -9999 -9999 -9999 -9999 -9999 -9999 -9999 -9999 9620.811 9527.329 9433.981 9340.771 9247.702 9154.78 9062.009 8969.393 8876.937 8784.646 8692.525 8600.581 8508.819 8417.244 8325.863 8234.683 8143.709 8052.95 7962.412 7872.103 7782.031 7692.204 7602.631 7513.321 7424.285 7334.848 7244.998 7155.417 7066.116 6977.105 6887.67 6797.794 6708.204 6618.912 6529.931 6441.273 6352.952 6264.982 6177.378 6090.156 6003.333 5916.925 5830.952 5745.433 5660.389 5575.841 5491.812
-9999 -9999 -9999 -9999 -9999 -9999 -9999 -9999 -9999 -9999 -9999 -9999 -9999 -9999 -9999 -9999 -9999 -9999 -9999 -9999 9679.876 9585.927 9492.102 9398.404 9304.838 9211.406 9118.114 9024.966 8931.965 8839.117 8746.428 8653.9 8561.542 8469.356 8377.351 8285.529 8193.9 8102.469 8011.242 7920.227 7829.432 7738.863 7648.529 7558.439 7468.601 7379.024 7289.719 7200.694 7111.259 7021.396 6931.811 6842.514 6753.518 6664.083 6574.192 6484.597 6395.311 6306.346 6217.717 6129.437 6041.523 5953.99 5866.856 5780.138 5693.856 5608.03 5522.681 5437.831
-9999 -9999 -9999 -9999 -9999 -9999 -9999 -9999 -9999 -9999 -9999 -9999 -9999 -9999 -9999 -9999 -9999 -9999 -9999 -9999 9646.243 9551.963 9457.801 9363.76 9269.844 9176.056 9082.4 8988.882 8895.505 8802.272 8709.19 8616.264 8523.497 8430.896 8338.465 8246.211 8154.14 8062.258 7970.571 7879.086 7787.811 7696.752 7605.919 7515.318 7424.958 7334.848 7244.998 7155.417 7066.116 6977.105 6887.67 6797.794 6708.204 6618.912 6529.931 6440.497 6350.59 6260.99 6171.709 6082.763 5994.164 5905.929 5818.075 5730.62 5643.581 5556.978 5470.832 5385.165
-9999 -9999 -9999 -9999 -9999 -9999 -9999 -9999 -9999 -9999 -9999 -9999 -9999 -9999 -9999 -9999 -9999 -9999 -9999 9708.244 9613.532 9518.929 9424.437 9330.059 9235.8 9141.663 9047.651 8953.771 8860.022 8766.413 8672.946 8579.627 8486.46 8393.45 8300.603 8207.923 8115.417 8023.092 7930.952 7839.005 7747.258 7655.717 7564.39 7473.286 7382.412 7291.776 7201.389 7111.259 7021.396 6931.811 6842.514 6753.518 6664.083 6574.192 6484.597 6395.311 6306.346 6216.913 6126.989 6037.383 5948.109 5859.181 5770.615 5682.429 5594.64 5507.268 5420.332 5333.854
-9999 -9999 -9999 -9999 -9999 -9999 -9999 -9999 -9999 -9999 -9999 -9999 -9999 -9999 -9999 -9999 -9999 -9999 -9999 9676.776 9581.754 9486.833 9392.018 9297.312 9202.717 9108.238 9013.878 8919.642 8825.531 8731.552 8637.708 8544.004 8450.443 8357.033 8263.776 8170.679 8077.747 7984.986 7892.401 7800 7707.788 7615.773 7523.962 7432.362 7340.981 7249.828 7158.911 7068.239 6977.822 6887.67 6797.794 6708.204 6618.912 6529.931 6440.497 6350.59 6260.99 6171.709 6082.763 5993.33 5903.389 5813.777 5724.509 5635.601 5547.071 5458.938 5371.22 5283.938
-9999 -9999 -9999 -9999 -9999 -9999 -9999 -9999 -9999 -9999 -9999 -9999 -9999 -9999 -9999 -9999 -9999 -9999 9741.663 9646.243 9550.916 9455.687 9360.556 9265.527 9170.605 9075.792 8981.091 8886.507 8792.042 8697.701 8603.487 8509.406 8415.462 8321.658 8228.001 8134.495 8041.144 7947.956 7854.935 7762.087 7669.42 7576.938 7484.651 7392.564 7300.685 7209.022 7117.584 7026.379 6935.417 6844.706 6754.258 6664.083 6574.192 6484.597 6395.311 6306.346 6216.913 6126.989 6037.383 5948.109 5859.181 5769.749 5679.789 5590.17 5500.909 5412.023 5323.533 5235.456
-9999 -9999 -9999 -9999 -9999 -9999 -9999 -9999 -9999 -9999 -9999 -9999 -9999 -9999 -9999 -9999 -9999 -9999 9712.363 9616.652 9521.029 9425.497 9330.059 9234.717 9139.475 9044.335 8949.302 8854.378 8759.566 8664.872 8570.298 8475.848 8381.527 8287.34 8193.29 8099.383 8005.623 7912.016 7818.568 7725.283 7632.169 7539.231 7446.476 7353.911 7261.542 7169.379 7077.429 6985.7 6894.201 6802.94 6711.93 6621.178 6530.697 6440.497 6350.59 6260.99 6171.709 6082.763 5993.33 5903.389 5813.777 5724.509 5635.601 5546.17 5456.189 5366.563 5277.31 5188.449
-9999 -9999 -9999 -9999 -9999 -9999 -9999 -9999 -9999 -9999 -9999 -9999 -9999 -9999 -9999 -9999 -9999 9780.082 9684.008 9588.014 9492.102 9396.275 9300.538 9204.89 9109.336 9013.878 8918.521 8823.265 8728.115 8633.076 8538.149 8443.341 8348.652 8254.09 8159.657 8065.358 7971.198 7877.182 7783.315 7689.604 7596.052 7502.666 7409.454 7316.42 7223.573 7130.918 7038.466 6946.222 6854.196 6762.396 6670.832 6579.514 6488.451 6397.656 6307.139 6216.913 6126.989 6037.383 5948.109 5859.181 5769.749 5679.789 5590.17 5500.909 5412.023 5322.593 5232.59 5142.957
-9999 -9999 -9999 -9999 -9999 -9999 -9999 -9999 -9999 -9999 -9999 -9999 -9999 -9999 -9999 -9999 9849.365 9752.948 9656.604 9560.335 9464.143 9368.03 9272.001 9176.056 9080.198 8984.431 8888.757 8793.179 8697.701 8602.325 8507.056 8411.896 8316.851 8221.922 8127.115 8032.434 7937.884 7843.469 7749.193 7655.063 7561.084 7467.262 7373.602 7280.11 7186.793 7093.659 7000.714 6907.966 6815.424 6723.095 6630.988 6539.113 6447.48 6356.1 6264.982 6174.14 6083.584 5993.33 5903.389 5813.777 5724.509 5635.601 5546.17 5456.189 5366.563 5277.31 5188.449 5099.02
-9999 -9999 -9999 -9999 -9999 -9999 -9999 -9999 -9999 -9999 -9999 -9999 -9999 -9999 -9999 9920.182 9823.441 9726.768 9630.161 9533.625 9437.16 9340.771 9244.458 9148.224 9052.071 8956.004 8860.022 8764.132 8668.333 8572.631 8477.027 8381.527 8286.133 8190.849 8095.678 8000.625 7905.694 7810.89 7716.217 7621.68 7527.284 7433.034 7338.937 7244.998 7151.224 7057.62 6964.194 6870.953 6777.905 6685.058 6592.42 6500 6407.808 6315.853 6224.146 6132.699 6041.523 5950.63 5860.034 5769.749 5679.789 5590.17 5500.909 5412.023 5322.593 5232.59 5142.957 5053.711
