InputData/dist_14.txt
ncols         192
nrows         185
xllcorner     521121.3274656
yllcorner     8193989.8049443
cellsize      100
NODATA_value  -9999
[rows 120 to 149 of 185, columns 0 to 67 of 192]
-9999 29420.57 29320.64 29220.71 29120.78 29020.86 28920.93 28821 -9999 28621.15 28521.22 28421.29 28321.37 28221.45 28121.52 28021.6 27921.68 27821.75 27721.83 27621.91 27521.99 27422.07 27322.15 27222.23 27122.32 27022.4 26922.48 26822.56 26722.65 26622.73 26522.82 26422.91 26322.99 26223.08 26123.17 26023.26 25923.35 25823.44 25723.53 25623.62 25523.71 25423.81 25323.9 25224 25124.09 25024.19 24924.29 24824.38 24724.48 24624.58 24524.68 24424.78 24324.88 24224.99 24125.09 24025.2 23925.3 23825.41 23725.51 23625.62 23525.73 23425.84 23325.95 23226.06 23126.18 23026.29 22926.4 22826.52
-9999 29424.48 29324.56 29224.65 29124.73 29024.82 28924.9 28824.99 28725.08 28625.16 28525.25 28425.34 28325.43 28225.52 28125.61 28025.7 27925.79 27825.89 27725.98 27626.07 27526.17 27426.27 27326.36 27226.46 27126.55 27026.65 26926.75 26826.85 26726.95 26627.05 26527.16 26427.26 26327.36 26227.47 26127.57 26027.68 25927.79 25827.89 25728 25628.11 25528.22 25428.33 25328.44 25228.55 25128.67 25028.78 24928.9 24829.02 24729.13 24629.25 24529.37 24429.49 24329.61 24229.73 24129.86 24029.98 23930.11 23830.23 23730.36 23630.49 23530.62 23430.75 23330.88 23231.01 23131.15 23031.28 22931.42 22831.56
-9999 29428.73 29328.83 29228.92 29129.02 29029.12 28929.22 28829.33 28729.43 28629.53 28529.63 28429.74 28329.84 28229.95 28130.05 28030.16 27930.27 27830.38 27730.49 27630.6 27530.71 27430.82 27330.94 27231.05 27131.16 27031.28 26931.39 26831.51 26731.63 26631.75 26531.87 26431.99 26332.11 26232.23 26132.36 26032.48 25932.61 25832.73 25732.86 25632.99 25533.12 25433.25 25333.38 25233.51 25133.64 25033.78 24933.91 24834.05 24734.19 24634.33 24534.46 24434.61 24334.75 24234.89 24135.04 24035.18 23935.33 23835.48 23735.63 23635.78 23535.93 23436.08 23336.24 23236.39 23136.55 23036.71 22936.87 22837.03
-9999 29433.31 29333.43 29233.54 29133.66 29033.77 28933.89 28834.01 28734.13 28634.25 28534.37 28434.49 28334.61 28234.73 28134.85 28034.98 27935.1 27835.23 27735.36 27635.48 27535.61 27435.74 27335.87 27236.01 27136.14 27036.27 26936.41 26836.54 26736.68 26636.82 26536.96 26437.1 26337.24 26237.38 26137.52 26037.66 25937.81 25837.96 25738.1 25638.25 25538.4 25438.55 25338.71 25238.86 25139.01 25039.17 24939.33 24839.48 24739.64 24639.8 24539.97 24440.13 24340.29 24240.46 24140.63 24040.8 23940.97 23841.14 23741.31 23641.49 23541.67 23441.84 23342.02 23242.2 23142.38 23042.57 22942.75 22842.94
29538.11 29438.24 29338.37 29238.5 29138.63 29038.77 28938.9 28839.04 28739.17 28639.31 28539.45 28439.59 28339.72 28239.87 28140.01 28040.15 27940.29 27840.44 27740.58 27640.73 27540.88 27441.03 27341.18 27241.33 27141.48 27041.63 26941.79 26841.95 26742.1 26642.26 26542.42 26442.58 26342.74 26242.9 26143.07 26043.23 25943.4 25843.57 25743.74 25643.91 25544.08 25444.25 25344.43 25244.6 25144.78 25044.96 24945.14 24845.32 24745.5 24645.69 24545.88 24446.06 24346.25 24246.44 24146.63 24046.83 23947.03 23847.22 23747.42 23647.62 23547.82 23448.03 23348.23 23248.44 23148.65 23048.86 22949.07 22849.29
29543.36 29443.51 29343.65 29243.8 29143.95 29044.1 28944.26 28844.41 28744.56 28644.72 28544.88 28445.04 28345.19 28245.35 28145.52 28045.68 27945.84 27846.01 27746.17 27646.34 27546.51 27446.68 27346.85 27247.02 27147.19 27047.37 26947.54 26847.72 26747.9 26648.08 26548.26 26448.44 26348.63 26248.81 26149 26049.18 25949.37 25849.56 25749.76 25649.95 25550.15 25450.34 25350.54 25250.74 25150.94 25051.15 24951.35 24851.56 24751.77 24651.98 24552.19 24452.4 24352.62 24252.83 24153.05 24053.27 23953.5 23853.72 23753.95 23654.18 23554.4 23454.64 23354.87 23255.11 23155.35 23055.59 22955.83 22856.07
29548.94 29449.11 29349.28 29249.45 29149.61 29049.79 28949.96 28850.13 28750.3 28650.48 28550.66 28450.83 28351.01 28251.2 28151.38 28051.56 27951.74 27851.93 27752.12 27652.3 27552.5 27452.69 27352.88 27253.07 27153.27 27053.46 26953.66 26853.86 26754.06 26654.27 26554.47 26454.68 26354.88 26255.1 26155.3 26055.52 25955.73 25855.95 25756.16 25656.38 25556.6 25456.83 25357.05 25257.28 25157.5 25057.73 24957.96 24858.2 24758.43 24658.67 24558.91 24459.15 24359.39 24259.64 24159.88 24060.13 23960.38 23860.64 23760.89 23661.15 23561.41 23461.67 23361.94 23262.2 23162.47 23062.74 22963.01 22863.29
29554.86 29455.05 29355.24 29255.43 29155.62 29055.81 28956 28856.2 28756.39 28656.59 28556.79 28456.98 28357.19 28257.39 28157.59 28057.8 27958 27858.21 27758.42 27658.63 27558.85 27459.06 27359.28 27259.49 27159.71 27059.93 26960.16 26860.38 26760.61 26660.83 26561.06 26461.29 26361.53 26261.76 26162 26062.23 25962.47 25862.71 25762.96 25663.2 25563.45 25463.7 25363.95 25264.2 25164.46 25064.72 24964.97 24865.24 24765.5 24665.77 24566.03 24466.3 24366.58 24266.85 24167.13 24067.41 23967.69 23867.97 23768.26 23668.54 23568.84 23469.13 23369.42 23269.72 23170.02 23070.33 22970.63 22870.94
-9999 29461.33 29361.54 29261.75 29161.96 29062.17 28962.39 28862.61 28762.82 28663.04 28563.26 28463.49 28363.71 28263.94 28164.16 28064.39 27964.62 27864.85 27765.09 27665.32 27565.56 27465.8 27366.04 27266.28 27166.52 27066.77 26967.02 26867.27 26767.52 26667.77 26568.03 26468.28 26368.54 26268.8 26169.07 26069.33 25969.6 25869.87 25770.14 25670.41 25570.69 25470.96 25371.24 25271.53 25171.81 25072.1 24972.38 24872.68 24772.97 24673.27 24573.56 24473.86 24374.17 24274.47 24174.78 24075.09 23975.4 23875.72 23776.04 23676.36 23576.68 23477.01 23377.34 23277.67 23178.01 23078.35 22978.69 22879.03
-9999 29467.95 29368.18 29268.41 29168.65 29068.88 28969.12 28869.36 28769.6 28669.85 28570.09 28470.34 28370.58 28270.83 28171.08 28071.34 27971.59 27871.85 27772.11 27672.37 27572.63 27472.9 27373.16 27273.43 27173.7 27073.97 26974.25 26874.52 26774.8 26675.08 26575.37 26475.65 26375.94 26276.22 26176.52 26076.81 25977.11 25877.4 25777.7 25678.01 25578.31 25478.62 25378.93 25279.24 25179.55 25079.87 24980.19 24880.51 24780.84 24681.17 24581.5 24481.83 24382.17 24282.5 24182.85 24083.19 23983.54 23883.89 23784.24 23684.59 23584.95 23485.31 23385.68 23286.05 23186.42 23086.79 22987.17 22887.55
-9999 -9999 29375.16 29275.42 29175.67 29075.94 28976.2 28876.46 28776.73 28676.99 28577.26 28477.54 28377.81 28278.08 28178.36 28078.64 27978.92 27879.2 27779.49 27679.78 27580.06 27480.36 27380.65 27280.95 27181.24 27081.54 26981.85 26882.15 26782.46 26682.77 26583.08 26483.39 26383.71 26284.03 26184.35 26084.67 25985 25885.32 25785.65 25685.99 25586.32 25486.66 25387 25287.35 25187.7 25088.04 24988.4 24888.75 24789.11 24689.47 24589.84 24490.2 24390.57 24290.95 24191.32 24091.7 23992.08 23892.47 23792.86 23693.25 23593.64 23494.04 23394.44 23294.85 23195.26 23095.67 22996.09 22896.51
-9999 -9999 29382.48 29282.76 29183.04 29083.33 28983.62 28883.91 28784.2 28684.49 28584.79 28485.08 28385.38 28285.69 28185.99 28086.29 27986.6 27886.91 27787.23 27687.54 27587.86 27488.18 27388.5 27288.83 27189.15 27089.48 26989.81 26890.15 26790.48 26690.82 26591.16 26491.51 26391.86 26292.21 26192.56 26092.91 25993.27 25893.63 25793.99 25694.36 25594.73 25495.1 25395.47 25295.85 25196.23 25096.61 24997 24897.39 24797.78 24698.18 24598.58 24498.98 24399.38 24299.79 24200.21 24100.62 24001.04 23901.46 23801.89 23702.32 23602.75 23503.19 23403.63 23304.08 23204.53 23104.98 23005.43 22905.89
-9999 -9999 -9999 29290.44 29190.75 29091.06 28991.38 28891.69 28792.01 28692.33 28592.66 28492.98 28393.31 28293.64 28193.97 28094.3 27994.64 27894.98 27795.32 27695.67 27596.01 27496.36 27396.71 27297.07 27197.43 27097.79 26998.15 26898.51 26798.88 26699.25 26599.63 26500 26400.38 26300.76 26201.14 26101.53 26001.92 25902.32 25802.71 25703.11 25603.52 25503.92 25404.33 25304.74 25205.16 25105.58 25006 24906.43 24806.85 24707.29 24607.72 24508.16 24408.61 24309.05 24209.5 24109.96 24010.41 23910.88 23811.34 23711.81 23612.29 23512.76 23413.24 23313.73 23214.22 23114.71 23015.21 22915.71
-9999 -9999 -9999 29298.46 29198.8 29099.14 28999.48 28899.83 28800.17 28700.52 28600.88 28501.23 28401.58 28301.94 28202.3 28102.67 28003.04 27903.4 27803.78 27704.15 27604.53 27504.91 27405.29 27305.68 27206.07 27106.46 27006.85 26907.25 26807.65 26708.05 26608.46 26508.87 26409.28 26309.69 26210.11 26110.54 26010.96 25911.39 25811.82 25712.25 25612.69 25513.13 25413.58 25314.03 25214.48 25114.94 25015.39 24915.86 24816.33 24716.8 24617.27 24517.75 24418.23 24318.72 24219.21 24119.7 24020.2 23920.7 23821.21 23721.72 23622.23 23522.76 23423.28 23323.81 23224.34 23124.88 23025.42 22925.97
-9999 -9999 -9999 -9999 29207.19 29107.56 29007.93 28908.3 28808.68 28709.06 28609.44 28509.82 28410.21 28310.6 28210.99 28111.38 28011.78 27912.18 27812.59 27712.99 27613.4 27513.81 27414.23 27314.65 27215.07 27115.49 27015.92 26916.35 26816.79 26717.22 26617.66 26518.11 26418.55 26319 26219.46 26119.92 26020.38 25920.84 25821.31 25721.78 25622.26 25522.73 25423.22 25323.71 25224.2 25124.69 25025.19 24925.69 24826.2 24726.71 24627.22 24527.74 24428.26 24328.79 24229.32 24129.86 24030.4 23930.94 23831.49 23732.04 23632.61 23533.17 23433.74 23334.31 23234.89 23135.47 23036.06 22936.65
-9999 -9999 -9999 -9999 29215.92 29116.32 29016.72 28917.12 28817.53 28717.94 28618.35 28518.77 28419.18 28319.61 28220.03 28120.46 28020.88 27921.32 27821.75 27722.19 27622.63 27523.08 27423.53 27323.98 27224.44 27124.9 27025.36 26925.82 26826.29 26726.77 26627.24 26527.72 26428.21 26328.69 26229.18 26129.68 26030.17 25930.68 25831.18 25731.69 25632.21 25532.72 25433.25 25333.77 25234.3 25134.84 25035.38 24935.92 24836.46 24737.02 24637.57 24538.13 24438.7 24339.27 24239.84 24140.42 24041.01 23941.6 23842.19 23742.79 23643.39 23544 23444.62 23345.23 23245.86 23146.49 23047.13 22947.77
-9999 -9999 -9999 -9999 29224.99 29125.42 29025.85 28926.29 28826.72 28727.16 28627.61 28528.06 28428.51 28328.96 28229.42 28129.88 28030.34 27930.81 27831.28 27731.75 27632.23 27532.71 27433.19 27333.68 27234.17 27134.66 27035.16 26935.66 26836.17 26736.68 26637.19 26537.71 26438.23 26338.75 26239.28 26139.82 26040.35 25940.89 25841.44 25741.99 25642.54 25543.1 25443.66 25344.23 25244.8 25145.38 25045.96 24946.54 24847.13 24747.73 24648.33 24548.93 24449.54 24350.15 24250.77 24151.4 24052.03 23952.66 23853.3 23753.95 23654.6 23555.25 23455.92 23356.58 23257.26 23157.94 23058.62 22959.31
-9999 -9999 -9999 -9999 29234.4 29134.86 29035.32 28935.79 28836.26 28736.74 28637.21 28537.7 28438.18 28338.67 28239.16 28139.65 28040.15 27940.65 27841.16 27741.67 27642.18 27542.69 27443.21 27343.74 27244.27 27144.8 27045.33 26945.87 26846.41 26746.96 26647.51 26548.07 26448.63 26349.19 26249.76 26150.33 26050.91 25951.49 25852.08 25752.67 25653.27 25553.87 25454.47 25355.08 25255.69 25156.31 25056.94 24957.56 24858.2 24758.84 24659.48 24560.13 24460.79 24361.45 24262.11 24162.78 24063.46 23964.14 23864.83 23765.52 23666.22 23566.93 23467.64 23368.36 23269.08 23169.81 23070.54 22971.29
-9999 -9999 -9999 -9999 29244.14 29144.64 29045.14 28945.64 28846.14 28746.65 28647.16 28547.68 28448.2 28348.72 28249.25 28149.78 28050.31 27950.85 27851.39 27751.94 27652.49 27553.04 27453.6 27354.16 27254.72 27155.29 27055.87 26956.45 26857.03 26757.62 26658.21 26558.8 26459.4 26360.01 26260.62 26161.23 26061.85 25962.47 25863.1 25763.73 25664.37 25565.02 25465.66 25366.32 25266.97 25167.64 25068.31 24968.98 24869.66 24770.35 24671.04 24571.73 24472.43 24373.14 24273.85 24174.57 24075.3 23976.03 23876.77 23777.51 23678.26 23579.02 23479.78 23380.55 23281.32 23182.11 23082.89 22983.69
-9999 -9999 -9999 -9999 29254.23 29154.76 29055.29 28955.83 28856.37 28756.91 28657.46 28558.01 28458.57 28359.13 28259.69 28160.26 28060.83 27961.4 27861.98 27762.56 27663.15 27563.74 27464.34 27364.94 27265.55 27166.16 27066.77 26967.39 26868.01 26768.64 26669.27 26569.91 26470.55 26371.2 26271.85 26172.5 26073.17 25973.83 25874.5 25775.18 25675.86 25576.55 25477.24 25377.94 25278.65 25179.36 25080.07 24980.79 24881.52 24782.25 24682.99 24583.73 24484.48 24385.24 24286 24186.77 24087.55 23988.33 23889.12 23789.91 23690.71 23591.52 23492.34 23393.16 23293.99 23194.83 23095.67 22996.52
-9999 -9999 -9999 -9999 29264.65 29165.22 29065.79 28966.36 28866.94 28767.52 28668.1 28568.69 28469.28 28369.88 28270.48 28171.08 28071.69 27972.31 27872.93 27773.55 27674.18 27574.81 27475.44 27376.08 27276.73 27177.38 27078.04 26978.7 26879.36 26780.03 26680.71 26581.38 26482.07 26382.76 26283.46 26184.16 26084.86 25985.57 25886.29 25787.01 25687.74 25588.47 25489.21 25389.96 25290.71 25191.47 25092.23 24993 24893.77 24794.56 24695.34 24596.14 24496.94 24397.75 24298.56 24199.38 24100.21 24001.04 23901.88 23802.73 23703.59 23604.45 23505.32 23406.2 23307.08 23207.97 23108.87 23009.78
-9999 -9999 -9999 29374.82 29275.42 29176.02 29076.62 28977.23 28877.85 28778.46 28679.09 28579.71 28480.34 28380.98 28281.62 28182.26 28082.91 27983.57 27884.22 27784.89 27685.56 27586.23 27486.91 27387.59 27288.28 27188.97 27089.67 26990.37 26891.08 26791.79 26692.51 26593.23 26493.96 26394.7 26295.44 26196.18 26096.94 25997.69 25898.46 25799.22 25700 25600.78 25501.57 25402.36 25303.16 25203.97 25104.78 25005.6 24906.43 24807.26 24708.1 24608.94 24509.79 24410.65 24311.52 24212.39 24113.27 24014.16 23915.06 23815.96 23716.87 23617.79 23518.72 23419.65 23320.59 23221.54 23122.5 23023.47
-9999 -9999 -9999 29385.88 29286.52 29187.15 29087.8 28988.45 28889.1 28789.76 28690.42 28591.08 28491.75 28392.43 28293.11 28193.79 28094.48 27995.18 27895.88 27796.58 27697.29 27598.01 27498.73 27399.45 27300.18 27200.92 27101.66 27002.41 26903.16 26803.92 26704.68 26605.45 26506.23 26407.01 26307.79 26208.59 26109.38 26010.19 25911 25811.82 25712.64 25613.47 25514.31 25415.15 25316 25216.86 25117.72 25018.59 24919.47 24820.36 24721.25 24622.14 24523.05 24423.96 24324.88 24225.81 24126.75 24027.69 23928.64 23829.6 23730.57 23631.55 23532.53 23433.52 23334.52 23235.53 23136.55 23037.58
-9999 -9999 -9999 29397.28 29297.95 29198.63 29099.31 29000 28900.69 28801.39 28702.09 28602.8 28503.51 28404.22 28304.95 28205.67 28106.4 28007.14 27907.88 27808.63 27709.38 27610.14 27510.91 27411.68 27312.45 27213.23 27114.02 27014.81 26915.61 26816.41 26717.22 26618.04 26518.86 26419.69 26320.52 26221.37 26122.21 26023.07 25923.93 25824.79 25725.67 25626.55 25527.44 25428.33 25329.23 25230.14 25131.06 25031.98 24932.91 24833.85 24734.79 24635.75 24536.71 24437.68 24338.65 24239.64 24140.63 24041.63 23942.64 23843.66 23744.68 23645.72 23546.76 23447.81 23348.88 23249.95 23151.03 23052.12
-9999 -9999 -9999 29409.01 29309.72 29210.44 29111.17 29011.89 28912.63 28813.37 28714.11 28614.86 28515.61 28416.37 28317.13 28217.9 28118.68 28019.46 27920.24 27821.04 27721.83 27622.63 27523.45 27424.26 27325.08 27225.91 27126.74 27027.58 26928.42 26829.28 26730.13 26631 26531.87 26432.74 26333.63 26234.52 26135.42 26036.32 25937.23 25838.15 25739.08 25640.01 25540.95 25441.89 25342.85 25243.81 25144.78 25045.76 24946.74 24847.74 24748.74 24649.75 24550.76 24451.79 24352.82 24253.87 24154.92 24055.98 23957.04 23858.12 23759.21 23660.3 23561.41 23462.52 23363.65 23264.78 23165.92 23067.08
-9999 -9999 -9999 29421.08 29321.83 29222.59 29123.36 29024.13 28924.9 28825.68 28726.47 28627.26 28528.06 28428.86 28329.67 28230.48 28131.3 28032.13 27932.96 27833.79 27734.63 27635.48 27536.34 27437.2 27338.07 27238.94 27139.82 27040.71 26941.6 26842.5 26743.41 26644.32 26545.24 26446.17 26347.11 26248.05 26149 26049.95 25950.92 25851.89 25752.86 25653.85 25554.84 25455.84 25356.85 25257.87 25158.89 25059.93 24960.97 24862.02 24763.08 24664.14 24565.22 24466.3 24367.4 24268.5 24169.61 24070.73 23971.86 23873 23774.15 23675.3 23576.47 23477.65 23378.84 23280.04 23181.24 23082.46
-9999 -9999 -9999 -9999 -9999 -9999 -9999 -9999 -9999 -9999 -9999 -9999 -9999 -9999 -9999 -9999 -9999 -9999 -9999 27846.9 27747.79 27648.69 27549.59 27450.5 27351.42 27252.34 27153.27 27054.21 26955.15 26856.1 26757.05 26658.02 26558.99 26459.97 26360.96 26261.95 26162.95 26063.96 25964.98 25866 25767.03 25668.07 25569.12 25470.18 25371.24 25272.32 25173.4 25074.49 24975.59 24876.7 24777.81 24678.94 24580.07 24481.22 24382.37 24283.53 24184.71 24085.89 23987.08 23888.28 23789.49 23690.71 23591.95 23493.19 23394.44 23295.71 23196.98 23098.27
-9999 -9999 -9999 -9999 -9999 -9999 -9999 -9999 -9999 -9999 -9999 -9999 -9999 -9999 -9999 -9999 -9999 -9999 -9999 -9999 27761.3 27662.25 27563.2 27464.16 27365.12 27266.1 27167.08 27068.06 26969.06 26870.06 26771.07 26672.08 26573.11 26474.14 26375.18 26276.22 26177.28 26078.34 25979.41 25880.49 25781.58 25682.68 25583.78 25484.9 25386.02 25287.15 25188.29 25089.44 24990.6 24891.77 24792.94 24694.13 24595.32 24496.53 24397.75 24298.97 24200.21 24101.45 24002.71 23903.97 23805.25 23706.54 23607.84 23509.15 23410.47 23311.8 23213.14 23114.5
-9999 -9999 -9999 -9999 -9999 -9999 -9999 -9999 -9999 -9999 -9999 -9999 -9999 -9999 -9999 -9999 -9999 -9999 -9999 -9999 27775.17 27676.16 27577.16 27478.17 27379.19 27280.21 27181.24 27082.28 26983.33 26884.38 26785.44 26686.51 26587.59 26488.68 26389.77 26290.87 26191.98 26093.1 25994.23 25895.37 25796.51 25697.67 25598.83 25500 25401.18 25302.37 25203.57 25104.78 25006 24907.23 24808.47 24709.71 24610.97 24512.24 24413.52 24314.81 24216.11 24117.42 24018.74 23920.08 23821.42 23722.77 23624.14 23525.52 23426.91 23328.31 23229.72 23131.15
-9999 -9999 -9999 -9999 -9999 -9999 -9999 -9999 -9999 -9999 -9999 -9999 -9999 -9999 -9999 -9999 -9999 -9999 -9999 -9999 -9999 27690.43 27591.48 27492.54 27393.61 27294.69 27195.77 27096.86 26997.96 26899.07 26800.19 26701.31 26602.44 26503.58 26404.73 26305.89 26207.06 26108.24 26009.42 25910.62 25811.82 25713.03 25614.25 25515.49 25416.73 25317.98 25219.24 25120.51 25021.79 24923.08 24824.38 24725.7 24627.02 24528.35 24429.7 24331.05 24232.42 24133.79 24035.18 23936.58 23837.99 23739.42 23640.85 23542.3 23443.76 23345.23 23246.72 23148.22
