InputData/dist_20.txt
ncols         279
nrows         134
xllcorner     558997.83959468
yllcorner     8189421.0051433
cellsize      100
NODATA_value  -9999
[rows 0 to 28 of 134, columns 0 to 64 of 279]
-9999 -9999 -9999 -9999 -9999 -9999 -9999 -9999 -9999 -9999 -9999 -9999 -9999 -9999 -9999 -9999 -9999 -9999 -9999 -9999 -9999 -9999 -9999 -9999 -9999 -9999 -9999 -9999 -9999 -9999 -9999 -9999 -9999 -9999 -9999 -9999 -9999 -9999 -9999 9763.708 9847.335 9929.753 10012.49 10095.54 -9999 -9999 -9999 -9999 -9999 -9999 -9999 -9999 -9999 -9999 -9999 -9999 -9999 -9999 -9999 -9999 -9999 -9999 -9999 -9999 -9999
-9999 -9999 -9999 -9999 -9999 -9999 -9999 -9999 -9999 -9999 -9999 -9999 -9999 -9999 -9999 -9999 -9999 -9999 -9999 -9999 -9999 -9999 -9999 -9999 -9999 -9999 -9999 -9999 -9999 -9999 -9999 -9999 -9999 -9999 9403.191 9486.833 9569.222 9651.942 9734.988 9818.351 9902.02 9985.99 10068.76 10151.35 10234.26 10317.46 10400.96 10484.75 -9999 -9999 -9999 -9999 -9999 -9999 11067.52 11150.34 11232.99 11315.92 11399.12 11482.6 11566.33 11650.32 11734.56 11819.05 11903.78
-9999 -9999 -9999 -9999 -9999 -9999 -9999 -9999 -9999 -9999 -9999 -9999 -9999 -9999 -9999 -9999 -9999 -9999 -9999 -9999 -9999 -9999 -9999 -9999 -9999 -9999 -9999 -9999 -9999 -9999 9126.336 9208.691 9291.394 9374.434 9457.801 9541.488 9625.487 9708.244 9790.813 9873.702 9956.907 10040.42 10124.23 10207.84 10290.29 10373.04 10456.1 10539.45 10623.09 10707.01 10789.81 10872.44 10955.36 11038.57 11122.05 11205.8 11289.38 11371.9 11454.69 11537.76 11621.1 11704.7 11788.55 11872.66 11957.01
-9999 -9999 -9999 -9999 -9999 -9999 -9999 -9999 -9999 -9999 -9999 -9999 -9999 -9999 -9999 -9999 -9999 -9999 -9999 -9999 -9999 -9999 -9999 -9999 -9999 8765.843 8848.164 8930.846 9013.878 9097.252 9180.959 9264.988 9347.727 9430.271 9513.148 9596.354 9679.876 9763.708 9847.335 9929.753 10012.49 10095.54 10178.9 10262.55 10346.5 10429.29 10511.9 10594.81 10678.01 10761.51 10845.28 10928.86 11011.36 11094.14 11177.21 11260.55 11344.16 11428.04 11510.86 11593.53 11676.47 11759.68 11843.14 11926.86 12010.83
-9999 -9999 -9999 -9999 -9999 -9999 -9999 -9999 -9999 -9999 -9999 -9999 -9999 -9999 -9999 -9999 -9999 -9999 -9999 8321.658 8405.355 8487.638 8570.298 8653.323 8736.704 8820.431 8904.493 8987.213 9069.729 9152.596 9235.8 9319.335 9403.191 9486.833 9569.222 9651.942 9734.988 9818.351 9902.02 9985.99 10068.76 10151.35 10234.26 10317.46 10400.96 10484.75 10568.35 10650.82 10733.59 10816.65 10900 10983.62 11067.52 11150.34 11232.99 11315.92 11399.12 11482.6 11566.33 11649.89 11732.43 11815.24 11898.32 11981.65 12065.24
-9999 -9999 -9999 -9999 -9999 -9999 -9999 -9999 -9999 -9999 -9999 -9999 -9999 -9999 -9999 -9999 8127.115 8209.75 8292.768 8376.156 8459.905 8544.004 8626.703 8709.19 8792.042 8875.246 8958.795 9042.677 9126.336 9208.691 9291.394 9374.434 9457.801 9541.488 9625.487 9708.244 9790.813 9873.702 9956.907 10040.42 10124.23 10207.84 10290.29 10373.04 10456.1 10539.45 10623.09 10707.01 10789.81 10872.44 10955.36 11038.57 11122.05 11205.8 11289.38 11371.9 11454.69 11537.76 11621.1 11704.7 11788.55 11871.39 11954.08 12037.03 12120.23
-9999 -9999 -9999 -9999 -9999 -9999 -9999 -9999 -9999 -9999 -9999 -9999 -9999 -9999 -9999 8099.383 8183.52 8266.196 8348.652 8431.488 8514.693 8598.256 8682.166 8765.843 8848.164 8930.846 9013.878 9097.252 9180.959 9264.988 9347.727 9430.271 9513.148 9596.354 9679.876 9763.708 9847.335 9929.753 10012.49 10095.54 10178.9 10262.55 10346.5 10429.29 10511.9 10594.81 10678.01 10761.51 10845.28 10928.86 11011.36 11094.14 11177.21 11260.55 11344.16 11428.04 11510.86 11593.53 11676.47 11759.68 11843.14 11926.86 12010.41 12092.97 12175.8
-9999 -9999 -9999 -9999 -9999 -9999 -9999 -9999 -9999 -9999 -9999 -9999 -9999 -9999 -9999 8154.14 8237.718 8321.658 8405.355 8487.638 8570.298 8653.323 8736.704 8820.431 8904.493 8987.213 9069.729 9152.596 9235.8 9319.335 9403.191 9486.833 9569.222 9651.942 9734.988 9818.351 9902.02 9985.99 10068.76 10151.35 10234.26 10317.46 10400.96 10484.75 10568.35 10650.82 10733.59 10816.65 10900 10983.62 11067.52 11150.34 11232.99 11315.92 11399.12 11482.6 11566.33 11649.89 11732.43 11815.24 11898.32 11981.65 12065.24 12149.07 12231.93
-9999 -9999 -9999 -9999 -9999 -9999 -9999 -9999 -9999 -9999 -9999 -9999 -9999 -9999 -9999 8209.75 8292.768 8376.156 8459.905 8544.004 8626.703 8709.19 8792.042 8875.246 8958.795 9042.677 9126.336 9208.691 9291.394 9374.434 9457.801 9541.488 9625.487 9708.244 9790.813 9873.702 9956.907 10040.42 10124.23 10207.84 10290.29 10373.04 10456.1 10539.45 10623.09 10707.01 10789.81 10872.44 10955.36 11038.57 11122.05 11205.8 11289.38 11371.9 11454.69 11537.76 11621.1 11704.7 11788.55 11871.39 11954.08 12037.03 12120.23 12203.69 12287.39
-9999 -9999 -9999 -9999 -9999 -9999 -9999 -9999 -9999 -9999 -9999 -9999 -9999 -9999 8183.52 8266.196 8348.652 8431.488 8514.693 8598.256 8682.166 8765.843 8848.164 8930.846 9013.878 9097.252 9180.959 9264.988 9347.727 9430.271 9513.148 9596.354 9679.876 9763.708 9847.335 9929.753 10012.49 10095.54 10178.9 10262.55 10346.5 10429.29 10511.9 10594.81 10678.01 10761.51 10845.28 10928.86 11011.36 11094.14 11177.21 11260.55 11344.16 11428.04 11510.86 11593.53 11676.47 11759.68 11843.14 11926.86 12010.41 12092.97 12175.8 12258.87 12342.2
-9999 -9999 -9999 -9999 -9999 -9999 -9999 -9999 -9999 -9999 -9999 -9999 -9999 -9999 8237.718 8321.658 8405.355 8487.638 8570.298 8653.323 8736.704 8820.431 8904.493 8987.213 9069.729 9152.596 9235.8 9319.335 9403.191 9486.833 9569.222 9651.942 9734.988 9818.351 9902.02 9985.99 10068.76 10151.35 10234.26 10317.46 10400.96 10484.75 10568.35 10650.82 10733.59 10816.65 10900 10983.62 11067.52 11150.34 11232.99 11315.92 11399.12 11482.6 11566.33 11649.89 11732.43 11815.24 11898.32 11981.65 12065.24 12149.07 12231.93 12314.63 12397.58
-9999 -9999 -9999 -9999 -9999 -9999 -9999 -9999 -9999 -9999 -9999 -9999 -9999 -9999 8292.768 8376.156 8459.905 8544.004 8626.703 8709.19 8792.042 8875.246 8958.795 9042.677 9126.336 9208.691 9291.394 9374.434 9457.801 9541.488 9625.487 9708.244 9790.813 9873.702 9956.907 10040.42 10124.23 10207.84 10290.29 10373.04 10456.1 10539.45 10623.09 10707.01 10789.81 10872.44 10955.36 11038.57 11122.05 11205.8 11289.38 11371.9 11454.69 11537.76 11621.1 11704.7 11788.55 11871.39 11954.08 12037.03 12120.23 12203.69 12287.39 12370.93 12453.51
-9999 -9999 -9999 -9999 -9999 -9999 -9999 -9999 -9999 -9999 -9999 -9999 -9999 8266.196 8348.652 8431.488 8514.693 8598.256 8682.166 8765.843 8848.164 8930.846 9013.878 9097.252 9180.959 9264.988 9347.727 9430.271 9513.148 9596.354 9679.876 9763.708 9847.335 9929.753 10012.49 10095.54 10178.9 10262.55 10346.5 10429.29 10511.9 10594.81 10678.01 10761.51 10845.28 10928.86 11011.36 11094.14 11177.21 11260.55 11344.16 11428.04 11510.86 11593.53 11676.47 11759.68 11843.14 11926.86 12010.41 12092.97 12175.8 12258.87 12342.2 12425.78 12509.6
-9999 -9999 -9999 -9999 -9999 -9999 -9999 -9999 -9999 -9999 -9999 -9999 -9999 8321.658 8405.355 8487.638 8570.298 8653.323 8736.704 8820.431 8904.493 8987.213 9069.729 9152.596 9235.8 9319.335 9403.191 9486.833 9569.222 9651.942 9734.988 9818.351 9902.02 9985.99 10068.76 10151.35 10234.26 10317.46 10400.96 10484.75 10568.35 10650.82 10733.59 10816.65 10900 10983.62 11067.52 11150.34 11232.99 11315.92 11399.12 11482.6 11566.33 11649.89 11732.43 11815.24 11898.32 11981.65 12065.24 12149.07 12231.93 12314.63 12397.58 12480.79 12564.24
-9999 -9999 -9999 -9999 -9999 -9999 -9999 -9999 -9999 -9999 -9999 -9999 8292.768 8376.156 8459.905 8544.004 8626.703 8709.19 8792.042 8875.246 8958.795 9042.677 9126.336 9208.691 9291.394 9374.434 9457.801 9541.488 9625.487 9708.244 9790.813 9873.702 9956.907 10040.42 10124.23 10207.84 10290.29 10373.04 10456.1 10539.45 10623.09 10707.01 10789.81 10872.44 10955.36 11038.57 11122.05 11205.8 11289.38 11371.9 11454.69 11537.76 11621.1 11704.7 11788.55 11871.39 11954.08 12037.03 12120.23 12203.69 12287.39 12370.93 12453.51 12536.35 12619.43
-9999 -9999 -9999 -9999 -9999 -9999 -9999 -9999 -9999 -9999 -9999 -9999 8348.652 8431.488 8514.693 8598.256 8682.166 8765.843 8848.164 8930.846 9013.878 9097.252 9180.959 9264.988 9347.727 9430.271 9513.148 9596.354 9679.876 9763.708 9847.335 9929.753 10012.49 10095.54 10178.9 10262.55 10346.5 10429.29 10511.9 10594.81 10678.01 10761.51 10845.28 10928.86 11011.36 11094.14 11177.21 11260.55 11344.16 11428.04 11510.86 11593.53 11676.47 11759.68 11843.14 11926.86 12010.41 12092.97 12175.8 12258.87 12342.2 12425.78 12509.6 12592.46 12675.17
-9999 -9999 -9999 -9999 -9999 -9999 -9999 -9999 -9999 -9999 -9999 8321.658 8405.355 8487.638 8570.298 8653.323 8736.704 8820.431 8904.493 8987.213 9069.729 9152.596 9235.8 9319.335 9403.191 9486.833 9569.222 9651.942 9734.988 9818.351 9902.02 9985.99 10068.76 10151.35 10234.26 10317.46 10400.96 10484.75 10568.35 10650.82 10733.59 10816.65 10900 10983.62 11067.52 11150.34 11232.99 11315.92 11399.12 11482.6 11566.33 11649.89 11732.43 11815.24 11898.32 11981.65 12065.24 12149.07 12231.93 12314.63 12397.58 12480.79 12564.24 12647.92 12731.46
-9999 -9999 -9999 -9999 -9999 -9999 -9999 -9999 -9999 -9999 -9999 8376.156 8459.905 8544.004 8626.703 8709.19 8792.042 8875.246 8958.795 9042.677 9126.336 9208.691 9291.394 9374.434 9457.801 9541.488 9625.487 9708.244 9790.813 9873.702 9956.907 10040.42 10124.23 10207.84 10290.29 10373.04 10456.1 10539.45 10623.09 10707.01 10789.81 10872.44 10955.36 11038.57 11122.05 11205.8 11289.38 11371.9 11454.69 11537.76 11621.1 11704.7 11788.55 11871.39 11954.08 12037.03 12120.23 12203.69 12287.39 12370.93 12453.51 12536.35 12619.43 12702.76 12786.32
-9999 -9999 -9999 -9999 -9999 -9999 -9999 -9999 -9999 -9999 -9999 8431.488 8514.693 8598.256 8682.166 8765.843 8848.164 8930.846 9013.878 9097.252 9180.959 9264.988 9347.727 9430.271 9513.148 9596.354 9679.876 9763.708 9847.335 9929.753 10012.49 10095.54 10178.9 10262.55 10346.5 10429.29 10511.9 10594.81 10678.01 10761.51 10845.28 10928.86 11011.36 11094.14 11177.21 11260.55 11344.16 11428.04 11510.86 11593.53 11676.47 11759.68 11843.14 11926.86 12010.41 12092.97 12175.8 12258.87 12342.2 12425.78 12509.6 12592.46 12675.17 12758.13 12841.34
-9999 -9999 -9999 -9999 -9999 -9999 -9999 -9999 -9999 -9999 -9999 8487.638 8570.298 8653.323 8736.704 8820.431 8904.493 8987.213 9069.729 9152.596 9235.8 9319.335 9403.191 9486.833 9569.222 9651.942 9734.988 9818.351 9902.02 9985.99 10068.76 10151.35 10234.26 10317.46 10400.96 10484.75 10568.35 10650.82 10733.59 10816.65 10900 10983.62 11067.52 11150.34 11232.99 11315.92 11399.12 11482.6 11566.33 11649.89 11732.43 11815.24 11898.32 11981.65 12065.24 12149.07 12231.93 12314.63 12397.58 12480.79 12564.24 12647.92 12731.46 12814.05 12896.9
-9999 -9999 -9999 -9999 -9999 -9999 -9999 -9999 -9999 -9999 -9999 -9999 8626.703 8709.19 8792.042 8875.246 8958.795 9042.677 9126.336 9208.691 9291.394 9374.434 9457.801 9541.488 9625.487 9708.244 9790.813 9873.702 9956.907 10040.42 10124.23 10207.84 10290.29 10373.04 10456.1 10539.45 10623.09 10707.01 10789.81 10872.44 10955.36 11038.57 11122.05 11205.8 11289.38 11371.9 11454.69 11537.76 11621.1 11704.7 11788.55 11871.39 11954.08 12037.03 12120.23 12203.69 12287.39 12370.93 12453.51 12536.35 12619.43 12702.76 12786.32 12870.12 12952.99
-9999 -9999 -9999 -9999 -9999 -9999 -9999 -9999 -9999 -9999 -9999 -9999 8681.59 8765.843 8848.164 8930.846 9013.878 9097.252 9180.959 9264.988 9347.727 9430.271 9513.148 9596.354 9679.876 9763.708 9847.335 9929.753 10012.49 10095.54 10178.9 10262.55 10346.5 10429.29 10511.9 10594.81 10678.01 10761.51 10845.28 10928.86 11011.36 11094.14 11177.21 11260.55 11344.16 11428.04 11510.86 11593.53 11676.47 11759.68 11843.14 11926.86 12010.41 12092.97 12175.8 12258.87 12342.2 12425.78 12509.6 12592.46 12675.17 12758.13 12841.34 12924.78 13008.46
-9999 -9999 -9999 -9999 -9999 -9999 -9999 -9999 -9999 -9999 -9999 -9999 8640.602 8732.125 8823.831 8915.717 9007.774 9100 9192.388 9284.934 9377.633 9470.48 9563.473 9651.942 9734.988 9818.351 9902.02 9985.99 10068.76 10151.35 10234.26 10317.46 10400.96 10484.75 10568.35 10650.82 10733.59 10816.65 10900 10983.62 11067.52 11150.34 11232.99 11315.92 11399.12 11482.6 11566.33 11649.89 11732.43 11815.24 11898.32 11981.65 12065.24 12149.07 12231.93 12314.63 12397.58 12480.79 12564.24 12647.92 12731.46 12814.05 12896.9 12979.98 13063.31
-9999 -9999 -9999 -9999 -9999 -9999 -9999 -9999 -9999 -9999 -9999 -9999 -9999 8692.525 8784.646 8876.937 8969.393 9062.009 9154.78 9247.702 9340.771 9433.981 9527.329 9620.811 9714.422 9808.16 9902.02 9995.999 10090.09 10184.3 10278.62 10373.04 10456.1 10539.45 10623.09 10707.01 10789.81 10872.44 10955.36 11038.57 11122.05 11205.8 11289.38 11371.9 11454.69 11537.76 11621.1 11704.7 11788.55 11871.39 11954.08 12037.03 12120.23 12203.69 12287.39 12370.93 12453.51 12536.35 12619.43 12702.76 12786.32 12870.12 12952.99 13035.72 13118.69
-9999 -9999 -9999 -9999 -9999 -9999 -9999 -9999 -9999 -9999 -9999 -9999 -9999 8653.9 8746.428 8839.117 8931.965 9024.966 9118.114 9211.406 9304.838 9398.404 9492.102 9585.927 9679.876 9773.945 9868.131 9962.43 10056.84 10151.35 10245.97 10340.7 10435.52 10530.43 10625.44 10720.54 10815.73 10911 11005.45 11094.14 11177.21 11260.55 11344.16 11428.04 11510.86 11593.53 11676.47 11759.68 11843.14 11926.86 12010.41 12092.97 12175.8 12258.87 12342.2 12425.78 12509.6 12592.46 12675.17 12758.13 12841.34 12924.78 13008.46 13091.98 13174.6
-9999 -9999 -9999 -9999 -9999 -9999 -9999 -9999 -9999 -9999 -9999 -9999 -9999 8616.264 8709.19 8802.272 8895.505 8988.882 9082.4 9176.056 9269.844 9363.76 9457.801 9551.963 9646.243 9740.637 9835.141 9929.753 10024.47 10119.29 10214.21 10309.22 10404.33 10499.52 10594.81 10689.25 10783.78 10878.42 10973.15 11067.97 11162.88 11257.89 11352.97 11448.14 11543.4 11637.87 11732.43 11815.24 11898.32 11981.65 12065.24 12149.07 12231.93 12314.63 12397.58 12480.79 12564.24 12647.92 12731.46 12814.05 12896.9 12979.98 13063.31 13146.86 13230.65
-9999 -9999 -9999 -9999 -9999 -9999 -9999 -9999 -9999 -9999 -9999 -9999 -9999 8579.627 8672.946 8766.413 8860.022 8953.771 9047.651 9141.663 9235.8 9330.059 9424.437 9518.929 9613.532 9708.244 9803.061 9897.979 9992.997 10088.11 10183.32 10278.62 10373.04 10467.57 10562.2 10656.92 10751.74 10846.66 10941.66 11036.76 11131.94 11227.2 11321.66 11416.22 11510.86 11605.6 11700.43 11795.34 11890.33 11985.41 12080.56 12175.8 12270.29 12364.87 12453.51 12536.35 12619.43 12702.76 12786.32 12870.12 12952.99 13035.72 13118.69 13201.89 13285.33
-9999 -9999 -9999 -9999 -9999 -9999 -9999 -9999 -9999 -9999 -9999 -9999 -9999 -9999 8637.708 8731.552 8825.531 8919.642 9013.878 9108.238 9202.717 9297.312 9392.018 9486.833 9581.754 9676.776 9771.898 9867.117 9962.43 10056.84 10151.35 10245.97 10340.7 10435.52 10530.43 10625.44 10720.54 10815.73 10911 11005.45 11100 11194.64 11289.38 11384.2 11479.11 11574.11 11669.19 11764.35 11859.6 11954.08 12048.65 12143.31 12238.06 12332.88 12427.79 12522.78 12617.84 12712.99 12808.2 12903.49 12998.85 13091.98 13174.6 13257.45 13340.54
-9999 -9999 -9999 -9999 -9999 -9999 -9999 -9999 -9999 -9999 -9999 -9999 -9999 -9999 8603.487 8697.701 8792.042 8886.507 8981.091 9075.792 9170.605 9265.527 9360.556 9455.687 9550.916 9646.243 9740.637 9835.141 9929.753 10024.47 10119.29 10214.21 10309.22 10404.33 10499.52 10594.81 10689.25 10783.78 10878.42 10973.15 11067.97 11162.88 11257.89 11352.97 11448.14 11543.4 11637.87 11732.43 11827.09 11921.83 12016.66 12111.56 12206.56 12301.63 12396.77 12492 12587.29 12682.67 12778.11 12873.62 12969.19 13064.84 13160.55 13256.32 13352.15
