InputData/dist_22.txt
ncols         348
nrows         187
xllcorner     582512.90526395
yllcorner     8185149.3710731
cellsize      100
NODATA_value  -9999
[rows 58 to 86 of 187, columns 132 to 197 of 348]
41149.12 41239.3 41329.53 41419.8 41510.12 41600.48 41690.89 41781.34 41871.83 41962.36 42052.94 42143.56 42234.23 42324.93 42415.68 42506.47 42597.3 42688.17 42779.08 42870.04 42961.03 43052.06 43143.13 43234.25 43325.4 43416.59 43507.82 43599.08 43690.39 43781.73 43873.11 43964.53 44055.99 44147.48 44239.01 44330.58 44422.18 44513.82 44605.49 44697.2 44788.95 44880.73 44972.55 45064.4 45156.29 45248.2 45340.16 45432.15 45524.17 45616.23 45708.31 45800.44 45892.59 45984.78 46077 46169.25 -9999 -9999 -9999 -9999 -9999 -9999 -9999 -9999 -9999 -9999
41192.48 41282.56 41372.7 41462.88 41553.1 41643.37 41733.68 41824.04 41914.44 42004.88 42095.37 42185.9 42276.47 42367.09 42457.74 42548.44 42639.18 42729.96 42820.79 42911.65 43002.56 43093.5 43184.49 43275.51 43366.58 43457.68 43548.82 43640 43731.22 43822.48 43913.78 44005.11 44096.48 44187.89 44279.34 44370.82 44462.34 44553.9 44645.49 44737.12 44828.79 44920.48 45012.22 45103.99 45195.8 45287.64 45379.51 45471.42 45563.36 45655.34 45747.35 45839.39 45931.47 46023.58 46115.72 46207.9 46300.11 46392.35 46484.62 46576.93 -9999 -9999 -9999 -9999 -9999 -9999
41236.03 41326.02 41416.06 41506.14 41596.27 41686.45 41776.67 41866.93 41957.24 42047.59 42137.99 42228.43 42318.91 42409.43 42500 42590.61 42681.26 42771.95 42862.69 42953.46 43044.28 43135.14 43226.04 43316.97 43407.95 43498.96 43590.02 43681.12 43772.25 43863.43 43954.64 44045.89 44137.17 44228.5 44319.86 44411.26 44502.7 44594.17 44685.68 44777.23 44868.81 44960.43 45052.08 45143.77 45235.5 45327.25 45419.05 45510.88 45602.74 45694.64 45786.57 45878.54 45970.54 46062.57 46154.63 46246.73 46338.86 46431.02 46523.22 46615.45 46707.71 46800 46892.32 -9999 -9999 -9999
41279.78 41369.68 41459.62 41549.61 41639.64 41729.73 41819.85 41910.02 42000.24 42090.5 42180.8 42271.15 42361.54 42451.97 42542.45 42632.97 42723.53 42814.13 42904.78 42995.46 43086.19 43176.96 43267.77 43358.62 43449.51 43540.44 43631.41 43722.42 43813.47 43904.55 43995.68 44086.85 44178.05 44269.29 44360.57 44451.88 44543.24 44634.63 44726.05 44817.52 44909.02 45000.55 45092.13 45183.73 45275.38 45367.06 45458.77 45550.52 45642.3 45734.12 45825.98 45917.86 46009.78 46101.73 46193.72 46285.74 46377.8 46469.88 46562 46654.15 46746.34 46838.55 46930.8 47023.08 47115.39 47207.73
41323.72 41413.52 41503.38 41593.27 41683.21 41773.2 41863.23 41953.31 42043.43 42133.6 42223.81 42314.06 42404.36 42494.71 42585.09 42675.52 42765.99 42856.5 42947.06 43037.66 43128.3 43218.98 43309.7 43400.46 43491.26 43582.11 43672.99 43763.91 43854.88 43945.88 44036.92 44128 44219.11 44310.27 44401.46 44492.7 44583.96 44675.27 44766.62 44858 44949.41 45040.87 45132.36 45223.89 45315.45 45407.05 45498.68 45590.35 45682.05 45773.79 45865.56 45957.37 46049.21 46141.09 46233 46324.94 46416.91 46508.93 46600.96 46693.04 46785.15 46877.29 46969.46 47061.66 47153.9 47246.16
41367.86 41457.57 41547.32 41637.12 41726.97 41816.86 41906.8 41996.79 42086.82 42176.89 42267.01 42357.17 42447.38 42537.63 42627.93 42718.26 42808.64 42899.07 42989.54 43080.04 43170.59 43261.18 43351.82 43442.49 43533.21 43623.96 43714.76 43805.59 43896.47 43987.38 44078.34 44169.33 44260.37 44351.44 44442.55 44533.7 44624.88 44716.11 44807.37 44898.66 44990 45081.37 45172.78 45264.22 45355.71 45447.22 45538.77 45630.36 45721.98 45813.64 45905.34 45997.07 46088.83 46180.63 46272.45 46364.32 46456.21 46548.15 46640.11 46732.11 46824.14 46916.2 47008.3 47100.43 47192.59 47284.78
41412.2 41501.81 41591.46 41681.17 41770.92 41860.72 41950.57 42040.46 42130.39 42220.38 42310.4 42400.47 42490.59 42580.75 42670.95 42761.2 42851.49 42941.82 43032.2 43122.62 43213.08 43303.58 43394.13 43484.71 43575.34 43666 43756.71 43847.46 43938.25 44029.08 44119.95 44210.86 44301.8 44392.79 44483.82 44574.88 44665.98 44757.12 44848.3 44939.52 45030.77 45122.06 45213.38 45304.75 45396.14 45487.58 45579.05 45670.56 45762.1 45853.68 45945.29 46036.94 46128.63 46220.34 46312.09 46403.88 46495.7 46587.55 46679.44 46771.36 46863.31 46955.3 47047.32 47139.37 47231.45 47323.57
41456.72 41546.24 41635.8 41725.41 41815.07 41904.77 41994.52 42084.32 42174.16 42264.05 42353.98 42443.96 42533.99 42624.05 42714.17 42804.32 42894.52 42984.77 43075.05 43165.38 43255.75 43346.16 43436.62 43527.12 43617.66 43708.24 43798.86 43889.52 43980.22 44070.96 44161.75 44252.57 44343.43 44434.33 44525.27 44616.25 44707.27 44798.32 44889.42 44980.55 45071.72 45162.93 45254.17 45345.45 45436.77 45528.13 45619.51 45710.94 45802.4 45893.9 45985.43 46077 46168.61 46260.24 46351.91 46443.62 46535.36 46627.14 46718.95 46810.79 46902.66 46994.57 47086.52 47178.49 47270.5 47362.54
41501.45 41590.86 41680.33 41769.84 41859.41 41949.02 42038.67 42128.38 42218.13 42307.92 42397.76 42487.64 42577.58 42667.55 42757.57 42847.64 42937.75 43027.9 43118.09 43208.33 43298.61 43388.94 43479.3 43569.71 43660.16 43750.66 43841.19 43931.77 44022.38 44113.04 44203.73 44294.47 44385.25 44476.06 44566.91 44657.81 44748.74 44839.71 44930.72 45021.77 45112.86 45203.98 45295.14 45386.34 45477.58 45568.85 45660.16 45751.5 45842.88 45934.3 46025.75 46117.24 46208.77 46300.32 46391.92 46483.55 46575.21 46666.91 46758.64 46850.4 46942.2 47034.03 47125.89 47217.79 47309.72 47401.69
41546.24 41635.68 41725.05 41814.47 41903.94 41993.45 42083.01 42172.62 42262.28 42351.98 42441.73 42531.52 42621.36 42711.24 42801.17 42891.14 42981.16 43071.22 43161.32 43251.47 43341.66 43431.9 43522.18 43612.5 43702.86 43793.27 43883.71 43974.2 44064.73 44155.29 44245.9 44336.55 44427.24 44517.97 44608.74 44699.55 44790.4 44881.29 44972.21 45063.18 45154.18 45245.22 45336.3 45427.41 45518.57 45609.76 45700.98 45792.25 45883.55 45974.88 46066.26 46157.66 46249.11 46340.59 46432.1 46523.65 46615.23 46706.85 46798.5 46890.19 46981.91 47073.66 47165.45 47257.27 47349.13 47441.02
41590.86 41680.33 41769.84 41859.29 41948.66 42038.08 42127.54 42217.06 42306.62 42396.23 42485.88 42575.58 42665.32 42755.12 42844.95 42934.84 43024.76 43114.73 43204.75 43294.8 43384.91 43475.05 43565.24 43655.47 43745.74 43836.06 43926.41 44016.82 44107.25 44197.74 44288.26 44378.82 44469.43 44560.07 44650.76 44741.48 44832.24 44923.05 45013.89 45104.77 45195.69 45286.64 45377.64 45468.67 45559.74 45650.85 45741.99 45833.18 45924.39 46015.65 46106.94 46198.27 46289.63 46381.03 46472.46 46563.93 46655.44 46746.98 46838.55 46930.16 47021.8 47113.48 47205.19 47296.93 47388.71 47480.52
41635.68 41725.05 41814.47 41903.94 41993.45 42082.89 42172.27 42261.68 42351.15 42440.66 42530.22 42619.83 42709.48 42799.18 42888.93 42978.71 43068.55 43158.43 43248.35 43338.32 43428.33 43518.39 43608.48 43698.63 43788.81 43879.04 43969.31 44059.62 44149.97 44240.37 44330.8 44421.28 44511.8 44602.36 44692.95 44783.59 44874.27 44964.99 45055.74 45146.54 45237.38 45328.25 45419.16 45510.11 45601.1 45692.12 45783.18 45874.29 45965.42 46056.59 46147.8 46239.05 46330.34 46421.66 46513.01 46604.4 46695.82 46787.29 46878.78 46970.31 47061.88 47153.47 47245.11 47336.77 47428.47 47520.21
41680.33 41769.84 41859.29 41948.66 42038.08 42127.54 42217.06 42306.5 42395.87 42485.29 42574.76 42664.27 42753.83 42843.44 42933.09 43022.79 43112.53 43202.32 43292.15 43382.02 43471.95 43561.91 43651.92 43741.97 43832.07 43922.2 44012.38 44102.61 44192.87 44283.18 44373.53 44463.92 44554.35 44644.82 44735.33 44825.89 44916.48 45007.11 45097.78 45188.49 45279.25 45370.04 45460.86 45551.73 45642.63 45733.58 45824.56 45915.57 46006.63 46097.72 46188.85 46280.02 46371.22 46462.46 46553.73 46645.04 46736.39 46827.77 46919.19 47010.64 47102.13 47193.64 47285.2 47376.79 47468.41 47560.07
41725.05 41814.47 41903.94 41993.45 42082.89 42172.27 42261.68 42351.15 42440.66 42530.11 42619.48 42708.9 42798.36 42887.88 42977.44 43067.04 43156.69 43246.39 43336.13 43425.91 43515.75 43605.62 43695.54 43785.5 43875.5 43965.55 44055.65 44145.78 44235.96 44326.18 44416.44 44506.74 44597.09 44687.47 44777.89 44868.36 44958.87 45049.42 45140 45230.63 45321.3 45412 45502.75 45593.53 45684.35 45775.21 45866.11 45957.05 46048.02 46139.03 46230.08 46321.16 46412.28 46503.44 46594.64 46685.86 46777.13 46868.43 46959.77 47051.14 47142.55 47233.99 47325.47 47416.98 47508.53 47600.11
41769.96 41859.29 41948.66 42038.08 42127.54 42217.06 42306.5 42395.87 42485.29 42574.76 42664.27 42753.71 42843.09 42932.5 43021.97 43111.48 43201.04 43290.64 43380.3 43469.99 43559.73 43649.51 43739.34 43829.21 43919.13 44009.09 44099.09 44189.14 44279.23 44369.36 44459.53 44549.75 44640 44730.3 44820.64 44911.02 45001.45 45091.91 45182.41 45272.95 45363.53 45454.15 45544.81 45635.51 45726.25 45817.03 45907.84 45998.7 46089.59 46180.52 46271.48 46362.48 46453.52 46544.6 46635.71 46726.87 46818.05 46909.27 47000.53 47091.82 47183.15 47274.52 47365.92 47457.35 47548.82 47640.32
41815.07 41904.3 41993.57 42082.89 42172.27 42261.68 42351.15 42440.66 42530.11 42619.48 42708.9 42798.36 42887.88 42977.32 43066.69 43156.11 43245.58 43335.09 43424.65 43514.25 43603.9 43693.59 43783.33 43873.11 43962.94 44052.81 44142.72 44232.68 44322.68 44412.72 44502.81 44592.94 44683.11 44773.32 44863.57 44953.87 45044.2 45134.58 45224.99 45315.45 45405.95 45496.48 45587.06 45677.68 45768.33 45859.02 45949.75 46040.53 46131.34 46222.18 46313.07 46403.99 46494.95 46585.94 46676.98 46768.04 46859.15 46950.29 47041.47 47132.68 47223.93 47315.22 47406.54 47497.89 47589.29 47680.71
41855.11 41949.02 42038.67 42127.9 42217.18 42306.5 42395.87 42485.29 42574.76 42664.27 42753.71 42843.09 42932.5 43021.97 43111.48 43200.93 43290.3 43379.72 43469.18 43558.7 43648.25 43737.86 43827.5 43917.2 44006.93 44096.71 44186.54 44276.41 44366.32 44456.27 44546.27 44636.31 44726.39 44816.52 44906.68 44996.89 45087.14 45177.43 45267.76 45358.13 45448.54 45539 45629.48 45720.02 45810.59 45901.2 45991.85 46082.54 46173.26 46264.02 46354.83 46445.67 46536.54 46627.46 46718.41 46809.4 46900.43 46991.49 47082.59 47173.72 47264.89 47356.1 47447.34 47538.62 47629.93 47721.27
41889.62 41983.45 42077.31 42171.2 42262.28 42351.5 42440.78 42530.11 42619.48 42708.9 42798.36 42887.88 42977.32 43066.69 43156.11 43245.58 43335.09 43424.53 43513.91 43603.32 43692.79 43782.3 43871.86 43961.46 44051.11 44140.8 44230.53 44320.31 44410.13 44500 44589.91 44679.86 44769.86 44859.89 44949.97 45040.09 45130.26 45220.46 45310.71 45400.99 45491.32 45581.68 45672.09 45762.54 45853.03 45943.55 46034.12 46124.72 46215.37 46306.05 46396.77 46487.52 46578.32 46669.16 46760.03 46850.93 46941.88 47032.86 47123.88 47214.93 47306.02 47397.15 47488.31 47579.51 47670.75 47762.02
41924.34 42018.09 42111.88 42205.69 42299.53 42393.39 42485.88 42575.11 42664.39 42753.71 42843.09 42932.5 43021.97 43111.48 43200.93 43290.3 43379.72 43469.18 43558.7 43648.14 43737.51 43826.93 43916.4 44005.91 44095.46 44185.07 44274.71 44364.4 44454.13 44543.91 44633.73 44723.59 44813.5 44903.45 44993.45 45083.48 45173.55 45263.67 45353.83 45444.03 45534.27 45624.55 45714.88 45805.24 45895.64 45986.09 46076.57 46167.09 46257.65 46348.25 46438.88 46529.56 46620.27 46711.03 46801.82 46892.64 46983.51 47074.41 47165.35 47256.32 47347.33 47438.38 47529.46 47620.58 47711.74 47802.93
41959.27 42052.94 42146.65 42240.38 42334.15 42427.94 42521.76 42615.61 42709.48 42798.71 42887.99 42977.32 43066.69 43156.11 43245.58 43335.09 43424.53 43513.91 43603.32 43692.79 43782.3 43871.75 43961.12 44050.54 44140 44229.52 44319.07 44408.67 44498.32 44588 44677.73 44767.51 44857.33 44947.19 45037.1 45127.04 45217.03 45307.06 45397.14 45487.25 45577.41 45667.6 45757.84 45848.12 45938.44 46028.8 46119.2 46209.63 46300.11 46390.63 46481.18 46571.77 46662.41 46753.07 46843.78 46934.53 47025.31 47116.13 47206.99 47297.89 47388.82 47479.79 47570.79 47661.83 47752.91 47844.02
41994.41 42088 42181.63 42275.29 42368.97 42462.69 42556.43 42650.21 42744 42837.83 42931.69 43022.32 43111.6 43200.93 43290.3 43379.72 43469.18 43558.7 43648.14 43737.51 43826.93 43916.4 44005.91 44095.35 44184.73 44274.14 44363.61 44453.12 44542.68 44632.27 44721.92 44811.61 44901.34 44991.11 45080.93 45170.79 45260.69 45350.63 45440.62 45530.65 45620.72 45710.83 45800.98 45891.18 45981.41 46071.68 46162 46252.35 46342.75 46433.18 46523.65 46614.16 46704.71 46795.3 46885.93 46976.59 47067.29 47158.03 47248.81 47339.63 47430.48 47521.36 47612.29 47703.25 47794.25 47885.28
42029.75 42123.27 42216.82 42310.4 42404.01 42497.65 42591.31 42685.01 42778.73 42872.48 42966.27 43060.07 43153.91 43245.93 43335.21 43424.53 43513.91 43603.32 43692.79 43782.3 43871.75 43961.12 44050.54 44140 44229.52 44318.96 44408.33 44497.75 44587.22 44676.73 44766.28 44855.88 44945.52 45035.21 45124.94 45214.71 45304.52 45394.38 45484.28 45574.23 45664.21 45754.23 45844.3 45934.41 46024.56 46114.75 46204.98 46295.25 46385.56 46475.91 46566.3 46656.73 46747.19 46837.7 46928.24 47018.82 47109.45 47200.11 47290.8 47381.54 47472.31 47563.12 47653.96 47744.84 47835.76 47926.71
42065.3 42158.75 42252.22 42345.72 42439.25 42532.81 42626.4 42720.02 42813.67 42907.34 43001.05 43094.78 43188.54 43282.33 43376.14 43469.53 43558.81 43648.14 43737.51 43826.93 43916.4 44005.91 44095.35 44184.73 44274.14 44363.61 44453.12 44542.56 44631.94 44721.36 44810.82 44900.34 44989.89 45079.48 45169.13 45258.81 45348.54 45438.31 45528.13 45617.98 45707.88 45797.82 45887.8 45977.82 46067.88 46157.99 46248.14 46338.32 46428.55 46518.81 46609.12 46699.46 46789.85 46880.27 46970.73 47061.24 47151.78 47242.36 47332.97 47423.62 47514.31 47605.04 47695.81 47786.61 47877.45 47968.32
42101.07 42194.43 42287.82 42381.25 42474.7 42568.18 42661.69 42755.23 42848.8 42942.4 43036.03 43129.69 43223.38 43317.09 43410.83 43504.6 43598.39 43692.22 43782.42 43871.75 43961.12 44050.54 44140 44229.52 44318.96 44408.33 44497.75 44587.22 44676.73 44766.17 44855.55 44944.96 45034.43 45123.94 45213.49 45303.09 45392.73 45482.41 45572.14 45661.91 45751.72 45841.57 45931.47 46021.41 46111.39 46201.41 46291.47 46381.57 46471.71 46561.89 46652.12 46742.38 46832.68 46923.02 47013.4 47103.82 47194.28 47284.78 47375.31 47465.88 47556.49 47647.14 47737.82 47828.55 47919.31 48010.1
42137.04 42230.32 42323.63 42416.98 42510.35 42603.75 42697.19 42790.65 42884.14 42977.67 43071.22 43164.8 43258.41 43352.05 43445.71 43539.41 43633.13 43726.88 43820.66 43914.46 44006.02 44095.35 44184.73 44274.14 44363.61 44453.12 44542.56 44631.94 44721.36 44810.82 44900.34 44989.78 45079.15 45168.57 45258.04 45347.55 45437.1 45526.7 45616.34 45706.02 45795.74 45885.51 45975.32 46065.17 46155.07 46245 46334.98 46424.99 46515.05 46605.15 46695.29 46785.47 46875.69 46965.95 47056.24 47146.58 47236.96 47327.37 47417.82 47508.32 47598.84 47689.41 47780.02 47870.66 47961.34 48052.05
42173.21 42266.42 42359.65 42452.91 42546.21 42639.54 42732.89 42826.28 42919.69 43013.14 43106.61 43200.12 43293.65 43387.21 43480.8 43574.42 43668.07 43761.74 43855.45 43949.18 44042.93 44136.72 44229.63 44318.96 44408.33 44497.75 44587.22 44676.73 44766.17 44855.55 44944.96 45034.43 45123.94 45213.38 45302.76 45392.18 45481.64 45571.15 45660.71 45750.3 45839.94 45929.62 46019.34 46109.11 46198.92 46288.77 46378.66 46468.59 46558.57 46648.58 46738.64 46828.73 46918.87 47009.04 47099.26 47189.51 47279.8 47370.14 47460.51 47550.92 47641.37 47731.86 47822.38 47912.94 48003.54 48094.18
42209.6 42302.72 42395.87 42489.06 42582.27 42675.52 42768.8 42862.11 42955.44 43048.81 43142.21 43235.63 43329.09 43422.57 43516.09 43609.63 43703.2 43796.8 43890.43 43984.09 44077.77 44171.48 44265.22 44358.99 44452.79 44542.56 44631.94 44721.36 44810.82 44900.34 44989.78 45079.15 45168.57 45258.04 45347.55 45436.99 45526.37 45615.79 45705.25 45794.76 45884.31 45973.91 46063.54 46153.22 46242.95 46332.71 46422.52 46512.36 46602.25 46692.18 46782.16 46872.17 46962.22 47052.31 47142.45 47232.62 47322.83 47413.08 47503.37 47593.7 47684.06 47774.47 47864.91 47955.39 48045.91 48136.47
42246.18 42339.23 42432.3 42525.4 42618.54 42711.71 42804.91 42898.14 42991.39 43084.68 43178 43271.35 43364.73 43458.14 43551.58 43645.05 43738.54 43832.07 43925.62 44019.2 44112.81 44206.45 44300.11 44393.8 44487.53 44581.27 44675.05 44766.17 44855.55 44944.96 45034.43 45123.94 45213.38 45302.76 45392.18 45481.64 45571.15 45660.6 45749.97 45839.39 45928.86 46018.37 46107.92 46197.51 46287.15 46376.82 46466.55 46556.31 46646.11 46735.96 46825.85 46915.78 47005.75 47095.75 47185.8 47275.89 47366.02 47456.19 47546.4 47636.64 47726.93 47817.26 47907.62 47998.02 48088.46 48178.94
42282.98 42375.94 42468.93 42561.95 42655.01 42748.1 42841.22 42934.37 43027.55 43120.76 43214 43307.27 43400.57 43493.91 43587.27 43680.66 43774.08 43867.53 43961 44054.51 44148.05 44241.61 44335.2 44428.82 44522.46 44616.14 44709.84 44803.57 44897.33 44989.78 45079.15 45168.57 45258.04 45347.55 45436.99 45526.37 45615.79 45705.25 45794.76 45884.2 45973.58 46063 46152.46 46241.97 46331.52 46421.12 46510.75 46600.43 46690.15 46779.91 46869.71 46959.56 47049.44 47139.37 47229.34 47319.34 47409.39 47499.47 47589.6 47679.77 47769.97 47860.21 47950.5 48040.82 48131.18 48221.57
