InputData/dist_5.txt
ncols         254
nrows         186
xllcorner     505538.86957319
yllcorner     8210083.0518381
cellsize      100
NODATA_value  -9999
[rows 90 to 119 of 186, columns 134 to 200 of 254]
36282.36 36194.2 36106.09 36018.05 35930.07 35842.15 35754.3 35666.51 35578.79 35491.13 35403.53 35316 35228.54 35141.14 35053.82 34966.55 34879.36 34792.24 34705.19 34618.2 34531.29 34444.45 34357.68 34270.98 34184.35 34097.8 34011.32 33924.92 -9999 -9999 -9999 -9999 -9999 -9999 -9999 -9999 -9999 -9999 -9999 -9999 -9999 -9999 -9999 -9999 -9999 -9999 32298.14 32213.35 32128.65 32044.03 31959.51 31875.07 31790.72 31706.47 31622.3 31538.23 -9999 -9999 -9999 -9999 -9999 -9999 -9999 -9999 -9999 -9999 -9999
36235.34 36147.06 36058.84 35970.68 35882.59 35794.55 35706.58 35618.68 35530.83 35443.05 35355.34 35267.69 35180.11 35092.59 35005.14 34917.76 34830.45 34743.2 34656.02 34568.92 34481.88 34394.91 34308.02 34221.19 34134.44 34047.76 33961.15 33874.62 33788.16 33701.78 33615.47 33529.24 -9999 -9999 -9999 -9999 -9999 -9999 -9999 -9999 -9999 -9999 32585.89 32500.62 32415.43 32330.33 32245.31 32160.38 32075.54 31990.78 31906.11 31821.53 31737.04 31652.65 31568.34 31484.12 31400 -9999 -9999 -9999 -9999 -9999 -9999 -9999 -9999 -9999 -9999
36188.54 36100.14 36011.8 35923.53 35835.32 35747.17 35659.08 35571.05 35483.09 35395.2 35307.36 35219.6 35131.89 35044.26 34956.69 34869.18 34781.75 34694.38 34607.08 34519.85 34432.69 34345.6 34258.57 34171.63 34084.75 33997.94 33911.21 33824.55 33737.96 33651.45 33565.01 33478.65 33392.36 33306.16 33220.02 33133.97 33048 32962.1 32876.29 32790.55 32704.89 32619.32 32533.83 32448.42 32363.1 32277.86 32192.7 32107.63 32022.65 31937.75 31852.94 31768.22 31683.59 31599.05 31514.6 31430.24 31345.97 31261.8 -9999 -9999 -9999 -9999 -9999 -9999 -9999 -9999 -9999
36141.94 36053.43 35964.98 35876.59 35788.27 35700 35611.8 35523.65 35435.57 35347.56 35259.61 35171.72 35083.9 34996.14 34908.45 34820.83 34733.27 34645.78 34558.36 34471 34383.72 34296.5 34209.36 34122.28 34035.28 33948.34 33861.48 33774.7 33687.98 33601.34 33514.77 33428.28 33341.87 33255.53 33169.26 33083.08 32996.97 32910.94 32824.99 32739.12 32653.33 32567.62 32481.99 32396.45 32310.99 32225.61 32140.32 32055.11 31969.99 31884.95 31800 31715.14 31630.37 31545.68 31461.09 31376.58 31292.17 31207.85 31123.63 -9999 -9999 -9999 -9999 -9999 -9999 -9999 -9999
36095.57 36006.95 35918.38 35829.88 35741.43 35653.05 35564.73 35476.47 35388.27 35300.14 35212.07 35124.07 35036.13 34948.25 34860.44 34772.69 34685.01 34597.4 34509.86 34422.38 34334.97 34247.63 34160.36 34073.16 33986.03 33898.97 33811.98 33725.07 33638.22 33551.45 33464.76 33378.14 33291.59 33205.12 33118.73 33032.41 32946.17 32860.01 32773.92 32687.92 32601.99 32516.15 32430.39 32344.71 32259.11 32173.59 32088.16 32002.81 31917.55 31832.37 31747.28 31662.28 31577.37 31492.54 31407.8 31323.15 31238.6 31154.13 31069.76 30985.48 30901.29 -9999 -9999 -9999 -9999 -9999 -9999
36049.41 35960.67 35872 35783.38 35694.82 35606.32 35517.88 35429.51 35341.2 35252.94 35164.75 35076.63 34988.57 34900.57 34812.64 34724.77 34636.97 34549.24 34461.57 34373.97 34286.44 34198.98 34111.58 34024.26 33937 33849.82 33762.7 33675.66 33588.69 33501.79 33414.96 33328.21 33241.54 33154.94 33068.41 32981.96 32895.59 32809.3 32723.08 32636.94 32550.88 32464.9 32379.01 32293.19 32207.45 32121.8 32036.23 31950.74 31865.34 31780.03 31694.79 31609.65 31524.59 31439.63 31354.74 31269.95 31185.25 31100.64 31016.13 30931.7 30847.37 30763.13 30678.98 -9999 -9999 -9999 -9999
36003.47 35914.62 35825.83 35737.09 35648.42 35559.81 35471.26 35382.77 35294.33 35205.96 35117.66 35029.42 34941.24 34853.12 34765.07 34677.08 34589.16 34501.3 34413.52 34325.79 34238.14 34150.55 34063.03 33975.58 33888.2 33800.89 33713.65 33626.48 33539.38 33452.36 33365.4 33278.52 33191.71 33104.98 33018.33 32931.75 32845.24 32758.82 32672.46 32586.19 32500 32413.89 32327.85 32241.9 32156.03 32070.24 31984.53 31898.9 31813.36 31727.91 31642.54 31557.25 31472.05 31386.94 31301.92 31216.98 31132.14 31047.38 30962.72 30878.15 30793.67 30709.28 30624.99 30540.79 30456.69 30372.69 30288.78
35957.75 35868.79 35779.88 35691.04 35602.25 35513.52 35424.85 35336.24 35247.7 35159.21 35070.79 34982.43 34894.13 34805.89 34717.72 34629.61 34541.57 34453.59 34365.68 34277.84 34190.06 34102.35 34014.7 33927.13 33839.62 33752.18 33664.82 33577.52 33490.3 33403.14 33316.06 33229.05 33142.12 33055.26 32968.47 32881.76 32795.12 32708.56 32622.08 32535.67 32449.35 32363.1 32276.93 32190.84 32104.83 32018.9 31933.05 31847.29 31761.61 31676.02 31590.51 31505.08 31419.74 31334.49 31249.32 31164.24 31079.25 30994.35 30909.54 30824.83 30740.2 30655.67 30571.23 30486.88 30402.63 30318.48 30234.42
35912.25 35823.18 35734.16 35645.2 35556.29 35467.45 35378.66 35289.94 35201.28 35112.68 35024.13 34935.66 34847.24 34758.88 34670.59 34582.37 34494.2 34406.11 34318.07 34230.11 34142.2 34054.37 33966.6 33878.9 33791.27 33703.71 33616.21 33528.79 33441.44 33354.16 33266.95 33179.81 33092.75 33005.76 32918.84 32832 32745.23 32658.54 32571.92 32485.38 32398.92 32312.54 32226.23 32140.01 32053.86 31967.8 31881.81 31795.91 31710.09 31624.36 31538.71 31453.14 31367.66 31282.26 31196.96 31111.73 31026.6 30941.56 30856.6 30771.74 30686.97 30602.29 30517.7 30433.21 30348.8 30264.5 30180.29
35866.98 35777.79 35688.65 35599.58 35510.56 35421.61 35332.7 35243.86 35155.09 35066.37 34977.71 34889.11 34800.57 34712.1 34623.69 34535.34 34447.06 34358.84 34270.69 34182.6 34094.57 34006.62 33918.73 33830.9 33743.15 33655.46 33567.84 33480.29 33392.81 33305.41 33218.07 33130.8 33043.61 32956.49 32869.44 32782.46 32695.57 32608.74 32521.99 32435.32 32348.72 32262.21 32175.77 32089.41 32003.13 31916.92 31830.8 31744.76 31658.81 31572.93 31487.14 31401.43 31315.81 31230.27 31144.82 31059.46 30974.18 30888.99 30803.9 30718.89 30633.97 30549.14 30464.41 30379.76 30295.21 30210.76 30126.4
35821.92 35732.62 35643.37 35554.18 35465.05 35375.98 35286.96 35198.01 35109.12 35020.28 34931.5 34842.79 34754.14 34665.54 34577.02 34488.55 34400.14 34311.8 34223.53 34135.32 34047.17 33959.09 33871.08 33783.13 33695.25 33607.44 33519.7 33432.02 33344.41 33256.88 33169.41 33082.02 32994.7 32907.45 32820.27 32733.16 32646.13 32559.18 32472.29 32385.49 32298.76 32212.11 32125.54 32039.04 31952.62 31866.28 31780.03 31693.85 31607.75 31521.74 31435.81 31349.96 31264.2 31178.52 31092.93 31007.42 30922 30836.67 30751.42 30666.27 30581.2 30496.23 30411.35 30326.56 30241.86 30157.25 30072.75
35777.09 35687.67 35598.32 35509.01 35419.77 35330.58 35241.45 35152.38 35063.37 34974.42 34885.53 34796.7 34707.93 34619.21 34530.57 34441.98 34353.46 34265 34176.6 34088.27 34000 33911.8 33823.66 33735.59 33647.59 33559.65 33471.78 33383.98 33296.25 33208.58 33120.99 33033.47 32946.02 32858.64 32771.33 32684.09 32596.93 32509.84 32422.83 32335.89 32249.03 32162.24 32075.54 31988.9 31902.35 31815.88 31729.48 31643.17 31556.93 31470.78 31384.71 31298.72 31212.82 31127 31041.26 30955.61 30870.05 30784.57 30699.19 30613.88 30528.68 30443.55 30358.52 30273.59 30188.74 30103.99 30019.33
35732.48 35642.95 35553.48 35464.07 35374.71 35285.41 35196.16 35106.98 35017.85 34928.79 34839.78 34750.83 34661.94 34573.11 34484.34 34395.64 34307 34218.42 34129.9 34041.45 33953.05 33864.73 33776.47 33688.28 33600.15 33512.09 33424.09 33336.17 33248.31 33160.52 33072.8 32985.15 32897.57 32810.06 32722.62 32635.26 32547.96 32460.75 32373.6 32286.53 32199.53 32112.62 32025.77 31939 31852.32 31765.71 31679.17 31592.72 31506.35 31420.06 31333.85 31247.72 31161.68 31075.71 30989.84 30904.04 30818.34 30732.72 30647.19 30561.74 30476.38 30391.12 30305.94 30220.85 30135.86 30050.96 29966.15
35687.67 35598.32 35508.87 35419.34 35329.88 35240.46 35151.1 35061.8 34972.56 34883.38 34794.25 34705.19 34616.18 34527.23 34438.35 34349.53 34260.77 34172.07 34083.43 33994.85 33906.34 33817.89 33729.51 33641.2 33552.94 33464.76 33376.64 33288.59 33200.6 33112.69 33024.84 32937.06 32849.35 32761.71 32674.15 32586.65 32499.23 32411.88 32324.6 32237.4 32150.27 32063.22 31976.24 31889.34 31802.52 31715.77 31629.1 31542.51 31456 31369.57 31283.22 31196.96 31110.77 31024.67 30938.65 30852.71 30766.87 30681.1 30595.42 30509.83 30424.33 30338.92 30253.6 30168.36 30083.22 29998.17 29913.21
35642.95 35553.48 35464.07 35374.71 35285.27 35195.74 35106.27 35016.85 34927.5 34838.2 34748.96 34659.77 34570.65 34481.59 34392.59 34303.64 34214.76 34125.94 34037.19 33948.49 33859.86 33771.29 33682.79 33594.34 33505.97 33417.66 33329.42 33241.24 33153.13 33065.09 32977.11 32889.21 32801.37 32713.61 32625.91 32538.29 32450.73 32363.25 32275.84 32188.51 32101.25 32014.06 31926.95 31839.91 31752.95 31666.07 31579.27 31492.54 31405.89 31319.32 31232.84 31146.43 31060.1 30973.86 30887.7 30801.62 30715.63 30629.72 30543.9 30458.17 30372.52 30286.96 30201.49 30116.11 30030.82 29945.62 29860.51
35598.32 35508.87 35419.34 35329.88 35240.46 35151.1 35061.66 34972.13 34882.66 34793.25 34703.89 34614.59 34525.35 34436.17 34347.05 34257.99 34168.99 34080.05 33991.18 33902.36 33813.61 33724.92 33636.29 33547.73 33459.23 33370.8 33282.43 33194.13 33105.89 33017.72 32929.62 32841.59 32753.63 32665.73 32577.91 32490.15 32402.47 32314.86 32227.32 32139.85 32052.46 31965.14 31877.89 31790.72 31703.63 31616.61 31529.67 31442.8 31356.02 31269.31 31182.69 31096.14 31009.68 30923.29 30836.99 30750.77 30664.64 30578.59 30492.62 30406.74 30320.95 30235.24 30149.63 30064.1 29978.66 29893.31 29808.05
35553.48 35464.07 35374.71 35285.27 35195.74 35106.27 35016.85 34927.5 34838.05 34748.52 34659.05 34569.64 34480.29 34390.99 34301.75 34212.57 34123.45 34034.39 33945.4 33856.46 33767.59 33678.78 33590.03 33501.34 33412.72 33324.16 33235.67 33147.25 33058.89 32970.59 32882.37 32794.21 32706.12 32618.09 32530.14 32442.26 32354.44 32266.7 32179.03 32091.43 32003.91 31916.45 31829.07 31741.77 31654.54 31567.39 31480.31 31393.31 31306.39 31219.54 31132.78 31046.1 30959.49 30872.96 30786.52 30700.16 30613.88 30527.69 30441.58 30355.56 30269.62 30183.77 30098.01 30012.33 29926.74 29841.25 29755.84
35508.87 35419.34 35329.88 35240.46 35151.1 35061.66 34972.13 34882.66 34793.25 34703.89 34614.45 34524.92 34435.45 34346.04 34256.68 34167.38 34078.14 33988.97 33899.85 33810.8 33721.8 33632.87 33544 33455.2 33366.45 33277.77 33189.16 33100.61 33012.12 32923.7 32835.35 32747.06 32658.84 32570.69 32482.61 32394.6 32306.66 32218.78 32130.98 32043.25 31955.59 31868.01 31780.5 31693.06 31605.7 31518.41 31431.2 31344.06 31257 31170.02 31083.12 30996.29 30909.54 30822.88 30736.3 30649.8 30563.38 30477.04 30390.79 30304.62 30218.54 30132.54 30046.63 29960.81 29875.07 29789.43 29703.87
35464.49 35374.85 35285.27 35195.74 35106.27 35016.85 34927.5 34838.05 34748.52 34659.05 34569.64 34480.29 34390.84 34301.31 34211.84 34122.43 34033.07 33943.78 33854.54 33765.37 33676.25 33587.2 33498.21 33409.28 33320.41 33231.61 33142.87 33054.2 32965.59 32877.04 32788.57 32700.15 32611.81 32523.53 32435.32 32347.18 32259.11 32171.11 32083.17 31995.31 31907.52 31819.8 31732.16 31644.59 31557.09 31469.67 31382.32 31295.05 31207.85 31120.73 31033.69 30946.73 30859.84 30773.04 30686.32 30599.67 30513.11 30426.63 30340.24 30253.93 30167.7 30081.56 29995.5 29909.53 29823.65 29737.86 29652.15
35420.33 35330.58 35240.89 35151.25 35061.66 34972.13 34882.66 34793.25 34703.89 34614.45 34524.92 34435.45 34346.04 34256.68 34167.23 34077.71 33988.23 33898.82 33809.46 33720.17 33630.94 33541.77 33452.65 33363.6 33274.61 33185.69 33096.83 33008.03 32919.3 32830.63 32742.02 32653.48 32565.01 32476.61 32388.27 32300 32211.8 32123.67 32035.61 31947.61 31859.69 31771.84 31684.06 31596.36 31508.73 31421.17 31333.69 31246.28 31158.95 31071.69 30984.51 30897.41 30810.39 30723.44 30636.58 30549.79 30463.09 30376.47 30289.93 30203.48 30117.11 30030.82 29944.62 29858.5 29772.47 29686.53 29600.68
35376.41 35286.54 35196.73 35106.98 35017.28 34927.64 34838.05 34748.52 34659.05 34569.64 34480.29 34390.84 34301.31 34211.84 34122.43 34033.07 33943.63 33854.1 33764.63 33675.21 33585.86 33496.57 33407.34 33318.16 33229.05 33140.01 33051.02 32962.1 32873.24 32784.45 32695.72 32607.05 32518.46 32429.92 32341.46 32253.06 32164.73 32076.47 31988.28 31900.16 31812.11 31724.12 31636.21 31548.38 31460.61 31372.92 31285.3 31197.76 31110.29 31022.89 30935.58 30848.34 30761.18 30674.09 30587.09 30500.16 30413.32 30326.56 30239.88 30153.28 30066.76 29980.33 29893.98 29807.72 29721.54 29635.45 29549.45
35332.7 35242.73 35152.81 35062.95 34973.13 34883.38 34793.68 34704.04 34614.45 34524.92 34435.45 34346.04 34256.68 34167.23 34077.71 33988.23 33898.82 33809.46 33720.02 33630.49 33541.02 33451.61 33362.25 33272.96 33183.73 33094.56 33005.45 32916.41 32827.43 32738.51 32649.66 32560.87 32472.14 32383.48 32294.89 32206.37 32117.91 32029.52 31941.2 31852.94 31764.76 31676.65 31588.61 31500.63 31412.74 31324.91 31237.16 31149.48 31061.87 30974.34 30886.89 30799.51 30712.21 30624.99 30537.85 30450.78 30363.79 30276.89 30190.06 30103.32 30016.66 29930.09 29843.59 29757.18 29670.86 29584.63 29498.47
35289.23 35199.15 35109.12 35019.14 34929.21 34839.34 34749.53 34659.77 34570.07 34480.43 34390.84 34301.31 34211.84 34122.43 34033.07 33943.63 33854.1 33764.63 33675.21 33585.86 33496.42 33406.89 33317.41 33228 33138.65 33049.36 32960.13 32870.96 32781.86 32692.81 32603.83 32514.92 32426.07 32337.29 32248.57 32159.91 32071.33 31982.81 31894.36 31805.97 31717.66 31629.42 31541.24 31453.14 31365.11 31277.15 31189.26 31101.45 31013.71 30926.04 30838.45 30750.94 30663.5 30576.13 30488.85 30401.64 30314.52 30227.47 30140.5 30053.62 29966.81 29880.09 29793.46 29706.9 29620.43 29534.05 29447.75
35245.99 35155.8 35065.65 34975.56 34885.53 34795.55 34705.62 34615.75 34525.93 34436.17 34346.47 34256.82 34167.23 34077.71 33988.23 33898.82 33809.46 33720.02 33630.49 33541.02 33451.61 33362.25 33272.81 33183.28 33093.8 33004.39 32915.04 32825.75 32736.52 32647.36 32558.26 32469.22 32380.24 32291.33 32202.48 32113.71 32024.99 31936.34 31847.76 31759.25 31670.81 31582.43 31494.13 31405.89 31317.73 31229.63 31141.61 31053.66 30965.79 30877.99 30790.26 30702.61 30615.03 30527.53 30440.11 30352.76 30265.49 30178.3 30091.2 30004.17 29917.22 29830.35 29743.57 29656.87 29570.26 29483.72 29397.28
35202.98 35112.68 35022.42 34932.22 34842.07 34751.98 34661.94 34571.95 34482.02 34392.15 34302.33 34212.57 34122.87 34033.22 33943.63 33854.1 33764.63 33675.21 33585.86 33496.42 33406.89 33317.41 33228 33138.65 33049.21 32959.67 32870.2 32780.79 32691.44 32602.15 32512.92 32423.76 32334.66 32245.62 32156.65 32067.74 31978.9 31890.12 31801.42 31712.77 31624.2 31535.69 31447.26 31358.89 31270.59 31182.37 31094.21 31006.13 30918.12 30830.18 30742.32 30654.53 30566.81 30479.17 30391.61 30304.13 30216.72 30129.39 30042.14 29954.97 29867.88 29780.87 29693.94 29607.09 29520.33 29433.65 29347.06
35160.2 35069.79 34979.42 34889.11 34798.85 34708.64 34618.49 34528.39 34438.35 34348.36 34258.43 34168.55 34078.73 33988.97 33899.26 33809.61 33720.02 33630.49 33541.02 33451.61 33362.25 33272.81 33183.28 33093.8 33004.39 32915.04 32825.6 32736.07 32646.59 32557.18 32467.83 32378.54 32289.32 32200.16 32111.06 32022.02 31933.05 31844.15 31755.31 31666.54 31577.84 31489.21 31400.64 31312.14 31223.71 31135.35 31047.06 30958.84 30870.7 30782.63 30694.63 30606.7 30518.85 30431.07 30343.37 30255.74 30168.2 30080.72 29993.33 29906.02 29818.79 29731.63 29644.56 29557.57 29470.66 29383.84 29297.1
35117.66 35027.13 34936.66 34846.23 34755.86 34665.54 34575.28 34485.07 34394.91 34304.81 34214.76 34124.77 34034.84 33944.96 33855.13 33765.37 33675.66 33586.01 33496.42 33406.89 33317.41 33228 33138.65 33049.21 32959.67 32870.2 32780.79 32691.44 32601.99 32512.46 32422.99 32333.57 32244.22 32154.94 32065.71 31976.55 31887.46 31798.43 31709.46 31620.56 31531.73 31442.96 31354.27 31265.64 31177.07 31088.58 31000.16 30911.81 30823.53 30735.32 30647.19 30559.12 30471.13 30383.22 30295.38 30207.62 30119.93 30032.32 29944.78 29857.33 29769.95 29682.65 29595.44 29508.3 29421.25 29334.28 29247.39
35075.35 34984.71 34894.13 34803.59 34713.11 34622.68 34532.3 34441.98 34351.71 34261.5 34171.33 34081.23 33991.18 33901.18 33811.24 33721.36 33631.53 33541.77 33452.05 33362.4 33272.81 33183.28 33093.8 33004.39 32915.04 32825.6 32736.07 32646.59 32557.18 32467.83 32378.39 32288.85 32199.38 32109.97 32020.62 31931.33 31842.11 31752.95 31663.86 31574.83 31485.87 31396.97 31308.15 31219.38 31130.69 31042.07 30953.51 30865.03 30776.62 30688.27 30600 30511.8 30423.68 30335.62 30247.64 30159.74 30071.91 29984.16 29896.49 29808.89 29721.37 29633.93 29546.57 29459.29 29372.1 29284.98 29197.95
35033.27 34942.52 34851.83 34761.18 34670.59 34580.05 34489.56 34399.13 34308.75 34218.42 34128.14 34037.92 33947.75 33857.64 33767.59 33677.59 33587.65 33497.76 33407.93 33318.16 33228.45 33138.8 33049.21 32959.67 32870.2 32780.79 32691.44 32601.99 32512.46 32422.99 32333.57 32244.22 32154.78 32065.25 31975.77 31886.36 31797.01 31707.73 31618.51 31529.35 31440.26 31351.24 31262.28 31173.39 31084.56 30995.81 30907.12 30818.5 30729.95 30641.47 30553.07 30464.73 30376.47 30288.28 30200.17 30112.12 30024.16 29936.27 29848.45 29760.71 29673.05 29585.47 29497.97 29410.54 29323.2 29235.94 29148.76
34991.43 34900.57 34809.77 34719.02 34628.31 34537.66 34447.06 34356.51 34266.02 34175.57 34085.19 33994.85 33904.57 33814.35 33724.18 33634.06 33544 33454 33364.05 33274.16 33184.33 33094.56 33004.85 32915.2 32825.6 32736.07 32646.59 32557.18 32467.83 32378.39 32288.85 32199.38 32109.97 32020.62 31931.18 31841.64 31752.17 31662.75 31573.41 31484.12 31394.9 31305.75 31216.66 31127.64 31038.69 30949.8 30860.98 30772.23 30683.55 30594.93 30506.39 30417.92 30329.52 30241.2 30152.94 30064.76 29976.66 29888.63 29800.67 29712.79 29624.99 29537.26 29449.62 29362.05 29274.56 29187.15 29099.83
