InputData/dist_20.txt
ncols         279
nrows         134
xllcorner     558997.83959468
yllcorner     8189421.0051433
cellsize      100
NODATA_value  -9999
[rows 29 to 57 of 134, columns 65 to 129 of 279]
13420.13 13516.29 13612.49 13708.76 13805.07 13901.44 13997.86 14094.33 14190.84 14283.56 14366.98 14450.61 14534.1 14616.77 14699.66 14782.76 14866.07 14949.58 15033.3 15116.22 15199.01 15282.02 15365.22 15448.63 15532.22 15615.7 15698.41 15781.32 15864.43 15947.73 16031.22 16114.9 16197.84 16280.66 16363.68 16446.88 16530.28 16613.85 16697.61 16781.54 16865.65 16949.93 17034.38 17119 17203.78 17288.72 17373.83 17459.1 17544.52 17630.09 17715.81 17801.69 17887.71 17972.48 18056.02 18139.46 18222.24 18305.19 18388.31 18471.6 18555.05 18638.67 18721.64 18804.52 18887.56
13392.91 13489.25 13585.65 13682.11 13778.61 13875.16 13971.76 14068.4 14165.1 14261.84 14358.62 14455.45 14552.32 14649.23 14746.19 14838.46 14921.46 15004.67 15088.08 15171.68 15255.16 15337.86 15420.77 15503.87 15587.17 15670.67 15754.36 15837.3 15920.11 16003.13 16086.33 16169.72 16253.31 16336.77 16419.5 16502.42 16585.54 16668.83 16752.31 16835.97 16919.81 17003.82 17088.01 17172.36 17256.88 17341.57 17426.42 17511.43 17596.59 17681.91 17767.39 17853.01 17938.79 18024.71 18110.77 18194.5 18278.13 18361.1 18443.97 18527.01 18610.21 18693.58 18777.11 18860.54 18943.34
13366.38 13462.91 13559.5 13656.13 13752.82 13849.55 13946.33 14043.15 14140.01 14236.92 14333.88 14430.87 14527.9 14624.98 14722.09 14819.24 14916.43 15013.66 15110.92 15208.22 15305.55 15393.83 15476.76 15559.56 15642.57 15725.78 15809.17 15892.77 15976.23 16058.95 16141.87 16224.98 16308.28 16391.77 16475.44 16558.38 16641.21 16724.23 16807.44 16890.83 16974.39 17058.14 17142.05 17226.14 17310.4 17394.83 17479.42 17564.17 17649.08 17734.15 17819.37 17904.75 17990.28 18075.95 18161.77 18247.74 18333.03 18416.57 18500 18582.79 18665.74 18748.87 18832.15 18915.6 18999.21
13340.54 13437.26 13534.03 13630.85 13727.71 13824.62 13921.57 14018.56 14115.59 14212.67 14309.79 14406.94 14504.14 14601.37 14698.64 14795.95 14893.29 14990.66 15088.08 15185.52 15283 15380.51 15478.05 15575.62 15673.23 15770.86 15864.43 15947.73 16031.22 16114.9 16197.84 16280.66 16363.68 16446.88 16530.28 16613.85 16697.3 16780.05 16862.98 16946.09 17029.39 17112.86 17196.51 17280.34 17364.33 17448.5 17532.83 17617.32 17701.98 17786.79 17871.77 17956.89 18042.17 18127.6 18213.18 18298.91 18384.78 18470.79 18555.05 18638.67 18721.64 18804.52 18887.56 18970.77 19054.13
13315.4 13412.31 13509.26 13606.25 13703.28 13800.36 13897.48 13994.64 14091.84 14189.08 14286.36 14383.67 14481.02 14578.41 14675.83 14773.29 14870.78 14968.3 15065.86 15163.44 15261.06 15358.71 15456.39 15554.1 15651.84 15749.6 15847.4 15945.22 16043.07 16140.94 16238.84 16336.77 16419.5 16502.42 16585.54 16668.83 16752.31 16835.97 16918.92 17001.76 17084.79 17167.99 17251.38 17334.94 17418.67 17502.57 17586.64 17670.88 17755.28 17839.84 17924.56 18009.44 18094.47 18179.66 18264.99 18350.48 18436.11 18521.88 18607.79 18693.58 18777.11 18860.54 18943.34 19026.3 19109.42
13290.97 13388.05 13485.18 13582.34 13679.55 13776.79 13874.08 13971.4 14068.76 14166.16 14263.59 14361.06 14458.56 14556.1 14653.67 14751.27 14848.91 14946.57 15044.27 15141.99 15239.75 15337.54 15435.35 15533.19 15631.06 15728.95 15826.88 15924.82 16022.8 16120.79 16218.82 16316.86 16414.93 16513.03 16611.14 16709.28 16807.44 16890.83 16974.39 17057.84 17140.6 17223.53 17306.65 17389.94 17473.41 17557.05 17640.86 17724.84 17808.99 17893.29 17977.76 18062.39 18147.18 18232.12 18317.21 18402.45 18487.83 18573.37 18659.05 18744.87 18830.83 18915.6 18999.21 19082.19 19165.07
13267.25 13364.5 13461.8 13559.13 13656.5 13753.91 13851.35 13948.83 14046.35 14143.9 14241.49 14339.11 14436.76 14534.44 14632.16 14729.9 14827.68 14925.48 15023.32 15121.18 15219.07 15316.98 15414.93 15512.9 15610.89 15708.92 15806.96 15905.03 16003.13 16101.24 16199.38 16297.55 16395.73 16493.94 16592.17 16690.42 16788.69 16886.98 16985.29 17083.62 17181.97 17279.47 17362.32 17445.34 17528.55 17611.93 17695.48 17779.2 17863.09 17947.14 18031.36 18115.74 18200.28 18284.97 18369.81 18454.81 18539.96 18625.25 18710.69 18796.28 18882 18967.87 19053.87 19137.66 19221.08
13244.24 13341.66 13439.12 13536.62 13634.15 13731.71 13829.32 13926.95 14024.62 14122.32 14220.06 14317.82 14415.62 14513.44 14611.3 14709.18 14807.09 14905.03 15003 15100.99 15199.01 15297.06 15395.13 15493.22 15591.34 15689.49 15787.65 15885.84 15984.05 16082.29 16180.54 16278.82 16377.12 16475.44 16573.78 16672.13 16770.51 16868.91 16967.32 17065.76 17164.21 17262.68 17361.16 17459.67 17558.19 17656.73 17750.49 17833.96 17917.59 18001.39 18085.35 18169.48 18253.77 18338.21 18422.81 18507.57 18592.47 18677.53 18762.73 18848.08 18933.57 19019.2 19104.97 19190.88 19276.15
13221.95 13319.53 13417.15 13514.81 13612.49 13710.21 13807.97 13905.75 14003.57 14101.42 14199.3 14297.2 14395.14 14493.1 14591.09 14689.11 14787.16 14885.23 14983.32 15081.45 15179.59 15277.76 15375.96 15474.17 15572.41 15670.67 15768.96 15867.26 15965.59 16063.93 16162.3 16260.69 16359.1 16457.52 16555.96 16654.43 16752.91 16851.41 16949.93 17048.46 17147.01 17245.58 17344.16 17442.76 17541.38 17640.01 17738.66 17837.32 17936 18034.69 18133.39 18223.61 18307.65 18391.85 18476.2 18560.71 18645.38 18730.19 18815.15 18900.26 18985.52 19070.92 19156.46 19242.14 19327.96
13200.38 13298.12 13395.89 13493.7 13591.54 13689.41 13787.31 13885.24 13983.2 14081.19 14179.21 14277.25 14375.33 14473.42 14571.55 14669.7 14767.87 14866.07 14964.29 15062.54 15160.8 15259.1 15357.41 15455.74 15554.1 15652.48 15750.87 15849.29 15947.73 16046.18 16144.66 16243.15 16341.66 16440.2 16538.74 16637.31 16735.89 16834.49 16933.1 17031.73 17130.38 17229.04 17327.72 17426.42 17525.13 17623.85 17722.58 17821.34 17920.1 18018.88 18117.67 18216.48 18315.29 18414.13 18512.97 18611.82 18698.66 18783.24 18867.96 18952.84 19037.86 19123.02 19208.33 19293.78 19379.37
13179.53 13277.42 13375.35 13473.31 13571.29 13669.31 13767.35 13865.42 13963.52 14061.65 14159.8 14257.98 14356.18 14454.41 14552.66 14650.94 14749.24 14847.56 14945.9 15044.27 15142.66 15241.06 15339.49 15437.94 15536.41 15634.9 15733.4 15831.93 15930.47 16029.04 16127.62 16226.21 16324.83 16423.46 16522.11 16620.77 16719.45 16818.14 16916.86 17015.58 17114.32 17213.08 17311.85 17410.63 17509.43 17608.24 17707.06 17805.9 17904.75 18003.61 18102.49 18201.37 18300.27 18399.19 18498.11 18597.04 18695.99 18794.95 18893.91 18992.89 19090.57 19175.51 19260.58 19345.8 19431.16
13159.41 13257.45 13355.52 13453.62 13551.75 13649.91 13748.09 13846.3 13944.53 14042.79 14141.08 14239.38 14337.71 14436.07 14534.44 14632.84 14731.26 14829.7 14928.16 15026.64 15125.14 15223.67 15322.21 15420.77 15519.34 15617.94 15716.55 15815.18 15913.83 16012.5 16111.18 16209.87 16308.59 16407.32 16506.06 16604.82 16703.59 16802.38 16901.18 17000 17098.83 17197.67 17296.53 17395.4 17494.29 17593.18 17692.09 17791.01 17889.94 17988.88 18087.84 18186.81 18285.79 18384.78 18483.78 18582.79 18681.81 18780.84 18879.88 18978.94 19078 19177.07 19276.15 19375.24 19474.34
13140.02 13238.2 13336.42 13434.66 13532.92 13631.21 13729.53 13827.87 13926.23 14024.62 14123.03 14221.46 14319.92 14418.39 14516.89 14615.4 14713.94 14812.5 14911.07 15009.66 15108.28 15206.91 15305.55 15404.22 15502.9 15601.6 15700.32 15799.05 15897.8 15996.56 16095.34 16194.13 16292.94 16391.77 16490.6 16589.46 16688.32 16787.2 16886.09 16984.99 17083.91 17182.84 17281.78 17380.74 17479.7 17578.68 17677.67 17776.67 17875.68 17974.71 18073.74 18172.78 18271.84 18370.9 18469.98 18569.06 18668.15 18767.26 18866.37 18965.49 19064.63 19163.77 19262.92 19362.08 19461.24
13121.36 13219.68 13318.03 13416.41 13514.81 13613.23 13711.67 13810.14 13908.63 14007.14 14105.67 14204.22 14302.8 14401.39 14500 14598.63 14697.28 14795.95 14894.63 14993.33 15092.05 15190.79 15289.54 15388.31 15487.09 15585.89 15684.71 15783.54 15882.38 15981.24 16080.11 16179 16277.9 16376.81 16475.74 16574.68 16673.63 16772.6 16871.57 16970.56 17069.56 17168.58 17267.6 17366.63 17465.68 17564.74 17663.8 17762.88 17861.97 17961.07 18060.18 18159.29 18258.42 18357.56 18456.71 18555.86 18655.03 18754.2 18853.38 18952.57 19051.77 19150.98 19250.2 19349.42 19448.65
13103.43 13201.89 13300.38 13398.88 13497.41 13595.96 13694.52 13793.11 13891.72 13990.35 14089 14187.67 14286.36 14385.06 14483.78 14582.52 14681.28 14780.05 14878.84 14977.65 15076.47 15175.31 15274.16 15373.03 15471.91 15570.81 15669.72 15768.64 15867.58 15966.53 16065.49 16164.47 16263.46 16362.46 16461.47 16560.5 16659.53 16758.58 16857.64 16956.71 17055.79 17154.88 17253.98 17353.1 17452.22 17551.35 17650.5 17749.65 17848.81 17947.98 18047.16 18146.35 18245.55 18344.75 18443.97 18543.19 18642.42 18741.66 18840.91 18940.17 19039.43 19138.71 19237.98 19337.27 19436.56
13086.25 13184.84 13283.45 13382.08 13480.73 13579.4 13678.08 13776.79 13875.52 13974.26 14073.02 14171.8 14270.6 14369.41 14468.24 14567.09 14665.95 14764.82 14863.71 14962.62 15061.54 15160.47 15259.42 15358.39 15457.36 15556.35 15655.35 15754.36 15853.39 15952.43 16051.48 16150.54 16249.62 16348.7 16447.8 16546.9 16646.02 16745.15 16844.29 16943.44 17042.59 17141.76 17240.94 17340.13 17439.32 17538.53 17637.74 17736.97 17836.2 17935.44 18034.69 18133.95 18233.21 18332.48 18431.77 18531.05 18630.35 18729.66 18828.97 18928.29 19027.61 19126.95 19226.28 19325.63 19424.98
13069.81 13168.52 13267.25 13366 13464.77 13563.55 13662.36 13761.18 13860.01 13958.87 14057.74 14156.62 14255.53 14354.44 14453.37 14552.32 14651.28 14750.25 14849.24 14948.24 15047.26 15146.29 15245.33 15344.38 15443.45 15542.52 15641.61 15740.71 15839.82 15938.95 16038.08 16137.22 16236.38 16335.54 16434.72 16533.9 16633.1 16732.3 16831.52 16930.74 17029.97 17129.21 17228.46 17327.72 17426.99 17526.27 17625.55 17724.84 17824.14 17923.45 18022.76 18122.09 18221.42 18320.75 18420.1 18519.45 18618.81 18718.17 18817.54 18916.92 19016.31 19115.7 19215.1 19314.5 19413.91
13054.12 13152.95 13251.79 13350.66 13449.54 13548.43 13647.34 13746.27 13845.22 13944.17 14043.15 14142.14 14241.14 14340.15 14439.18 14538.23 14637.28 14736.35 14835.43 14934.52 15033.63 15132.75 15231.87 15331.01 15430.17 15529.33 15628.5 15727.68 15826.88 15926.08 16025.29 16124.52 16223.75 16322.99 16422.24 16521.5 16620.77 16720.05 16819.33 16918.63 17017.93 17117.24 17216.56 17315.89 17415.22 17514.56 17613.91 17713.27 17812.64 17912.01 18011.38 18110.77 18210.16 18309.56 18408.96 18508.38 18607.79 18707.22 18806.65 18906.08 19005.53 19104.97 19204.43 19303.88 19403.35
13039.17 13138.11 13237.07 13336.04 13435.03 13534.03 13633.05 13732.08 13831.12 13930.18 14029.25 14128.34 14227.44 14326.55 14425.67 14524.81 14623.95 14723.11 14822.28 14921.46 15020.65 15119.85 15219.07 15318.29 15417.52 15516.76 15616.02 15715.28 15814.55 15913.83 16013.12 16112.42 16211.72 16311.04 16410.36 16509.69 16609.03 16708.38 16807.74 16907.1 17006.47 17105.85 17205.23 17304.62 17404.02 17503.43 17602.84 17702.26 17801.69 17901.12 18000.55 18100 18199.45 18298.91 18398.37 18497.84 18597.31 18696.79 18796.28 18895.77 18995.26 19094.76 19194.27 19293.78 19393.3
13024.98 13124.02 13223.09 13322.16 13421.25 13520.36 13619.47 13718.6 13817.74 13916.9 14016.06 14115.24 14214.43 14313.63 14412.84 14512.06 14611.3 14710.54 14809.79 14909.06 15008.33 15107.61 15206.91 15306.21 15405.52 15504.84 15604.17 15703.5 15802.85 15902.2 16001.56 16100.93 16200.31 16299.69 16399.09 16498.48 16597.89 16697.3 16796.73 16896.15 16995.59 17095.03 17194.48 17293.93 17393.39 17492.86 17592.33 17691.81 17791.29 17890.78 17990.28 18089.78 18189.28 18288.79 18388.31 18487.83 18587.36 18686.89 18786.43 18885.97 18985.52 19085.07 19184.63 19284.19 19383.76
13011.53 13110.68 13209.84 13309.02 13408.21 13507.41 13606.62 13705.84 13805.07 13904.32 14003.57 14102.84 14202.11 14301.4 14400.69 14500 14599.32 14698.64 14797.97 14897.32 14996.67 15096.03 15195.39 15294.77 15394.15 15493.55 15592.95 15692.35 15791.77 15891.19 15990.62 16090.06 16189.5 16288.95 16388.41 16487.88 16587.34 16686.82 16786.3 16885.79 16985.29 17084.79 17184.29 17283.81 17383.33 17482.85 17582.38 17681.91 17781.45 17881 17980.54 18080.1 18179.66 18279.22 18378.79 18478.37 18577.94 18677.53 18777.11 18876.71 18976.3 19075.9 19175.51 19275.11 19374.73
12998.85 13098.09 13197.35 13296.62 13395.89 13495.18 13594.48 13693.79 13793.11 13892.44 13991.78 14091.13 14190.49 14289.86 14389.23 14488.62 14588.01 14687.41 14786.82 14886.24 14985.66 15085.09 15184.53 15283.98 15383.43 15482.89 15582.36 15681.84 15781.32 15880.81 15980.3 16079.8 16179.31 16278.82 16378.34 16477.86 16577.39 16676.93 16776.47 16876.02 16975.57 17075.13 17174.69 17274.26 17373.83 17473.41 17572.99 17672.58 17772.17 17871.77 17971.37 18070.97 18170.58 18270.19 18369.81 18469.43 18569.06 18668.69 18768.32 18867.96 18967.6 19067.25 19166.9 19266.55 19366.21
12986.92 13086.25 13185.6 13284.95 13384.32 13483.69 13583.08 13682.47 13781.87 13881.28 13980.7 14080.13 14179.56 14279.01 14378.46 14477.91 14577.38 14676.85 14776.33 14875.82 14975.31 15074.81 15174.32 15273.83 15373.35 15472.88 15572.41 15671.95 15771.49 15871.04 15970.6 16070.16 16169.72 16269.3 16368.87 16468.46 16568.04 16667.63 16767.23 16866.83 16966.44 17066.05 17165.66 17265.28 17364.91 17464.54 17564.17 17663.8 17763.45 17863.09 17962.74 18062.39 18162.05 18261.71 18361.37 18461.04 18560.71 18660.39 18760.06 18859.75 18959.43 19059.12 19158.81 19258.5 19358.2
12975.75 13075.17 13174.6 13274.04 13373.48 13472.94 13572.4 13671.87 13771.35 13870.83 13970.33 14069.83 14169.33 14268.85 14368.37 14467.9 14567.43 14666.97 14766.52 14866.07 14965.63 15065.19 15164.76 15264.34 15363.92 15463.51 15563.1 15662.69 15762.3 15861.9 15961.52 16061.13 16160.75 16260.38 16360.01 16459.65 16559.29 16658.93 16758.58 16858.23 16957.89 17057.55 17157.21 17256.88 17356.55 17456.23 17555.91 17655.59 17755.28 17854.97 17954.67 18054.36 18154.06 18253.77 18353.47 18453.18 18552.9 18652.61 18752.33 18852.05 18951.78 19051.51 19151.24 19250.97 19350.71
12965.34 13064.84 13164.35 13263.86 13363.38 13462.91 13562.45 13661.99 13761.54 13861.1 13960.66 14060.23 14159.8 14259.38 14358.97 14458.56 14558.16 14657.76 14757.37 14856.99 14956.6 15056.23 15155.86 15255.49 15355.13 15454.77 15554.42 15654.07 15753.73 15853.39 15953.06 16052.73 16152.4 16252.08 16351.76 16451.44 16551.13 16650.83 16750.52 16850.22 16949.93 17049.63 17149.34 17249.06 17348.78 17448.5 17548.22 17647.95 17747.68 17847.41 17947.14 18046.88 18146.63 18246.37 18346.12 18445.87 18545.62 18645.38 18745.13 18844.89 18944.66 19044.42 19144.19 19243.96 19343.73
12955.69 13055.27 13154.85 13254.43 13354.03 13453.62 13553.23 13652.84 13752.45 13852.08 13951.7 14051.33 14150.97 14250.61 14350.26 14449.91 14549.57 14649.23 14748.9 14848.57 14948.24 15047.92 15147.61 15247.29 15346.99 15446.68 15546.38 15646.09 15745.79 15845.5 15945.22 16044.94 16144.66 16244.38 16344.11 16443.84 16543.58 16643.32 16743.06 16842.8 16942.55 17042.3 17142.05 17241.81 17341.57 17441.33 17541.09 17640.86 17740.63 17840.4 17940.18 18039.96 18139.74 18239.52 18339.3 18439.09 18538.88 18638.67 18738.46 18838.26 18938.06 19037.86 19137.66 19237.46 19337.27
12946.81 13046.46 13146.1 13245.75 13345.41 13445.07 13544.74 13644.41 13744.09 13843.77 13943.46 14043.15 14142.84 14242.54 14342.25 14441.95 14541.66 14641.38 14741.1 14840.82 14940.55 15040.28 15140.01 15239.75 15339.49 15439.24 15538.98 15638.73 15738.49 15838.25 15938 16037.77 16137.53 16237.3 16337.07 16436.85 16536.63 16636.41 16736.19 16835.97 16935.76 17035.55 17135.34 17235.14 17334.94 17434.74 17534.54 17634.34 17734.15 17833.96 17933.77 18033.58 18133.39 18233.21 18333.03 18432.85 18532.67 18632.5 18732.32 18832.15 18931.98 19031.82 19131.65 19231.48 19331.32
12938.7 13038.41 13138.11 13237.82 13337.54 13437.26 13536.99 13636.71 13736.45 13836.18 13935.92 14035.67 14135.42 14235.17 14334.92 14434.68 14534.44 14634.21 14733.97 14833.75 14933.52 15033.3 15133.08 15232.86 15332.64 15432.43 15532.22 15632.02 15731.81 15831.61 15931.42 16031.22 16131.03 16230.83 16330.65 16430.46 16530.28 16630.09 16729.91 16829.74 16929.56 17029.39 17129.21 17229.04 17328.88 17428.71 17528.55 17628.39 17728.23 17828.07 17927.91 18027.76 18127.6 18227.45 18327.3 18427.15 18527.01 18626.86 18726.72 18826.58 18926.44 19026.3 19126.16 19226.02 19325.63
12931.36 13031.12 13130.88 13230.65 13330.42 13430.19 13529.97 13629.75 13729.53 13829.32 13929.11 14028.9 14128.69 14228.49 14328.29 14428.1 14527.9 14627.71 14727.53 14827.34 14927.16 15026.98 15126.8 15226.62 15326.45 15426.28 15526.11 15625.94 15725.78 15825.61 15925.45 16025.29 16125.14 16224.98 16324.83 16424.68 16524.53 16624.38 16724.23 16824.09 16923.95 17023.81 17123.67 17223.53 17323.39 17423.26 17523.13 17623 17722.87 17822.74 17922.61 18022.49 18122.09 18221.42 18320.75 18420.1 18519.45 18618.81 18718.17 18817.54 18916.92 19016.31 19115.7 19215.1 19314.5
