InputData/dist_16.txt
ncols         241
nrows         243
xllcorner     520834.16350523
yllcorner     8173804.8224327
cellsize      100
NODATA_value  -9999
[rows 168 to 195 of 243, columns 63 to 125 of 241]
14401.39 14312.58 14223.92 14135.42 14047.06 13958.87 13870.83 13782.96 13695.25 13607.72 13520.36 13433.17 13346.16 13259.34 13172.7 13086.25 13000 12913.95 12828.09 12742.45 12657.01 12571.79 12486.79 12402.02 12317.47 12233.15 12149.07 12065.24 11981.65 11898.32 11815.24 11732.43 11649.89 11567.63 11485.64 11403.95 11322.54 11241.44 11160.65 11080.16 11000 10920.17 10840.66 10761.51 10682.7 10604.24 10526.16 10448.45 10371.11 10294.17 10217.63 10141.5 10065.78 9990.495 9915.645 9841.24 9767.292 9693.813 9620.811 9548.298 9476.286 9404.786 9333.81
14355.83 14266.74 14177.8 14089 14000.36 13911.87 13823.53 13735.36 13647.34 13559.5 13471.82 13384.32 13296.99 13209.84 13122.88 13036.1 12949.52 12863.13 12776.93 12690.94 12605.16 12519.58 12434.23 12349.09 12264.18 12179.49 12095.04 12010.83 11926.86 11843.14 11759.68 11676.47 11593.53 11510.86 11428.47 11346.37 11264.55 11183.02 11101.8 11020.89 10940.29 10860.02 10780.07 10700.47 10621.21 10542.3 10463.75 10385.57 10307.76 10230.35 10153.32 10076.71 10000.5 9924.717 9849.365 9774.456 9700 9626.007 9552.486 9479.451 9406.912 9334.881 9263.369
14310.83 14221.46 14132.23 14043.15 13954.21 13865.42 13776.79 13688.32 13600 13511.85 13423.86 13336.04 13248.4 13160.93 13073.64 12986.53 12899.61 12812.88 12726.35 12640.02 12553.88 12467.96 12382.25 12296.75 12211.47 12126.42 12041.59 11957.01 11872.66 11788.55 11704.7 11621.1 11537.76 11454.69 11371.9 11289.38 11207.14 11125.2 11043.55 10962.21 10881.18 10800.46 10720.07 10640.02 10560.3 10480.94 10401.92 10323.27 10245 10167.1 10089.6 10012.49 9935.794 9859.513 9783.66 9708.244 9633.275 9558.766 9484.725 9411.164 9338.094 9265.527 9193.476
14266.39 14176.74 14087.23 13997.86 13908.63 13819.55 13730.62 13641.85 13553.23 13464.77 13376.47 13288.34 13200.38 13112.59 13024.98 12937.54 12850.29 12763.23 12676.36 12589.68 12503.2 12416.92 12330.86 12245 12159.36 12073.94 11988.75 11903.78 11819.05 11734.56 11650.32 11566.33 11482.6 11399.12 11315.92 11232.99 11150.34 11067.97 10985.9 10904.13 10822.66 10741.51 10660.68 10580.17 10500 10420.17 10340.7 10261.58 10182.83 10104.45 10026.46 9948.869 9871.677 9794.896 9718.539 9642.613 9567.131 9492.102 9417.537 9343.447 9269.844 9196.738 9124.144
14222.52 14132.59 14042.79 13953.14 13863.62 13774.25 13685.03 13595.96 13507.04 13418.27 13329.67 13241.22 13152.95 13064.84 12976.9 12889.14 12801.56 12714.17 12626.96 12539.94 12453.11 12366.49 12280.07 12193.85 12107.85 12022.06 11936.5 11851.16 11766.05 11681.18 11596.55 11512.17 11428.04 11344.16 11260.55 11177.21 11094.14 11011.36 10928.86 10846.66 10764.76 10683.16 10601.89 10520.93 10440.31 10360.02 10280.08 10200.49 10121.26 10042.41 9963.935 9885.849 9808.16 9730.879 9654.015 9577.578 9501.579 9426.027 9350.936 9276.313 9202.174 9128.526 9055.385
14179.21 14089 13998.93 13908.99 13819.19 13729.53 13640.01 13550.65 13461.43 13372.36 13283.45 13194.7 13106.11 13017.68 12929.42 12841.34 12753.43 12665.7 12578.16 12490.8 12403.63 12316.66 12229.88 12143.31 12056.95 11970.8 11884.86 11799.15 11713.67 11628.41 11543.4 11458.62 11374.09 11289.82 11205.8 11122.05 11038.57 10955.36 10872.44 10789.81 10707.47 10625.44 10543.72 10462.31 10381.23 10300.49 10220.08 10140.02 10060.32 9980.981 9902.02 9823.441 9745.255 9667.472 9590.099 9513.148 9436.631 9360.556 9284.934 9209.777 9135.097 9060.905 8987.213
14136.48 14046 13955.64 13865.42 13775.34 13685.39 13595.59 13505.92 13416.41 13327.04 13237.82 13148.76 13059.86 12971.12 12882.55 12794.14 12705.9 12617.84 12529.96 12442.27 12354.76 12267.44 12180.31 12093.39 12006.67 11920.15 11833.85 11747.77 11661.9 11576.27 11490.87 11405.7 11320.78 11236.1 11151.68 11067.52 10983.62 10900 10816.65 10733.59 10650.82 10568.35 10486.18 10404.33 10322.79 10241.58 10160.71 10080.18 10000 9920.182 9840.731 9761.66 9682.975 9604.687 9526.805 9449.339 9372.3 9295.698 9219.545 9143.851 9068.627 8993.887 8919.642
14094.33 14003.57 13912.94 13822.45 13732.08 13641.85 13551.75 13461.8 13371.99 13282.32 13192.8 13103.43 13014.22 12925.17 12836.28 12747.55 12658.99 12570.6 12482.39 12394.35 12306.5 12218.84 12131.36 12044.09 11957.01 11870.13 11783.46 11697.01 11610.77 11524.76 11438.97 11353.41 11268.1 11183.02 11098.2 11013.63 10929.32 10845.28 10761.51 10678.01 10594.81 10511.9 10429.29 10346.98 10264.99 10183.32 10101.98 10020.98 9940.322 9860.021 9780.082 9700.516 9621.33 9542.536 9464.143 9386.16 9308.599 9231.468 9154.78 9078.546 9002.777 8927.485 8852.684
14052.76 13961.73 13870.83 13780.06 13689.41 13598.9 13508.52 13418.27 13328.17 13238.2 13148.38 13058.71 12969.19 12879.83 12790.62 12701.57 12612.69 12523.98 12435.43 12347.06 12258.87 12170.87 12083.05 11995.42 11907.98 11820.74 11733.71 11646.89 11560.28 11473.88 11387.71 11301.77 11216.06 11130.59 11045.36 10960.38 10875.66 10791.2 10707.01 10623.09 10539.45 10456.1 10373.04 10290.29 10207.84 10125.71 10043.9 9962.43 9881.296 9800.51 9720.082 9640.021 9560.335 9481.034 9402.127 9323.626 9245.539 9167.879 9090.654 9013.878 8937.562 8861.716 8786.354
14011.78 13920.49 13829.32 13738.27 13647.34 13556.55 13465.88 13375.35 13284.95 13194.7 13104.58 13014.61 12924.78 12835.11 12745.59 12656.22 12567.02 12477.98 12389.11 12300.41 12211.88 12123.53 12035.36 11947.38 11859.6 11772 11684.61 11597.41 11510.43 11423.66 11337.11 11250.78 11164.68 11078.81 10993.18 10907.79 10822.66 10737.78 10653.17 10568.82 10484.75 10400.96 10317.46 10234.26 10151.35 10068.76 9986.491 9904.544 9822.933 9741.663 9660.745 9580.188 9500 9420.191 9340.771 9261.749 9183.137 9104.943 9027.182 8949.86 8872.993 8796.59 8720.665
13971.4 13879.84 13788.4 13697.08 13605.88 13514.81 13423.86 13333.04 13242.36 13151.81 13061.39 12971.12 12880.99 12791.01 12701.18 12611.5 12521.98 12432.62 12343.42 12254.39 12165.53 12076.84 11988.33 11900 11811.86 11723.91 11636.15 11548.59 11461.24 11374.09 11287.16 11200.45 11113.96 11027.69 10941.66 10855.87 10770.33 10685.04 10600 10515.23 10430.72 10346.5 10262.55 10178.9 10095.54 10012.49 9929.753 9847.335 9765.244 9683.491 9602.083 9521.029 9440.339 9360.021 9280.086 9200.544 9121.403 9042.677 8964.374 8886.507 8809.086 8732.125 8655.634
13931.62 13839.8 13748.09 13656.5 13565.03 13473.68 13382.45 13291.35 13200.38 13109.54 13018.83 12928.26 12837.83 12747.55 12657.41 12567.42 12477.58 12387.9 12298.37 12209.01 12119.82 12030.79 11941.94 11853.27 11764.78 11676.47 11588.36 11500.43 11412.71 11325.19 11237.88 11150.79 11063.91 10977.25 10890.82 10804.63 10718.67 10632.97 10547.51 10462.31 10377.38 10292.72 10208.33 10124.23 10040.42 9956.907 9873.702 9790.813 9708.244 9626.007 9544.108 9462.558 9381.364 9300.538 9220.087 9140.021 9060.354 8981.091 8902.247 8823.831 8745.856 8668.333 8591.274
13892.44 13800.36 13708.39 13616.53 13524.79 13433.17 13341.66 13250.28 13159.03 13067.9 12976.9 12886.04 12795.31 12704.72 12614.28 12523.98 12433.83 12343.82 12253.98 12164.29 12074.77 11985.41 11896.22 11807.2 11718.36 11629.7 11541.23 11452.95 11364.86 11276.97 11189.28 11101.8 11014.54 10927.49 10840.66 10754.07 10667.71 10581.59 10495.71 10410.09 10324.73 10239.63 10154.8 10070.25 9985.99 9902.02 9818.351 9734.988 9651.942 9569.222 9486.833 9404.786 9323.09 9241.753 9160.786 9080.198 9000 8920.202 8840.814 8761.849 8683.317 8605.231 8527.603
13853.88 13761.54 13669.31 13577.19 13485.18 13393.28 13301.5 13209.84 13118.31 13026.9 12935.61 12844.45 12753.43 12662.54 12571.79 12481.19 12390.72 12300.41 12210.24 12120.23 12030.38 11940.69 11851.16 11761.8 11672.62 11583.61 11494.78 11406.14 11317.69 11229.43 11141.36 11053.51 10965.86 10878.42 10791.2 10704.21 10617.44 10530.91 10444.62 10358.57 10272.78 10187.25 10101.98 10016.99 9932.271 9847.843 9763.708 9679.876 9596.354 9513.148 9430.271 9347.727 9265.527 9183.682 9102.197 9021.086 8940.358 8860.022 8780.091 8700.574 8621.484 8542.833 8464.632
13815.93 13723.34 13630.85 13538.46 13446.19 13354.03 13261.98 13170.04 13078.23 12986.53 12894.96 12803.52 12712.2 12621.01 12529.96 12439.05 12348.28 12257.65 12167.17 12076.84 11986.66 11896.64 11806.78 11717.08 11627.55 11538.2 11449.02 11360.02 11271.2 11182.58 11094.14 11005.91 10917.88 10830.05 10742.44 10655.05 10567.88 10480.94 10394.23 10307.76 10221.55 10135.58 10049.88 9964.437 9879.271 9794.386 9709.789 9625.487 9541.488 9457.801 9374.434 9291.394 9208.691 9126.336 9044.335 8962.7 8881.441 8800.568 8720.092 8640.023 8560.374 8481.155 8402.381
13778.61 13685.76 13593.01 13500.37 13407.83 13315.4 13223.09 13130.88 13038.79 12946.81 12854.96 12763.23 12671.62 12580.14 12488.79 12397.58 12306.5 12215.56 12124.77 12034.12 11943.62 11853.27 11763.08 11673.05 11583.18 11493.48 11403.95 11314.59 11225.42 11136.43 11047.62 10959.01 10870.6 10782.39 10694.39 10606.6 10519.03 10431.68 10344.56 10257.68 10171.04 10084.64 9998.5 9912.618 9827.004 9741.663 9656.604 9571.834 9487.36 9403.191 9319.335 9235.8 9152.596 9069.729 8987.213 8905.055 8823.265 8741.854 8660.831 8580.21 8500 8420.214 8340.863
13741.91 13648.81 13555.81 13462.91 13370.12 13277.42 13184.84 13092.36 13000 12907.75 12815.62 12723.6 12631.71 12539.94 12448.29 12356.78 12265.4 12174.15 12083.05 11992.08 11901.26 11810.59 11720.07 11629.7 11539.5 11449.45 11359.58 11269.87 11180.34 11090.99 11001.82 10912.84 10824.05 10735.46 10647.07 10558.88 10470.91 10383.16 10295.63 10208.33 10121.26 10034.44 9947.864 9861.541 9775.479 9689.686 9604.166 9518.929 9433.981 9349.331 9264.988 9180.959 9097.252 9013.878 8930.846 8848.164 8765.843 8683.894 8602.325 8521.15 8440.379 8360.023 8280.097
13705.84 13612.49 13519.25 13426.09 13333.04 13240.09 13147.24 13054.5 12961.87 12869.34 12776.93 12684.64 12592.46 12500.4 12408.46 12316.66 12224.97 12133.42 12042.01 11950.73 11859.6 11768.6 11677.76 11587.06 11496.52 11406.14 11315.92 11225.86 11135.98 11046.27 10956.73 10867.38 10778.22 10689.25 10600.47 10511.9 10423.53 10335.38 10247.44 10159.72 10072.24 9984.988 9897.979 9811.218 9724.711 9638.465 9552.486 9466.784 9381.364 9296.235 9211.406 9126.884 9042.677 8958.795 8875.246 8792.042 8709.19 8626.703 8544.589 8462.86 8381.527 8300.603 8220.098
13670.41 13576.82 13483.32 13389.92 13296.62 13203.41 13110.3 13017.3 12924.4 12831.6 12738.92 12646.34 12553.88 12461.54 12369.32 12277.21 12185.24 12093.39 12001.67 11910.08 11818.63 11727.32 11636.15 11545.13 11454.26 11363.54 11272.98 11182.58 11092.34 11002.27 10912.38 10822.66 10733.13 10643.78 10554.62 10465.66 10376.9 10288.34 10200 10111.87 10023.97 9936.297 9848.857 9761.66 9674.709 9588.014 9501.579 9415.413 9329.523 9243.917 9158.603 9073.588 8988.882 8904.493 8820.431 8736.704 8653.323 8570.298 8487.638 8405.355 8323.461 8241.966 8160.882
13635.62 13541.79 13448.05 13354.4 13260.84 13167.38 13074.02 12980.75 12887.59 12794.53 12701.57 12608.73 12515.99 12423.37 12330.86 12238.46 12146.19 12054.04 11962.02 11870.13 11778.37 11686.74 11595.26 11503.91 11412.71 11321.66 11230.76 11140.02 11049.43 10959.01 10868.76 10778.68 10688.78 10599.06 10509.52 10420.17 10331.02 10242.07 10153.32 10064.79 9976.473 9888.377 9800.51 9712.878 9625.487 9538.344 9451.455 9364.828 9278.47 9192.388 9106.591 9021.086 8935.883 8850.988 8766.413 8682.166 8598.256 8514.693 8431.488 8348.652 8266.196 8184.131 8102.469
13601.47 13507.41 13413.43 13319.53 13225.73 13132.02 13038.41 12944.88 12851.46 12758.13 12664.91 12571.79 12478.78 12385.88 12293.09 12200.41 12107.85 12015.41 11923.09 11830.89 11738.82 11646.89 11555.09 11463.42 11371.9 11280.51 11189.28 11098.2 11007.27 10916.5 10825.89 10735.46 10645.19 10555.09 10465.18 10375.45 10285.91 10196.57 10107.42 10018.48 9929.753 9841.24 9752.948 9664.885 9577.056 9489.468 9402.127 9315.042 9228.218 9141.663 9055.385 8969.393 8883.693 8798.295 8713.208 8628.441 8544.004 8459.905 8376.156 8292.768 8209.75 8127.115 8044.874
13567.98 13473.68 13379.46 13285.33 13191.29 13097.33 13003.46 12909.69 12816.01 12722.42 12628.93 12535.55 12442.27 12349.09 12256.02 12163.06 12070.21 11977.48 11884.86 11792.37 11700 11607.76 11515.64 11423.66 11331.81 11240.11 11148.54 11057.12 10965.86 10874.74 10783.78 10692.99 10602.36 10511.9 10421.61 10331.5 10241.58 10151.85 10062.31 9972.964 9883.825 9794.896 9706.184 9617.692 9529.428 9441.398 9353.609 9266.067 9178.78 9091.755 9004.999 8918.521 8832.327 8746.428 8660.831 8575.547 8490.583 8405.95 8321.658 8237.718 8154.14 8070.936 7988.116
13535.14 13440.61 13346.16 13251.79 13157.51 13063.31 12969.19 12875.17 12781.24 12687.4 12593.65 12500 12406.45 12313 12219.66 12126.42 12033.29 11940.27 11847.36 11754.57 11661.9 11569.36 11476.93 11384.64 11292.48 11200.45 11108.56 11016.81 10925.2 10833.74 10742.44 10651.29 10560.3 10469.48 10378.82 10288.34 10198.04 10107.92 10017.98 9928.242 9838.699 9749.359 9660.228 9571.312 9482.615 9394.147 9305.912 9217.917 9130.17 9042.677 8955.445 8868.483 8781.8 8695.401 8609.297 8523.497 8438.009 8352.844 8268.011 8183.52 8099.383 8015.61 7932.213
13502.96 13408.21 13313.53 13218.93 13124.4 13029.97 12935.61 12841.34 12747.16 12653.06 12559.06 12465.15 12371.34 12277.62 12184.01 12090.49 11997.08 11903.78 11810.59 11717.51 11624.54 11531.7 11438.97 11346.37 11253.89 11161.54 11069.33 10977.25 10885.31 10793.52 10701.87 10610.37 10519.03 10427.85 10336.83 10245.97 10155.29 10064.79 9974.468 9884.331 9794.386 9704.638 9615.093 9525.755 9436.631 9347.727 9259.05 9170.605 9082.4 8994.442 8906.739 8819.297 8732.125 8645.229 8558.621 8472.308 8386.299 8300.603 8215.229 8130.19 8045.496 7961.156 7877.182
13471.45 13376.47 13281.57 13186.74 13091.98 12997.31 12902.71 12808.2 12713.77 12619.43 12525.17 12431.01 12336.94 12242.96 12149.07 12055.29 11961.61 11868.02 11774.55 11681.18 11587.92 11494.78 11401.75 11308.85 11216.06 11123.4 11030.87 10938.46 10846.2 10754.07 10662.08 10570.24 10478.55 10387.01 10295.63 10204.41 10113.36 10022.47 9931.768 9841.24 9750.897 9660.745 9570.789 9481.034 9391.485 9302.15 9213.034 9124.144 9035.485 8947.066 8858.894 8770.975 8683.317 8595.93 8508.819 8421.995 8335.467 8249.242 8163.333 8077.747 7992.497 7907.591 7823.043
13440.61 13345.41 13250.28 13155.23 13060.25 12965.34 12870.51 12775.76 12681.09 12586.5 12492 12397.58 12303.25 12209.01 12114.87 12020.82 11926.86 11833 11739.25 11645.6 11552.06 11458.62 11365.3 11272.09 11179 11086.03 10993.18 10900.46 10807.87 10715.41 10623.09 10530.91 10438.87 10346.98 10255.24 10163.66 10072.24 9980.981 9889.894 9798.979 9708.244 9617.692 9527.329 9437.16 9347.192 9257.43 9167.879 9078.546 8989.438 8900.562 8811.924 8723.531 8635.393 8547.515 8459.905 8372.574 8285.529 8198.78 8112.336 8026.207 7940.403 7854.935 7769.813
13410.44 13315.03 13219.68 13124.4 13029.2 12934.06 12839 12744.02 12649.11 12554.28 12459.53 12364.87 12270.29 12175.8 12081.39 11987.08 11892.86 11798.73 11704.7 11610.77 11516.94 11423.22 11329.61 11236.1 11142.71 11049.43 10956.28 10863.24 10770.33 10677.55 10584.89 10492.38 10400 10307.76 10215.67 10123.73 10031.95 9940.322 9848.857 9757.562 9666.437 9575.489 9484.725 9394.147 9303.763 9213.577 9123.596 9033.825 8944.271 8854.942 8765.843 8676.981 8588.364 8500 8411.896 8324.062 8236.504 8149.233 8062.258 7975.588 7889.233 7803.205 7717.513
13380.96 13285.33 13189.77 13094.27 12998.85 12903.49 12808.2 12712.99 12617.84 12522.78 12427.79 12332.88 12238.06 12143.31 12048.65 11954.08 11859.6 11765.2 11670.9 11576.7 11482.6 11388.59 11294.69 11200.89 11107.21 11013.63 10920.17 10826.82 10733.59 10640.49 10547.51 10454.66 10361.95 10269.37 10176.93 10084.64 9992.497 9900.505 9808.67 9716.995 9625.487 9534.149 9442.986 9352.005 9261.209 9170.605 9080.198 8989.994 8900 8810.222 8720.665 8631.338 8542.248 8453.401 8364.808 8276.473 8188.406 8100.617 8013.114 7925.907 7839.005 7752.419 7666.159
