InputData/dist_17.txt
ncols         171
nrows         168
xllcorner     509665.90011874
yllcorner     8175934.7243046
cellsize      100
NODATA_value  -9999
[rows 0 to 29 of 168, columns 0 to 66 of 171]
-9999 -9999 -9999 -9999 -9999 -9999 -9999 -9999 -9999 -9999 -9999 -9999 -9999 -9999 -9999 33877.57 33792.9 33708.31 33623.8 33539.38 33455.04 -9999 -9999 -9999 -9999 -9999 -9999 -9999 -9999 -9999 -9999 -9999 -9999 -9999 -9999 -9999 -9999 -9999 -9999 -9999 -9999 -9999 -9999 -9999 -9999 -9999 -9999 -9999 -9999 -9999 -9999 -9999 -9999 -9999 -9999 -9999 -9999 -9999 -9999 -9999 -9999 -9999 -9999 -9999 -9999 -9999 -9999
-9999 -9999 -9999 -9999 -9999 -9999 -9999 -9999 -9999 -9999 -9999 -9999 -9999 -9999 33909.44 33824.55 33739.74 33655.02 33570.38 33485.82 33401.35 33316.96 33232.66 -9999 -9999 -9999 -9999 -9999 -9999 -9999 -9999 -9999 -9999 -9999 -9999 -9999 -9999 -9999 -9999 -9999 -9999 -9999 -9999 -9999 -9999 -9999 -9999 -9999 -9999 -9999 -9999 -9999 -9999 -9999 -9999 -9999 -9999 -9999 -9999 -9999 -9999 -9999 -9999 -9999 -9999 -9999 -9999
-9999 -9999 -9999 -9999 -9999 -9999 -9999 -9999 -9999 -9999 -9999 -9999 -9999 -9999 33856.76 33771.73 33686.79 33601.93 33517.16 33432.47 33347.86 33263.34 33178.91 33094.56 -9999 -9999 -9999 -9999 -9999 -9999 -9999 -9999 -9999 -9999 -9999 -9999 -9999 -9999 -9999 -9999 -9999 -9999 -9999 -9999 -9999 -9999 -9999 -9999 -9999 -9999 -9999 -9999 -9999 -9999 -9999 -9999 -9999 -9999 -9999 -9999 -9999 -9999 -9999 -9999 -9999 -9999 -9999
-9999 -9999 -9999 -9999 -9999 -9999 -9999 -9999 -9999 -9999 -9999 -9999 -9999 -9999 33804.29 33719.13 33634.06 33549.07 33464.16 33379.34 33294.59 33209.94 33125.37 33040.88 32956.49 32872.18 32787.96 -9999 -9999 -9999 -9999 -9999 -9999 -9999 -9999 -9999 -9999 -9999 -9999 -9999 -9999 -9999 -9999 -9999 -9999 -9999 -9999 -9999 -9999 -9999 -9999 -9999 -9999 -9999 -9999 -9999 -9999 -9999 -9999 -9999 -9999 -9999 -9999 -9999 -9999 -9999 -9999
-9999 -9999 -9999 -9999 -9999 -9999 -9999 -9999 -9999 -9999 -9999 -9999 -9999 33837.41 33752.04 33666.75 33581.54 33496.42 33411.38 33326.41 33241.54 33156.75 33072.04 32987.42 32902.89 32818.44 32734.08 32649.81 32565.63 32481.53 -9999 -9999 -9999 -9999 -9999 -9999 -9999 -9999 -9999 -9999 -9999 -9999 -9999 -9999 -9999 -9999 -9999 -9999 -9999 -9999 -9999 -9999 -9999 -9999 -9999 -9999 -9999 -9999 -9999 -9999 -9999 -9999 -9999 -9999 -9999 -9999 -9999
-9999 -9999 -9999 -9999 -9999 -9999 -9999 -9999 -9999 -9999 -9999 -9999 -9999 33785.5 33700 33614.58 33529.24 33443.98 33358.81 33273.71 33188.7 33103.78 33018.93 32934.18 32849.5 32764.92 32680.42 32596.01 32511.69 32427.46 32343.31 32259.26 32175.3 -9999 -9999 -9999 -9999 -9999 -9999 -9999 -9999 -9999 -9999 -9999 -9999 -9999 -9999 -9999 -9999 -9999 -9999 -9999 -9999 -9999 -9999 -9999 -9999 -9999 -9999 -9999 -9999 -9999 -9999 -9999 -9999 -9999 -9999
-9999 -9999 -9999 -9999 -9999 -9999 -9999 -9999 -9999 -9999 -9999 -9999 -9999 33733.81 33648.18 33562.63 33477.16 33391.77 33306.46 33221.23 33136.08 33051.02 32966.04 32881.15 32796.34 32711.62 32626.98 32542.43 32457.97 32373.6 32289.32 32205.12 32121.02 32037.01 31953.09 31869.26 -9999 -9999 -9999 -9999 -9999 -9999 -9999 -9999 -9999 -9999 -9999 -9999 -9999 -9999 -9999 -9999 -9999 -9999 -9999 -9999 -9999 -9999 -9999 -9999 -9999 -9999 -9999 -9999 -9999 -9999 -9999
-9999 -9999 -9999 -9999 -9999 -9999 -9999 -9999 -9999 -9999 -9999 -9999 -9999 33682.34 33596.58 33510.89 33425.29 33339.77 33254.32 33168.96 33083.68 32998.48 32913.37 32828.34 32743.4 32658.54 32573.76 32489.07 32404.47 32319.96 32235.54 32151.21 32066.96 31982.81 31898.75 31814.78 31730.9 31647.12 31563.43 -9999 -9999 -9999 -9999 -9999 -9999 -9999 -9999 -9999 -9999 -9999 -9999 -9999 -9999 -9999 -9999 -9999 -9999 -9999 -9999 -9999 -9999 -9999 -9999 -9999 -9999 -9999 -9999
-9999 -9999 -9999 -9999 -9999 -9999 -9999 -9999 -9999 -9999 -9999 -9999 33717.06 33631.09 33545.2 33459.38 33373.64 33287.98 33202.41 33116.91 33031.5 32946.17 32860.92 32775.75 32690.67 32605.67 32520.76 32435.94 32351.2 32266.55 32181.98 32097.51 32013.12 31928.83 31844.62 31760.51 31676.49 31592.56 31508.73 31424.99 31341.35 -9999 -9999 -9999 -9999 -9999 -9999 -9999 -9999 -9999 -9999 -9999 -9999 -9999 -9999 -9999 -9999 -9999 -9999 -9999 -9999 -9999 -9999 -9999 -9999 -9999 -9999
-9999 -9999 -9999 -9999 -9999 -9999 -9999 -9999 -9999 -9999 -9999 -9999 33666.16 33580.05 33494.03 33408.08 33322.21 33236.43 33150.71 33065.09 32979.54 32894.07 32808.69 32723.39 32638.17 32553.03 32467.98 32383.02 32298.14 32213.35 32128.65 32044.03 31959.51 31875.07 31790.72 31706.47 31622.3 31538.23 31454.25 31370.37 31286.58 31202.88 -9999 -9999 -9999 -9999 -9999 -9999 -9999 -9999 -9999 -9999 -9999 -9999 -9999 -9999 -9999 -9999 -9999 -9999 -9999 -9999 -9999 -9999 -9999 -9999 -9999
-9999 -9999 -9999 -9999 -9999 -9999 -9999 -9999 -9999 -9999 -9999 -9999 33615.47 33529.24 33443.09 33357.01 33271.01 33185.09 33099.25 33013.48 32927.8 32842.2 32756.68 32671.24 32585.89 32500.62 32415.43 32330.33 32245.31 32160.38 32075.54 31990.78 31906.11 31821.53 31737.04 31652.65 31568.34 31484.12 31400 31315.97 31232.04 31148.19 31064.45 -9999 -9999 -9999 -9999 -9999 -9999 -9999 -9999 -9999 -9999 -9999 -9999 -9999 -9999 -9999 -9999 -9999 -9999 -9999 -9999 -9999 -9999 -9999 -9999
-9999 -9999 -9999 -9999 -9999 -9999 -9999 -9999 -9999 -9999 -9999 33651.45 33565.01 33478.65 33392.36 33306.16 33220.02 33133.97 33048 32962.1 32876.29 32790.55 32704.89 32619.32 32533.83 32448.42 32363.1 32277.86 32192.7 32107.63 32022.65 31937.75 31852.94 31768.22 31683.59 31599.05 31514.6 31430.24 31345.97 31261.8 31177.72 31093.73 31009.84 30926.04 30842.34 -9999 -9999 -9999 -9999 -9999 -9999 -9999 -9999 -9999 -9999 -9999 -9999 -9999 -9999 -9999 -9999 -9999 -9999 -9999 -9999 -9999 -9999
-9999 -9999 -9999 -9999 -9999 -9999 -9999 -9999 -9999 -9999 -9999 -9999 33514.77 33428.28 33341.87 33255.53 33169.26 33083.08 32996.97 32910.94 32824.99 32739.12 32653.33 32567.62 32481.99 32396.45 32310.99 32225.61 32140.32 32055.11 31969.99 31884.95 31800 31715.14 31630.37 31545.68 31461.09 31376.58 31292.17 31207.85 31123.63 31039.49 30955.45 30871.51 30787.66 30703.91 -9999 -9999 -9999 -9999 -9999 -9999 -9999 -9999 -9999 -9999 -9999 -9999 -9999 -9999 -9999 -9999 -9999 -9999 -9999 -9999 -9999
-9999 -9999 -9999 -9999 -9999 -9999 -9999 -9999 -9999 -9999 -9999 -9999 33464.76 33378.14 33291.59 33205.12 33118.73 33032.41 32946.17 32860.01 32773.92 32687.92 32601.99 32516.15 32430.39 32344.71 32259.11 32173.59 32088.16 32002.81 31917.55 31832.37 31747.28 31662.28 31577.37 31492.54 31407.8 31323.15 31238.6 31154.13 31069.76 30985.48 30901.29 30817.2 30733.21 30649.31 30565.5 -9999 -9999 -9999 -9999 -9999 -9999 -9999 -9999 -9999 -9999 -9999 -9999 -9999 -9999 -9999 -9999 -9999 -9999 -9999 -9999
-9999 -9999 -9999 -9999 -9999 -9999 -9999 -9999 -9999 -9999 -9999 -9999 33414.96 33328.21 33241.54 33154.94 33068.41 32981.96 32895.59 32809.3 32723.08 32636.94 32550.88 32464.9 32379.01 32293.19 32207.45 32121.8 32036.23 31950.74 31865.34 31780.03 31694.79 31609.65 31524.59 31439.63 31354.74 31269.95 31185.25 31100.64 31016.13 30931.7 30847.37 30763.13 30678.98 30594.93 30510.98 30427.13 30343.37 30259.71 30176.15 30092.69 -9999 -9999 -9999 -9999 -9999 -9999 -9999 -9999 -9999 -9999 -9999 -9999 -9999 -9999 -9999
-9999 -9999 -9999 -9999 -9999 -9999 -9999 -9999 -9999 -9999 -9999 -9999 33365.4 33278.52 33191.71 33104.98 33018.33 32931.75 32845.24 32758.82 32672.46 32586.19 32500 32413.89 32327.85 32241.9 32156.03 32070.24 31984.53 31898.9 31813.36 31727.91 31642.54 31557.25 31472.05 31386.94 31301.92 31216.98 31132.14 31047.38 30962.72 30878.15 30793.67 30709.28 30624.99 30540.79 30456.69 30372.69 30288.78 30204.97 30121.26 30037.64 29954.13 29870.72 29787.41 29704.21 -9999 -9999 -9999 -9999 -9999 -9999 -9999 -9999 -9999 -9999 -9999
-9999 -9999 -9999 -9999 -9999 -9999 -9999 -9999 -9999 -9999 -9999 -9999 33316.06 33229.05 33142.12 33055.26 32968.47 32881.76 32795.12 32708.56 32622.08 32535.67 32449.35 32363.1 32276.93 32190.84 32104.83 32018.9 31933.05 31847.29 31761.61 31676.02 31590.51 31505.08 31419.74 31334.49 31249.32 31164.24 31079.25 30994.35 30909.54 30824.83 30740.2 30655.67 30571.23 30486.88 30402.63 30318.48 30234.42 30150.46 30066.59 29982.83 29899.16 29815.6 29732.14 29648.78 29565.52 29482.37 29399.32 29316.38 29233.54 -9999 -9999 -9999 -9999 -9999 -9999
-9999 -9999 -9999 -9999 -9999 -9999 -9999 -9999 -9999 -9999 -9999 -9999 33266.95 33179.81 33092.75 33005.76 32918.84 32832 32745.23 32658.54 32571.92 32485.38 32398.92 32312.54 32226.23 32140.01 32053.86 31967.8 31881.81 31795.91 31710.09 31624.36 31538.71 31453.14 31367.66 31282.26 31196.96 31111.73 31026.6 30941.56 30856.6 30771.74 30686.97 30602.29 30517.7 30433.21 30348.8 30264.5 30180.29 30096.18 30012.16 29928.25 29844.43 29760.71 29677.1 29593.58 29510.17 29426.86 29343.65 29260.55 29177.56 29094.67 29011.89 28929.22 28846.66 -9999 -9999
-9999 -9999 -9999 -9999 -9999 -9999 -9999 -9999 -9999 -9999 -9999 -9999 33218.07 33130.8 33043.61 32956.49 32869.44 32782.46 32695.57 32608.74 32521.99 32435.32 32348.72 32262.21 32175.77 32089.41 32003.13 31916.92 31830.8 31744.76 31658.81 31572.93 31487.14 31401.43 31315.81 31230.27 31144.82 31059.46 30974.18 30888.99 30803.9 30718.89 30633.97 30549.14 30464.41 30379.76 30295.21 30210.76 30126.4 30042.14 29957.97 29873.9 29789.93 29706.06 29622.29 29538.62 29455.05 29371.58 29288.22 29204.96 29121.81 29038.77 28955.83 28873 28790.28 28707.66 28625.16
-9999 -9999 -9999 -9999 -9999 -9999 -9999 -9999 -9999 -9999 -9999 -9999 33169.41 33082.02 32994.7 32907.45 32820.27 32733.16 32646.13 32559.18 32472.29 32385.49 32298.76 32212.11 32125.54 32039.04 31952.62 31866.28 31780.03 31693.85 31607.75 31521.74 31435.81 31349.96 31264.2 31178.52 31092.93 31007.42 30922 30836.67 30751.42 30666.27 30581.2 30496.23 30411.35 30326.56 30241.86 30157.25 30072.75 29988.33 29904.01 29819.79 29735.67 29651.64 29567.72 29483.89 29400.17 29316.55 29233.03 29149.61 29066.3 28983.1 28900 28817.01 28734.13 28651.35 28568.69
-9999 -9999 -9999 -9999 -9999 -9999 -9999 -9999 -9999 -9999 -9999 -9999 33120.99 33033.47 32946.02 32858.64 32771.33 32684.09 32596.93 32509.84 32422.83 32335.89 32249.03 32162.24 32075.54 31988.9 31902.35 31815.88 31729.48 31643.17 31556.93 31470.78 31384.71 31298.72 31212.82 31127 31041.26 30955.61 30870.05 30784.57 30699.19 30613.88 30528.68 30443.55 30358.52 30273.59 30188.74 30103.99 30019.33 29934.76 29850.29 29765.92 29681.64 29597.47 29513.39 29429.41 29345.53 29261.75 29178.07 29094.5 29011.03 28927.67 28844.41 28761.26 28678.21 28595.28 28512.45
-9999 -9999 -9999 -9999 -9999 -9999 -9999 -9999 -9999 -9999 -9999 -9999 33072.8 32985.15 32897.57 32810.06 32722.62 32635.26 32547.96 32460.75 32373.6 32286.53 32199.53 32112.62 32025.77 31939 31852.32 31765.71 31679.17 31592.72 31506.35 31420.06 31333.85 31247.72 31161.68 31075.71 30989.84 30904.04 30818.34 30732.72 30647.19 30561.74 30476.38 30391.12 30305.94 30220.85 30135.86 30050.96 29966.15 29881.43 29796.81 29712.29 29627.86 29543.53 29459.29 29375.16 29291.13 29207.19 29123.36 29039.63 28956 28872.48 28789.06 28705.75 28622.54 28539.45 28456.46
-9999 -9999 -9999 -9999 -9999 -9999 -9999 -9999 -9999 -9999 -9999 -9999 33024.84 32937.06 32849.35 32761.71 32674.15 32586.65 32499.23 32411.88 32324.6 32237.4 32150.27 32063.22 31976.24 31889.34 31802.52 31715.77 31629.1 31542.51 31456 31369.57 31283.22 31196.96 31110.77 31024.67 30938.65 30852.71 30766.87 30681.1 30595.42 30509.83 30424.33 30338.92 30253.6 30168.36 30083.22 29998.17 29913.21 29828.34 29743.57 29658.89 29574.31 29489.83 29405.44 29321.15 29236.96 29152.87 29068.88 28985 28901.21 28817.53 28733.95 28650.48 28567.11 28483.86 28400.71
-9999 -9999 -9999 -9999 -9999 -9999 -9999 -9999 -9999 -9999 -9999 -9999 32977.11 32889.21 32801.37 32713.61 32625.91 32538.29 32450.73 32363.25 32275.84 32188.51 32101.25 32014.06 31926.95 31839.91 31752.95 31666.07 31579.27 31492.54 31405.89 31319.32 31232.84 31146.43 31060.1 30973.86 30887.7 30801.62 30715.63 30629.72 30543.9 30458.17 30372.52 30286.96 30201.49 30116.11 30030.82 29945.62 29860.51 29775.49 29690.57 29605.74 29521.01 29436.37 29351.83 29267.39 29183.04 29098.8 29014.65 28930.61 28846.66 28762.82 28679.09 28595.46 28511.93 28428.51 28345.19
-9999 -9999 -9999 -9999 -9999 -9999 -9999 -9999 -9999 -9999 -9999 33017.72 32929.62 32841.59 32753.63 32665.73 32577.91 32490.15 32402.47 32314.86 32227.32 32139.85 32052.46 31965.14 31877.89 31790.72 31703.63 31616.61 31529.67 31442.8 31356.02 31269.31 31182.69 31096.14 31009.68 30923.29 30836.99 30750.77 30664.64 30578.59 30492.62 30406.74 30320.95 30235.24 30149.63 30064.1 29978.66 29893.31 29808.05 29722.89 29637.81 29552.83 29467.95 29383.16 29298.46 29213.87 29129.37 29044.96 28960.66 28876.46 28792.36 28708.36 28624.46 28540.67 28456.98 28373.4 28289.93
-9999 -9999 -9999 -9999 -9999 -9999 -9999 -9999 -9999 -9999 -9999 32970.59 32882.37 32794.21 32706.12 32618.09 32530.14 32442.26 32354.44 32266.7 32179.03 32091.43 32003.91 31916.45 31829.07 31741.77 31654.54 31567.39 31480.31 31393.31 31306.39 31219.54 31132.78 31046.1 30959.49 30872.96 30786.52 30700.16 30613.88 30527.69 30441.58 30355.56 30269.62 30183.77 30098.01 30012.33 29926.74 29841.25 29755.84 29670.52 29585.3 29500.17 29415.13 29330.19 29245.34 29160.59 29075.94 28991.38 28906.92 28822.56 28738.3 28654.14 28570.09 28486.14 28402.29 28318.54 28234.91
-9999 -9999 -9999 -9999 -9999 -9999 -9999 -9999 -9999 -9999 -9999 32923.7 32835.35 32747.06 32658.84 32570.69 32482.61 32394.6 32306.66 32218.78 32130.98 32043.25 31955.59 31868.01 31780.5 31693.06 31605.7 31518.41 31431.2 31344.06 31257 31170.02 31083.12 30996.29 30909.54 30822.88 30736.3 30649.8 30563.38 30477.04 30390.79 30304.62 30218.54 30132.54 30046.63 29960.81 29875.07 29789.43 29703.87 29618.41 29533.03 29447.75 29362.56 29277.46 29192.46 29107.56 29022.75 28938.04 28853.42 28768.91 28684.49 28600.18 28515.96 28431.85 28347.84 28263.94 28180.13
-9999 -9999 -9999 -9999 -9999 -9999 -9999 -9999 -9999 -9999 -9999 32877.04 32788.57 32700.15 32611.81 32523.53 32435.32 32347.18 32259.11 32171.11 32083.17 31995.31 31907.52 31819.8 31732.16 31644.59 31557.09 31469.67 31382.32 31295.05 31207.85 31120.73 31033.69 30946.73 30859.84 30773.04 30686.32 30599.67 30513.11 30426.63 30340.24 30253.93 30167.7 30081.56 29995.5 29909.53 29823.65 29737.86 29652.15 29566.54 29481.01 29395.58 29310.24 29224.99 29139.84 29054.78 28969.81 28884.94 28800.17 28715.5 28630.93 28546.45 28462.08 28377.81 28293.64 28209.57 28125.61
-9999 -9999 -9999 -9999 -9999 -9999 -9999 -9999 -9999 -9999 -9999 32830.63 32742.02 32653.48 32565.01 32476.61 32388.27 32300 32211.8 32123.67 32035.61 31947.61 31859.69 31771.84 31684.06 31596.36 31508.73 31421.17 31333.69 31246.28 31158.95 31071.69 30984.51 30897.41 30810.39 30723.44 30636.58 30549.79 30463.09 30376.47 30289.93 30203.48 30117.11 30030.82 29944.62 29858.5 29772.47 29686.53 29600.68 29514.91 29429.24 29343.65 29258.16 29172.76 29087.46 29002.24 28917.12 28832.1 28747.17 28662.34 28577.61 28492.98 28408.45 28324.02 28239.69 28155.46 28071.34
-9999 -9999 -9999 -9999 -9999 -9999 -9999 -9999 -9999 -9999 -9999 32784.45 32695.72 32607.05 32518.46 32429.92 32341.46 32253.06 32164.73 32076.47 31988.28 31900.16 31812.11 31724.12 31636.21 31548.38 31460.61 31372.92 31285.3 31197.76 31110.29 31022.89 30935.58 30848.34 30761.18 30674.09 30587.09 30500.16 30413.32 30326.56 30239.88 30153.28 30066.76 29980.33 29893.98 29807.72 29721.54 29635.45 29549.45 29463.54 29377.71 29291.98 29206.33 29120.78 29035.32 28949.96 28864.68 28779.51 28694.42 28609.44 28524.55 28439.76 28355.07 28270.48 28185.99 28101.6 28017.32
