InputData/dist_16.txt
ncols         241
nrows         243
xllcorner     520834.16350523
yllcorner     8173804.8224327
cellsize      100
NODATA_value  -9999
[rows 168 to 195 of 243, columns 126 to 188 of 241]
9263.369 9192.388 9121.951 9050.967 8980.534 8910.668 8841.38 8772.685 8704.597 8637.129 8570.298 8504.116 8438.602 8373.769 8309.633 8246.211 8183.52 8121.576 8060.397 7990.62 7919.596 7849.204 7779.46 7710.383 7641.989 7574.299 7507.33 7441.102 7375.636 7310.951 7247.068 7184.01 7121.797 7060.453 7000 6940.461 6881.86 6824.222 6767.57 6711.93 6657.327 6603.03 6545.991 6489.992 6435.06 6381.223 6324.555 6268.173 6212.89 6158.733 6105.735 6053.924 6003.333 5953.99 5905.929 5852.35 5798.275 5742.822 5685.068 5622.277 5560.576 5500 5440.588
9192.388 9121.951 9050.967 8980.534 8909.546 8839.117 8769.265 8700 8631.338 8563.294 8495.882 8429.116 8363.014 8297.59 8232.861 8168.843 8105.554 8043.009 7981.228 7919.596 7849.204 7778.175 7707.788 7638.063 7569.016 7500.667 7433.034 7366.139 7300 7234.639 7170.077 7106.335 7043.437 6981.404 6920.26 6860.029 6800.735 6742.403 6685.058 6628.726 6573.431 6519.203 6463.745 6407.027 6351.378 6296.825 6242.596 6185.467 6129.437 6074.537 6020.797 5968.25 5916.925 5866.856 5818.075 5768.882 5714.018 5660.389 5603.57 5544.367 5481.788 5420.332 5360.037
9121.951 9050.967 8980.534 8909.546 8839.117 8768.124 8697.701 8627.862 8558.621 8489.994 8421.995 8354.64 8287.943 8221.922 8156.592 8091.971 8028.076 7964.923 7902.531 7840.918 7778.175 7707.788 7636.753 7566.373 7496.666 7427.651 7359.348 7291.776 7224.957 7158.911 7093.659 7029.225 6965.63 6902.898 6841.053 6780.118 6720.119 6661.081 6603.03 6545.991 6489.992 6435.06 6381.223 6324.555 6268.173 6212.89 6158.733 6103.278 6046.487 5990.826 5936.329 5883.026 5830.952 5780.138 5730.62 5682.429 5630.275 5575.841 5521.775 5464.431 5403.703 5341.348 5280.151
9052.071 8980.534 8909.546 8839.117 8768.124 8697.701 8626.703 8556.284 8486.46 8417.244 8348.652 8280.7 8213.403 8146.778 8080.841 8015.61 7951.101 7887.332 7824.321 7762.087 7700.649 7636.753 7566.373 7495.332 7424.958 7355.27 7286.289 7218.033 7150.524 7083.784 7017.834 6952.697 6888.396 6824.954 6762.396 6700.746 6640.03 6580.273 6521.503 6463.745 6407.027 6351.378 6296.825 6242.596 6185.467 6129.437 6074.537 6020.797 5964.059 5907.622 5852.35 5798.275 5745.433 5693.856 5643.581 5594.64 5547.071 5491.812 5437.831 5382.378 5325.411 5263.079 5200.961
8982.762 8910.668 8839.117 8768.124 8697.701 8626.703 8556.284 8485.281 8414.868 8345.059 8275.868 8207.313 8139.41 8072.174 8005.623 7939.773 7874.643 7810.25 7746.612 7683.749 7621.68 7560.423 7495.332 7424.958 7353.911 7283.543 7213.875 7144.928 7076.722 7009.28 6942.622 6876.772 6811.754 6747.592 6684.31 6621.933 6560.488 6500 6440.497 6382.006 6324.555 6268.173 6212.89 6158.733 6103.278 6046.487 5990.826 5936.329 5882.176 5824.946 5768.882 5714.018 5660.389 5608.03 5556.978 5507.268 5458.938 5408.327 5353.503 5300 5243.091 5185.557 5122.5
8914.034 8841.38 8769.265 8697.701 8626.703 8556.284 8485.281 8414.868 8343.86 8273.451 8203.658 8134.495 8065.978 7998.125 7930.952 7864.477 7798.718 7733.692 7669.42 7605.919 7543.209 7481.31 7420.243 7353.911 7283.543 7212.489 7142.128 7072.482 7003.57 6935.417 6868.042 6801.47 6735.726 6670.832 6606.814 6543.699 6481.512 6420.28 6360.031 6300.793 6242.596 6185.467 6129.437 6074.537 6020.797 5964.059 5907.622 5852.35 5798.275 5742.822 5685.948 5630.275 5575.841 5522.681 5470.832 5420.332 5371.22 5323.533 5269.725 5215.362 5161.395 5103.92 5044.799
8845.903 8772.685 8700 8627.862 8556.284 8485.281 8414.868 8343.86 8273.451 8202.438 8132.036 8062.258 7993.122 7924.645 7856.844 7789.737 7723.341 7657.676 7592.76 7528.612 7465.253 7402.702 7340.981 7280.11 7212.489 7142.128 7071.068 7000.714 6931.089 6862.215 6794.115 6726.812 6660.33 6594.695 6529.931 6466.065 6403.124 6341.136 6280.127 6220.128 6161.169 6103.278 6046.487 5990.826 5936.329 5882.176 5824.946 5768.882 5714.018 5660.389 5603.57 5547.071 5491.812 5437.831 5385.165 5333.854 5283.938 5235.456 5186.521 5131.277 5077.401 5021.952 4964.876
8778.383 8704.597 8631.338 8558.621 8486.46 8414.868 8343.86 8273.451 8202.438 8132.036 8061.017 7990.62 7920.858 7851.751 7783.315 7715.569 7648.529 7582.216 7516.648 7451.845 7387.828 7324.616 7262.231 7200.694 7140.028 7071.068 7000.714 6929.646 6859.3 6789.698 6720.863 6652.819 6585.59 6519.203 6453.681 6389.053 6325.346 6262.587 6200.807 6140.033 6080.296 6021.628 5964.059 5907.622 5852.35 5798.275 5742.822 5685.948 5630.275 5575.841 5521.775 5464.431 5408.327 5353.503 5300 5247.857 5197.115 5147.815 5100 5047.772 4992.995 4939.636 4882.622
8711.486 8637.129 8563.294 8489.994 8417.244 8345.059 8273.451 8202.438 8132.036 8061.017 7990.62 7919.596 7849.204 7779.46 7710.383 7641.989 7574.299 7507.33 7441.102 7375.636 7310.951 7247.068 7184.01 7121.797 7060.453 7000 6929.646 6859.3 6788.225 6717.887 6648.308 6579.514 6511.528 6444.377 6378.087 6312.686 6248.2 6184.658 6122.091 6060.528 6000 5940.539 5882.176 5824.946 5768.882 5714.018 5660.389 5603.57 5547.071 5491.812 5437.831 5382.378 5325.411 5269.725 5215.362 5162.364 5110.773 5060.632 5011.986 4964.876 4909.175 4854.895 4801.042
8645.229 8570.298 8495.882 8421.995 8348.652 8275.868 8203.658 8132.036 8061.017 7990.62 7919.596 7849.204 7778.175 7707.788 7638.063 7569.016 7500.667 7433.034 7366.139 7300 7234.639 7170.077 7106.335 7043.437 6981.404 6920.26 6859.3 6788.225 6717.887 6646.804 6576.473 6506.919 6438.167 6370.243 6303.174 6236.986 6171.709 6107.373 6044.005 5981.639 5920.304 5860.034 5800.862 5742.822 5685.948 5630.275 5575.841 5521.775 5464.431 5408.327 5353.503 5300 5243.091 5186.521 5131.277 5077.401 5024.938 4973.932 4924.429 4876.474 4825.971 4770.744 4716.991
8579.627 8504.116 8429.116 8354.64 8280.7 8207.313 8134.495 8062.258 7990.62 7919.596 7849.204 7778.175 7707.788 7636.753 7566.373 7496.666 7427.651 7359.348 7291.776 7224.957 7158.911 7093.659 7029.225 6965.63 6902.898 6841.053 6780.118 6717.887 6646.804 6576.473 6505.382 6435.06 6365.532 6296.825 6228.965 6161.98 6095.9 6030.754 5966.574 5903.389 5841.233 5780.138 5720.14 5661.272 5603.57 5547.071 5491.812 5437.831 5382.378 5325.411 5269.725 5215.362 5161.395 5103.92 5047.772 4992.995 4939.636 4887.74 4837.354 4788.528 4741.308 4687.217 4632.494
8514.693 8438.602 8363.014 8287.943 8213.403 8139.41 8065.978 7993.122 7920.858 7849.204 7778.175 7707.788 7636.753 7566.373 7495.332 7424.958 7355.27 7286.289 7218.033 7150.524 7083.784 7017.834 6952.697 6888.396 6824.954 6762.396 6700.746 6640.03 6576.473 6505.382 6435.06 6363.961 6293.647 6224.146 6155.485 6087.692 6020.797 5954.83 5889.822 5825.805 5762.812 5700.877 5640.036 5580.323 5521.775 5464.431 5408.327 5353.503 5300 5243.091 5186.521 5131.277 5077.401 5021.952 4964.876 4909.175 4854.895 4802.083 4750.79 4701.063 4652.956 4604.346 4548.626
8450.443 8373.769 8297.59 8221.922 8146.778 8072.174 7998.125 7924.645 7851.751 7779.46 7707.788 7636.753 7566.373 7495.332 7424.958 7353.911 7283.543 7213.875 7144.928 7076.722 7009.28 6942.622 6876.772 6811.754 6747.592 6684.31 6621.933 6560.488 6500 6435.06 6363.961 6293.647 6222.54 6152.235 6082.763 6014.15 5946.428 5879.626 5813.777 5748.913 5685.068 5622.277 5560.576 5500 5440.588 5382.378 5325.411 5269.725 5215.362 5161.395 5103.92 5047.772 4992.995 4939.636 4882.622 4825.971 4770.744 4716.991 4664.762 4614.109 4565.085 4517.743 4465.423
8386.895 8309.633 8232.861 8156.592 8080.841 8005.623 7930.952 7856.844 7783.315 7710.383 7638.063 7566.373 7495.332 7424.958 7353.911 7283.543 7212.489 7142.128 7072.482 7003.57 6935.417 6868.042 6801.47 6735.726 6670.832 6606.814 6543.699 6481.512 6420.28 6360.031 6293.647 6222.54 6152.235 6081.118 6010.824 5941.38 5872.819 5805.17 5738.467 5672.742 5608.03 5544.367 5481.788 5420.332 5360.037 5300.943 5243.091 5186.521 5131.277 5077.401 5021.952 4964.876 4909.175 4854.895 4801.042 4743.417 4687.217 4632.494 4579.301 4527.692 4477.723 4429.447 4382.921
8324.062 8246.211 8168.843 8091.971 8015.61 7939.773 7864.477 7789.737 7715.569 7641.989 7569.016 7496.666 7424.958 7353.911 7283.543 7212.489 7142.128 7071.068 7000.714 6931.089 6862.215 6794.115 6726.812 6660.33 6594.695 6529.931 6466.065 6403.124 6341.136 6280.127 6220.128 6152.235 6081.118 6010.824 5939.697 5869.412 5800 5731.492 5663.921 5597.321 5531.727 5467.175 5403.703 5341.348 5280.151 5220.153 5161.395 5103.92 5047.772 4992.995 4939.636 4882.622 4825.971 4770.744 4716.991 4661.545 4604.346 4548.626 4494.441 4441.847 4390.9 4341.659 4294.182
8261.961 8183.52 8105.554 8028.076 7951.101 7874.643 7798.718 7723.341 7648.529 7574.299 7500.667 7427.651 7355.27 7283.543 7212.489 7142.128 7071.068 7000.714 6929.646 6859.3 6789.698 6720.863 6652.819 6585.59 6519.203 6453.681 6389.053 6325.346 6262.587 6200.807 6140.033 6080.296 6010.824 5939.697 5869.412 5798.275 5728.001 5658.622 5590.17 5522.681 5456.189 5390.733 5326.35 5263.079 5200.961 5140.039 5080.354 5021.952 4964.876 4909.175 4854.895 4801.042 4743.417 4687.217 4632.494 4579.301 4522.167 4465.423 4410.215 4356.604 4304.648 4254.41 4205.948
8200.609 8121.576 8043.009 7964.923 7887.332 7810.25 7733.692 7657.676 7582.216 7507.33 7433.034 7359.348 7286.289 7213.875 7142.128 7071.068 7000.714 6929.646 6859.3 6788.225 6717.887 6648.308 6579.514 6511.528 6444.377 6378.087 6312.686 6248.2 6184.658 6122.091 6060.528 6000 5939.697 5869.412 5798.275 5728.001 5656.854 5586.591 5517.246 5448.853 5381.45 5315.073 5249.762 5185.557 5122.5 5060.632 5000 4940.648 4882.622 4825.971 4770.744 4716.991 4661.545 4604.346 4548.626 4494.441 4440.721 4382.921 4326.662 4272.002 4219.004 4167.733 4118.252
8140.024 8060.397 7981.228 7902.531 7824.321 7746.612 7669.42 7592.76 7516.648 7441.102 7366.139 7291.776 7218.033 7144.928 7072.482 7000.714 6929.646 6859.3 6788.225 6717.887 6646.804 6576.473 6506.919 6438.167 6370.243 6303.174 6236.986 6171.709 6107.373 6044.005 5981.639 5920.304 5860.034 5798.275 5728.001 5656.854 5586.591 5515.433 5445.181 5375.872 5307.542 5240.229 5173.973 5108.816 5044.799 4981.967 4920.366 4860.041 4801.042 4743.417 4687.217 4632.494 4579.301 4522.167 4465.423 4410.215 4356.604 4301.163 4243.819 4188.078 4134.005 4081.666 4031.129
8080.223 8000 7920.227 7840.918 7762.087 7683.749 7605.919 7528.612 7451.845 7375.636 7300 7224.957 7150.524 7076.722 7003.57 6931.089 6859.3 6788.225 6717.887 6646.804 6576.473 6505.382 6435.06 6365.532 6296.825 6228.965 6161.98 6095.9 6030.754 5966.574 5903.389 5841.233 5780.138 5720.14 5656.854 5586.591 5515.433 5445.181 5374.012 5303.772 5234.501 5166.236 5099.02 5032.892 4967.897 4904.08 4841.487 4780.167 4720.169 4661.545 4604.346 4548.626 4494.441 4440.721 4382.921 4326.662 4272.002 4219.004 4161.73 4104.875 4049.691 3996.248 3944.617
8021.222 7940.403 7860.025 7780.103 7700.649 7621.68 7543.209 7465.253 7387.828 7310.951 7234.639 7158.911 7083.784 7009.28 6935.417 6862.215 6789.698 6717.887 6646.804 6576.473 6505.382 6435.06 6363.961 6293.647 6224.146 6155.485 6087.692 6020.797 5954.83 5889.822 5825.805 5762.812 5700.877 5640.036 5580.323 5515.433 5445.181 5374.012 5303.772 5232.59 5162.364 5093.133 5024.938 4957.822 4891.83 4827.007 4763.402 4701.063 4640.043 4580.393 4522.167 4465.423 4410.215 4356.604 4301.163 4243.819 4188.078 4134.005 4080.441 4022.437 3966.106 3911.521 3858.756
7963.04 7881.624 7800.641 7720.104 7640.026 7560.423 7481.31 7402.702 7324.616 7247.068 7170.077 7093.659 7017.834 6942.622 6868.042 6794.115 6720.863 6648.308 6576.473 6505.382 6435.06 6363.961 6293.647 6222.54 6152.235 6082.763 6014.15 5946.428 5879.626 5813.777 5748.913 5685.068 5622.277 5560.576 5500 5440.588 5374.012 5303.772 5232.59 5162.364 5091.169 5020.956 4951.768 4883.646 4816.638 4750.79 4686.15 4622.77 4560.702 4500 4440.721 4382.921 4326.662 4272.002 4219.004 4161.73 4104.875 4049.691 3996.248 3940.812 3883.298 3827.532 3773.593
7905.694 7823.682 7742.093 7660.94 7580.237 7500 7420.243 7340.981 7262.231 7184.01 7106.335 7029.225 6952.697 6876.772 6801.47 6726.812 6652.819 6579.514 6506.919 6435.06 6363.961 6293.647 6222.54 6152.235 6081.118 6010.824 5941.38 5872.819 5805.17 5738.467 5672.742 5608.03 5544.367 5481.788 5420.332 5360.037 5300.943 5232.59 5162.364 5091.169 5020.956 4949.748 4879.549 4810.405 4742.362 4675.468 4609.772 4545.327 4482.187 4420.407 4360.046 4301.163 4243.819 4188.078 4134.005 4080.441 4022.437 3966.106 3911.521 3858.756 3801.316 3744.329 3689.173
7849.204 7766.595 7684.4 7602.631 7521.303 7440.43 7360.027 7280.11 7200.694 7121.797 7043.437 6965.63 6888.396 6811.754 6735.726 6660.33 6585.59 6511.528 6438.167 6365.532 6293.647 6222.54 6152.235 6081.118 6010.824 5939.697 5869.412 5800 5731.492 5663.921 5597.321 5531.727 5467.175 5403.703 5341.348 5280.151 5220.153 5161.395 5091.169 5020.956 4949.748 4879.549 4808.326 4738.143 4669.047 4601.087 4534.313 4468.781 4404.543 4341.659 4280.187 4220.189 4161.73 4104.875 4049.691 3996.248 3940.812 3883.298 3827.532 3773.593 3720.215 3661.967 3605.551
7793.587 7710.383 7627.582 7545.197 7463.243 7381.734 7300.685 7220.111 7140.028 7060.453 6981.404 6902.898 6824.954 6747.592 6670.832 6594.695 6519.203 6444.377 6370.243 6296.825 6224.146 6152.235 6081.118 6010.824 5939.697 5869.412 5798.275 5728.001 5658.622 5590.17 5522.681 5456.189 5390.733 5326.35 5263.079 5200.961 5140.039 5080.354 5020.956 4949.748 4879.549 4808.326 4738.143 4666.905 4596.738 4527.692 4459.821 4393.177 4327.817 4263.801 4201.19 4140.048 4080.441 4022.437 3966.106 3911.521 3858.756 3801.316 3744.329 3689.173 3635.932 3580.503 3522.783
7738.863 7655.063 7571.658 7488.658 7406.079 7323.934 7242.237 7161.005 7080.254 7000 6920.26 6841.053 6762.396 6684.31 6606.814 6529.931 6453.681 6378.087 6303.174 6228.965 6155.485 6082.763 6010.824 5939.697 5869.412 5798.275 5728.001 5656.854 5586.591 5517.246 5448.853 5381.45 5315.073 5249.762 5185.557 5122.5 5060.632 5000 4940.648 4879.549 4808.326 4738.143 4666.905 4596.738 4525.483 4455.334 4386.342 4318.564 4252.058 4186.884 4123.105 4060.788 4000 3940.812 3883.298 3827.532 3773.593 3720.215 3661.967 3605.551 3551.056 3498.571 3440.93
7685.05 7600.658 7516.648 7433.034 7349.83 7267.049 7184.706 7102.816 7021.396 6940.461 6860.029 6780.118 6700.746 6621.933 6543.699 6466.065 6389.053 6312.686 6236.986 6161.98 6087.692 6014.15 5941.38 5869.412 5798.275 5728.001 5656.854 5586.591 5515.433 5445.181 5375.872 5307.542 5240.229 5173.973 5108.816 5044.799 4981.967 4920.366 4860.041 4801.042 4738.143 4666.905 4596.738 4525.483 4455.334 4384.062 4313.931 4244.997 4177.32 4110.961 4045.986 3982.462 3920.459 3860.052 3801.316 3744.329 3689.173 3635.932 3580.503 3522.783 3466.987 3413.21 3360.06
7632.169 7547.185 7462.573 7378.347 7294.519 7211.103 7128.113 7045.566 6963.476 6881.86 6800.735 6720.119 6640.03 6560.488 6481.512 6403.124 6325.346 6248.2 6171.709 6095.9 6020.797 5946.428 5872.819 5800 5728.001 5656.854 5586.591 5515.433 5445.181 5374.012 5303.772 5234.501 5166.236 5099.02 5032.892 4967.897 4904.08 4841.487 4780.167 4720.169 4661.545 4596.738 4525.483 4455.334 4384.062 4313.931 4242.641 4172.529 4103.657 4036.087 3969.887 3905.125 3841.875 3780.212 3720.215 3661.967 3605.551 3551.056 3498.571 3440.93 3383.785 3328.663 3275.668
7580.237 7494.665 7409.454 7324.616 7240.166 7156.116 7072.482 6989.277 6906.519 6824.222 6742.403 6661.081 6580.273 6500 6420.28 6341.136 6262.587 6184.658 6107.373 6030.754 5954.83 5879.626 5805.17 5731.492 5658.622 5586.591 5515.433 5445.181 5374.012 5303.772 5232.59 5162.364 5093.133 5024.938 4957.822 4891.83 4827.007 4763.402 4701.063 4640.043 4580.393 4522.167 4455.334 4384.062 4313.931 4242.641 4172.529 4101.219 4031.129 3962.323 3894.868 3828.838 3764.306 3701.351 3640.055 3580.503 3522.783 3466.987 3413.21 3360.06 3301.515 3244.996 3190.611
