InputData/dist_13.txt
ncols         100
nrows         161
xllcorner     532010.43400391
yllcorner     8192889.1159634
cellsize      100
NODATA_value  -9999
[rows 60 to 89 of 161, columns 0 to 65 of 100]
-9999 -9999 -9999 -9999 -9999 -9999 -9999 -9999 -9999 -9999 -9999 -9999 -9999 -9999 -9999 -9999 17042.3 16942.55 16842.8 16743.06 16643.32 16543.58 16443.84 16344.11 16244.38 16144.66 16044.94 15945.22 15845.5 15745.79 15646.09 15546.38 15446.68 15346.99 15247.29 15147.61 15047.92 14948.24 14848.57 14748.9 14649.23 14549.57 14449.91 14350.26 14250.61 14150.97 14051.33 13951.7 13852.08 13752.45 13652.84 13553.23 13453.62 13354.03 13254.43 13154.85 13055.27 12955.69 12856.13 12756.57 12657.01 12557.47 12457.93 12358.4 12258.87 12159.36
-9999 -9999 -9999 -9999 -9999 -9999 -9999 -9999 -9999 -9999 -9999 -9999 -9999 -9999 -9999 -9999 17035.55 16935.76 16835.97 16736.19 16636.41 16536.63 16436.85 16337.07 16237.3 16137.53 16037.77 15938 15838.25 15738.49 15638.73 15538.98 15439.24 15339.49 15239.75 15140.01 15040.28 14940.55 14840.82 14741.1 14641.38 14541.66 14441.95 14342.25 14242.54 14142.84 14043.15 13943.46 13843.77 13744.09 13644.41 13544.74 13445.07 13345.41 13245.75 13146.1 13046.46 12946.81 12847.18 12747.55 12647.92 12548.31 12448.69 12349.09 12249.49 12149.9
-9999 -9999 -9999 -9999 -9999 -9999 -9999 -9999 -9999 -9999 -9999 -9999 -9999 -9999 -9999 -9999 -9999 16929.56 16829.74 16729.91 16630.09 16530.28 16430.46 16330.65 16230.83 16131.03 16031.22 15931.42 15831.61 15731.81 15632.02 15532.22 15432.43 15332.64 15232.86 15133.08 15033.3 14933.52 14833.75 14733.97 14634.21 14534.44 14434.68 14334.92 14235.17 14135.42 14035.67 13935.92 13836.18 13736.45 13636.71 13536.99 13437.26 13337.54 13237.82 13138.11 13038.41 12938.7 12839 12739.31 12639.62 12539.94 12440.26 12340.58 12240.92 12141.25
-9999 -9999 -9999 -9999 -9999 -9999 -9999 -9999 -9999 -9999 -9999 -9999 -9999 -9999 -9999 -9999 -9999 16923.95 16824.09 16724.23 16624.38 16524.53 16424.68 16324.83 16224.98 16125.14 16025.29 15925.45 15825.61 15725.78 15625.94 15526.11 15426.28 15326.45 15226.62 15126.8 15026.98 14927.16 14827.34 14727.53 14627.71 14527.9 14428.1 14328.29 14228.49 14128.69 14028.9 13929.11 13829.32 13729.53 13629.75 13529.97 13430.19 13330.42 13230.65 13130.88 13031.12 12931.36 12831.6 12731.85 12632.1 12532.36 12432.62 12332.88 12233.15 12133.42
-9999 -9999 -9999 -9999 -9999 -9999 -9999 -9999 -9999 -9999 -9999 -9999 -9999 -9999 -9999 -9999 -9999 16918.92 16819.04 16719.15 16619.27 16519.38 16419.5 16319.62 16219.74 16119.86 16019.99 15920.11 15820.24 15720.37 15620.5 15520.63 15420.77 15320.9 15221.04 15121.18 15021.32 14921.46 14821.61 14721.75 14621.9 14522.05 14422.21 14322.36 14222.52 14122.68 14022.84 13923 13823.17 13723.34 13623.51 13523.68 13423.86 13324.04 13224.22 13124.4 13024.59 12924.78 12824.98 12725.17 12625.37 12525.57 12425.78 12325.99 12226.2 12126.42
-9999 -9999 -9999 -9999 -9999 -9999 -9999 -9999 -9999 -9999 -9999 -9999 -9999 -9999 -9999 -9999 -9999 16914.49 16814.58 16714.66 16614.75 16514.84 16414.93 16315.02 16215.12 16115.21 16015.31 15915.4 15815.5 15715.6 15615.7 15515.8 15415.9 15316 15216.11 15116.22 15016.32 14916.43 14816.54 14716.66 14616.77 14516.89 14417 14317.12 14217.24 14117.37 14017.49 13917.61 13817.74 13717.87 13618 13518.14 13418.27 13318.41 13218.55 13118.69 13018.83 12918.98 12819.13 12719.28 12619.43 12519.58 12419.74 12319.9 12220.07 12120.23
-9999 -9999 -9999 -9999 -9999 -9999 -9999 -9999 -9999 -9999 -9999 -9999 -9999 -9999 -9999 -9999 -9999 16910.65 16810.71 16710.78 16610.84 16510.91 16410.97 16311.04 16211.11 16111.18 16011.25 15911.32 15811.39 15711.46 15611.53 15511.61 15411.68 15311.76 15211.84 15111.92 15012 14912.08 14812.16 14712.24 14612.32 14512.41 14412.49 14312.58 14212.67 14112.76 14012.85 13912.94 13813.04 13713.13 13613.23 13513.33 13413.43 13313.53 13213.63 13113.73 13013.84 12913.95 12814.05 12714.17 12614.28 12514.39 12414.51 12314.63 12214.75 12114.87
-9999 -9999 -9999 -9999 -9999 -9999 -9999 -9999 -9999 -9999 -9999 -9999 -9999 -9999 -9999 -9999 -9999 -9999 16807.44 16707.48 16607.53 16507.57 16407.62 16307.67 16207.71 16107.76 16007.81 15907.86 15807.91 15707.96 15608.01 15508.06 15408.11 15308.17 15208.22 15108.28 15008.33 14908.39 14808.44 14708.5 14608.56 14508.62 14408.68 14308.74 14208.8 14108.86 14008.93 13908.99 13809.05 13709.12 13609.19 13509.26 13409.33 13309.4 13209.47 13109.54 13009.61 12909.69 12809.76 12709.84 12609.92 12510 12410.08 12310.16 12210.24 12110.33
-9999 -9999 -9999 -9999 -9999 -9999 -9999 -9999 -9999 -9999 -9999 -9999 -9999 -9999 -9999 -9999 -9999 -9999 16804.76 16704.79 16604.82 16504.85 16404.88 16304.91 16204.94 16104.97 16005 15905.03 15805.06 15705.09 15605.13 15505.16 15405.19 15305.23 15205.26 15105.3 15005.33 14905.37 14805.4 14705.44 14605.48 14505.52 14405.55 14305.59 14205.63 14105.67 14005.71 13905.75 13805.8 13705.84 13605.88 13505.92 13405.97 13306.01 13206.06 13106.11 13006.15 12906.2 12806.25 12706.3 12606.35 12506.4 12406.45 12306.5 12206.56 12106.61
-9999 -9999 -9999 -9999 -9999 -9999 -9999 -9999 -9999 -9999 -9999 -9999 -9999 -9999 -9999 -9999 -9999 -9999 16802.68 16702.7 16602.71 16502.73 16402.74 16302.76 16202.78 16102.79 16002.81 15902.83 15802.85 15702.87 15602.88 15502.9 15402.92 15302.94 15202.96 15102.98 15003 14903.02 14803.04 14703.06 14603.08 14503.1 14403.13 14303.15 14203.17 14103.19 14003.21 13903.24 13803.26 13703.28 13603.31 13503.33 13403.36 13303.38 13203.41 13103.43 13003.46 12903.49 12803.52 12703.54 12603.57 12503.6 12403.63 12303.66 12203.69 12103.72
-9999 -9999 -9999 -9999 -9999 -9999 -9999 -9999 -9999 -9999 -9999 -9999 -9999 -9999 -9999 -9999 -9999 -9999 16801.19 16701.2 16601.21 16501.21 16401.22 16301.23 16201.23 16101.24 16001.25 15901.26 15801.27 15701.27 15601.28 15501.29 15401.3 15301.31 15201.32 15101.32 15001.33 14901.34 14801.35 14701.36 14601.37 14501.38 14401.39 14301.4 14201.41 14101.42 14001.43 13901.44 13801.45 13701.46 13601.47 13501.48 13401.49 13301.5 13201.51 13101.53 13001.54 12901.55 12801.56 12701.57 12601.59 12501.6 12401.61 12301.63 12201.64 12101.65
-9999 -9999 -9999 -9999 -9999 -9999 -9999 -9999 -9999 -9999 -9999 -9999 -9999 -9999 -9999 -9999 -9999 -9999 16800.3 16700.3 16600.3 16500.3 16400.3 16300.31 16200.31 16100.31 16000.31 15900.31 15800.32 15700.32 15600.32 15500.32 15400.32 15300.33 15200.33 15100.33 15000.33 14900.34 14800.34 14700.34 14600.34 14500.34 14400.35 14300.35 14200.35 14100.35 14000.36 13900.36 13800.36 13700.37 13600.37 13500.37 13400.37 13300.38 13200.38 13100.38 13000.38 12900.39 12800.39 12700.39 12600.4 12500.4 12400.4 12300.41 12200.41 12100.41
-9999 -9999 -9999 -9999 -9999 -9999 -9999 -9999 -9999 -9999 -9999 -9999 -9999 -9999 -9999 -9999 -9999 -9999 16800 16700 16600 16500 16400 16300 16200 16100 16000 15900 15800 15700 15600 15500 15400 15300 15200 15100 15000 14900 14800 14700 14600 14500 14400 14300 14200 14100 14000 13900 13800 13700 13600 13500 13400 13300 13200 13100 13000 12900 12800 12700 12600 12500 12400 12300 12200 12100
-9999 -9999 -9999 -9999 -9999 -9999 -9999 -9999 -9999 -9999 -9999 -9999 -9999 -9999 -9999 -9999 -9999 -9999 16800 16700 16600 16500 16400 16300 16200 16100 16000 15900 15800 15700 15600 15500 15400 15300 15200 15100 15000 14900 14800 14700 14600 14500 14400 14300 14200 14100 14000 13900 13800 13700 13600 13500 13400 13300 13200 13100 13000 12900 12800 12700 12600 12500 12400 12300 12200 12100
-9999 -9999 -9999 -9999 -9999 -9999 -9999 -9999 -9999 -9999 -9999 -9999 -9999 -9999 -9999 -9999 -9999 -9999 16800 16700 16600 16500 16400 16300 16200 16100 16000 15900 15800 15700 15600 15500 15400 15300 15200 15100 15000 14900 14800 14700 14600 14500 14400 14300 14200 14100 14000 13900 13800 13700 13600 13500 13400 13300 13200 13100 13000 12900 12800 12700 12600 12500 12400 12300 12200 12100
-9999 -9999 -9999 -9999 -9999 -9999 -9999 -9999 -9999 -9999 -9999 -9999 -9999 -9999 -9999 -9999 -9999 -9999 16800.3 16700.3 16600.3 16500.3 16400.3 16300.31 16200.31 16100.31 16000.31 15900.31 15800.32 15700.32 15600.32 15500.32 15400.32 15300.33 15200.33 15100.33 15000.33 14900.34 14800.34 14700.34 14600.34 14500.34 14400.35 14300.35 14200.35 14100.35 14000.36 13900.36 13800.36 13700.37 13600.37 13500.37 13400.37 13300.38 13200.38 13100.38 13000.38 12900.39 12800.39 12700.39 12600.4 12500.4 12400.4 12300.41 12200.41 12100.41
-9999 -9999 -9999 -9999 -9999 -9999 -9999 -9999 -9999 -9999 -9999 -9999 -9999 -9999 -9999 -9999 -9999 16901.18 16801.19 16701.2 16601.21 16501.21 16401.22 16301.23 16201.23 16101.24 16001.25 15901.26 15801.27 15701.27 15601.28 15501.29 15401.3 15301.31 15201.32 15101.32 15001.33 14901.34 14801.35 14701.36 14601.37 14501.38 14401.39 14301.4 14201.41 14101.42 14001.43 13901.44 13801.45 13701.46 13601.47 13501.48 13401.49 13301.5 13201.51 13101.53 13001.54 12901.55 12801.56 12701.57 12601.59 12501.6 12401.61 12301.63 12201.64 12101.65
-9999 -9999 -9999 -9999 -9999 -9999 -9999 -9999 -9999 -9999 -9999 -9999 -9999 -9999 -9999 -9999 -9999 16902.66 16802.68 16702.7 16602.71 16502.73 16402.74 16302.76 16202.78 16102.79 16002.81 15902.83 15802.85 15702.87 15602.88 15502.9 15402.92 15302.94 15202.96 15102.98 15003 14903.02 14803.04 14703.06 14603.08 14503.1 14403.13 14303.15 14203.17 14103.19 14003.21 13903.24 13803.26 13703.28 13603.31 13503.33 13403.36 13303.38 13203.41 13103.43 13003.46 12903.49 12803.52 12703.54 12603.57 12503.6 12403.63 12303.66 12203.69 12103.72
-9999 -9999 -9999 -9999 -9999 -9999 -9999 -9999 -9999 -9999 -9999 -9999 -9999 -9999 -9999 -9999 17004.71 16904.73 16804.76 16704.79 16604.82 16504.85 16404.88 16304.91 16204.94 16104.97 16005 15905.03 15805.06 15705.09 15605.13 15505.16 15405.19 15305.23 15205.26 15105.3 15005.33 14905.37 14805.4 14705.44 14605.48 14505.52 14405.55 14305.59 14205.63 14105.67 14005.71 13905.75 13805.8 13705.84 13605.88 13505.92 13405.97 13306.01 13206.06 13106.11 13006.15 12906.2 12806.25 12706.3 12606.35 12506.4 12406.45 12306.5 12206.56 12106.61
-9999 -9999 -9999 -9999 -9999 -9999 -9999 -9999 -9999 -9999 -9999 -9999 -9999 -9999 -9999 17107.31 17007.35 16907.39 16807.44 16707.48 16607.53 16507.57 16407.62 16307.67 16207.71 16107.76 16007.81 15907.86 15807.91 15707.96 15608.01 15508.06 15408.11 15308.17 15208.22 15108.28 15008.33 14908.39 14808.44 14708.5 14608.56 14508.62 14408.68 14308.74 14208.8 14108.86 14008.93 13908.99 13809.05 13709.12 13609.19 13509.26 13409.33 13309.4 13209.47 13109.54 13009.61 12909.69 12809.76 12709.84 12609.92 12510 12410.08 12310.16 12210.24 12110.33
-9999 -9999 -9999 -9999 -9999 -9999 -9999 -9999 -9999 -9999 -9999 -9999 -9999 -9999 17210.46 17110.52 17010.58 16910.65 16810.71 16710.78 16610.84 16510.91 16410.97 16311.04 16211.11 16111.18 16011.25 15911.32 15811.39 15711.46 15611.53 15511.61 15411.68 15311.76 15211.84 15111.92 15012 14912.08 14812.16 14712.24 14612.32 14512.41 14412.49 14312.58 14212.67 14112.76 14012.85 13912.94 13813.04 13713.13 13613.23 13513.33 13413.43 13313.53 13213.63 13113.73 13013.84 12913.95 12814.05 12714.17 12614.28 12514.39 12414.51 12314.63 12214.75 12114.87
-9999 -9999 -9999 -9999 -9999 -9999 -9999 -9999 -9999 -9999 -9999 -9999 17414.07 17314.16 17214.24 17114.32 17014.41 16914.49 16814.58 16714.66 16614.75 16514.84 16414.93 16315.02 16215.12 16115.21 16015.31 15915.4 15815.5 15715.6 15615.7 15515.8 15415.9 15316 15216.11 15116.22 15016.32 14916.43 14816.54 14716.66 14616.77 14516.89 14417 14317.12 14217.24 14117.37 14017.49 13917.61 13817.74 13717.87 13618 13518.14 13418.27 13318.41 13218.55 13118.69 13018.83 12918.98 12819.13 12719.28 12619.43 12519.58 12419.74 12319.9 12220.07 12120.23
-9999 -9999 -9999 -9999 -9999 -9999 -9999 -9999 -9999 -9999 -9999 17518.28 17418.38 17318.49 17218.59 17118.7 17018.81 16918.92 16819.04 16719.15 16619.27 16519.38 16419.5 16319.62 16219.74 16119.86 16019.99 15920.11 15820.24 15720.37 15620.5 15520.63 15420.77 15320.9 15221.04 15121.18 15021.32 14921.46 14821.61 14721.75 14621.9 14522.05 14422.21 14322.36 14222.52 14122.68 14022.84 13923 13823.17 13723.34 13623.51 13523.68 13423.86 13324.04 13224.22 13124.4 13024.59 12924.78 12824.98 12725.17 12625.37 12525.57 12425.78 12325.99 12226.2 12126.42
-9999 -9999 -9999 -9999 -9999 -9999 -9999 -9999 -9999 -9999 17623 17523.13 17423.26 17323.39 17223.53 17123.67 17023.81 16923.95 16824.09 16724.23 16624.38 16524.53 16424.68 16324.83 16224.98 16125.14 16025.29 15925.45 15825.61 15725.78 15625.94 15526.11 15426.28 15326.45 15226.62 15126.8 15026.98 14927.16 14827.34 14727.53 14627.71 14527.9 14428.1 14328.29 14228.49 14128.69 14028.9 13929.11 13829.32 13729.53 13629.75 13529.97 13430.19 13330.42 13230.65 13130.88 13031.12 12931.36 12831.6 12731.85 12632.1 12532.36 12432.62 12332.88 12233.15 12133.42
-9999 -9999 -9999 -9999 -9999 -9999 -9999 -9999 -9999 17728.23 17628.39 17528.55 17428.71 17328.88 17229.04 17129.21 17029.39 16929.56 16829.74 16729.91 16630.09 16530.28 16430.46 16330.65 16230.83 16131.03 16031.22 15931.42 15831.61 15731.81 15632.02 15532.22 15432.43 15332.64 15232.86 15133.08 15033.3 14933.52 14833.75 14733.97 14634.21 14534.44 14434.68 14334.92 14235.17 14135.42 14035.67 13935.92 13836.18 13736.45 13636.71 13536.99 13437.26 13337.54 13237.82 13138.11 13038.41 12938.7 12839 12739.31 12639.62 12539.94 12440.26 12340.58 12240.92 12141.25
-9999 -9999 -9999 -9999 -9999 -9999 -9999 -9999 17833.96 17734.15 17634.34 17534.54 17434.74 17334.94 17235.14 17135.34 17035.55 16935.76 16835.97 16736.19 16636.41 16536.63 16436.85 16337.07 16237.3 16137.53 16037.77 15938 15838.25 15738.49 15638.73 15538.98 15439.24 15339.49 15239.75 15140.01 15040.28 14940.55 14840.82 14741.1 14641.38 14541.66 14441.95 14342.25 14242.54 14142.84 14043.15 13943.46 13843.77 13744.09 13644.41 13544.74 13445.07 13345.41 13245.75 13146.1 13046.46 12946.81 12847.18 12747.55 12647.92 12548.31 12448.69 12349.09 12249.49 12149.9
-9999 -9999 -9999 -9999 -9999 -9999 -9999 17940.18 17840.4 17740.63 17640.86 17541.09 17441.33 17341.57 17241.81 17142.05 17042.3 16942.55 16842.8 16743.06 16643.32 16543.58 16443.84 16344.11 16244.38 16144.66 16044.94 15945.22 15845.5 15745.79 15646.09 15546.38 15446.68 15346.99 15247.29 15147.61 15047.92 14948.24 14848.57 14748.9 14649.23 14549.57 14449.91 14350.26 14250.61 14150.97 14051.33 13951.7 13852.08 13752.45 13652.84 13553.23 13453.62 13354.03 13254.43 13154.85 13055.27 12955.69 12856.13 12756.57 12657.01 12557.47 12457.93 12358.4 12258.87 12159.36
-9999 -9999 -9999 -9999 -9999 -9999 -9999 17947.14 17847.41 17747.68 17647.95 17548.22 17448.5 17348.78 17249.06 17149.34 17049.63 16949.93 16850.22 16750.52 16650.83 16551.13 16451.44 16351.76 16252.08 16152.4 16052.73 15953.06 15853.39 15753.73 15654.07 15554.42 15454.77 15355.13 15255.49 15155.86 15056.23 14956.6 14856.99 14757.37 14657.76 14558.16 14458.56 14358.97 14259.38 14159.8 14060.23 13960.66 13861.1 13761.54 13661.99 13562.45 13462.91 13363.38 13263.86 13164.35 13064.84 12965.34 12865.85 12766.36 12666.89 12567.42 12467.96 12368.51 12269.07 12169.63
-9999 -9999 -9999 -9999 -9999 -9999 18054.36 17954.67 17854.97 17755.28 17655.59 17555.91 17456.23 17356.55 17256.88 17157.21 17057.55 16957.89 16858.23 16758.58 16658.93 16559.29 16459.65 16360.01 16260.38 16160.75 16061.13 15961.52 15861.9 15762.3 15662.69 15563.1 15463.51 15363.92 15264.34 15164.76 15065.19 14965.63 14866.07 14766.52 14666.97 14567.43 14467.9 14368.37 14268.85 14169.33 14069.83 13970.33 13870.83 13771.35 13671.87 13572.4 13472.94 13373.48 13274.04 13174.6 13075.17 12975.75 12876.33 12776.93 12677.54 12578.16 12478.78 12379.42 12280.07 12180.72
-9999 -9999 -9999 -9999 -9999 -9999 18062.39 17962.74 17863.09 17763.45 17663.8 17564.17 17464.54 17364.91 17265.28 17165.66 17066.05 16966.44 16866.83 16767.23 16667.63 16568.04 16468.46 16368.87 16269.3 16169.72 16070.16 15970.6 15871.04 15771.49 15671.95 15572.41 15472.88 15373.35 15273.83 15174.32 15074.81 14975.31 14875.82 14776.33 14676.85 14577.38 14477.91 14378.46 14279.01 14179.56 14080.13 13980.7 13881.28 13781.87 13682.47 13583.08 13483.69 13384.32 13284.95 13185.6 13086.25 12986.92 12887.59 12788.28 12688.97 12589.68 12490.4 12391.13 12291.87 12192.62
