InputData/dist_6.txt
ncols         261
nrows         227
xllcorner     499310.88880297
yllcorner     8193391.227492
cellsize      100
NODATA_value  -9999
[rows 174 to 202 of 227, columns 0 to 64 of 261]
-9999 -9999 -9999 -9999 -9999 -9999 -9999 -9999 -9999 -9999 -9999 -9999 -9999 -9999 -9999 -9999 -9999 -9999 -9999 -9999 45452.83 45367.94 45283.11 45198.34 45113.63 45028.99 44944.41 44859.89 44775.44 44691.05 44606.73 44522.46 44438.27 44354.14 44270.08 44186.08 44102.15 44018.29 43934.5 43850.77 43767.11 43683.52 43600 43516.55 43433.17 43349.86 43266.62 43183.45 43100.35 43017.32 42934.37 42851.49 42768.68 42685.95 42603.29 42520.7 42438.19 42355.75 42273.39 42191.11 42108.91 42026.78 41944.73 41862.75 41780.86
-9999 -9999 -9999 -9999 -9999 -9999 -9999 -9999 -9999 -9999 -9999 -9999 -9999 -9999 -9999 -9999 -9999 -9999 -9999 -9999 -9999 45315.12 45230.19 45145.32 45060.52 44975.77 44891.09 44806.47 44721.92 44637.43 44553 44468.64 44384.34 44300.11 44215.95 44131.85 44047.82 43963.85 43879.95 43796.12 43712.36 43628.66 43545.04 43461.48 43377.99 43294.57 43211.23 43127.95 43044.75 42961.61 42878.55 42795.56 42712.64 42629.8 42547.03 42464.34 42381.72 42299.17 42216.7 42134.31 42051.99 41969.75 41887.59 41805.5 41723.5
-9999 -9999 -9999 -9999 -9999 -9999 -9999 -9999 -9999 -9999 -9999 -9999 -9999 -9999 -9999 -9999 -9999 -9999 -9999 -9999 -9999 45262.46 45177.43 45092.46 45007.55 44922.71 44837.93 44753.21 44668.56 44583.96 44499.44 44414.98 44330.58 44246.24 44161.97 44077.77 43993.64 43909.57 43825.56 43741.63 43657.76 43573.96 43490.23 43406.57 43322.97 43239.45 43156 43072.61 42989.3 42906.06 42822.89 42739.79 42656.77 42573.82 42490.94 42408.14 42325.41 42242.75 42160.17 42077.67 41995.24 41912.89 41830.61 41748.41 41666.29
-9999 -9999 -9999 -9999 -9999 -9999 -9999 -9999 -9999 -9999 -9999 -9999 -9999 -9999 -9999 -9999 -9999 -9999 -9999 -9999 -9999 45209.95 45124.83 45039.76 44954.75 44869.81 44784.93 44700.11 44615.36 44530.66 44446.04 44361.47 44276.97 44192.54 44108.16 44023.86 43939.62 43855.45 43771.34 43687.3 43603.32 43519.42 43435.59 43351.82 43268.12 43184.49 43100.93 43017.44 42934.02 42850.67 42767.39 42684.19 42601.05 42518 42435.01 42352.09 42269.26 42186.49 42103.8 42021.18 41938.64 41856.18 41773.8 41691.48 41609.25
-9999 -9999 -9999 -9999 -9999 -9999 -9999 -9999 -9999 -9999 -9999 -9999 -9999 -9999 -9999 -9999 -9999 -9999 -9999 -9999 -9999 -9999 45072.39 44987.22 44902.12 44817.07 44732.09 44647.17 44562.32 44477.52 44392.79 44308.13 44223.52 44138.98 44054.51 43970.1 43885.76 43801.48 43717.27 43633.13 43549.05 43465.04 43381.1 43297.23 43213.43 43129.69 43046.02 42962.43 42878.9 42795.45 42712.06 42628.75 42545.5 42462.34 42379.24 42296.22 42213.27 42130.39 42047.59 41964.87 41882.21 41799.64 41717.14 41634.72 41552.38
-9999 -9999 -9999 -9999 -9999 -9999 -9999 -9999 -9999 -9999 -9999 -9999 -9999 -9999 -9999 -9999 -9999 -9999 -9999 -9999 -9999 -9999 45020.11 44934.84 44849.64 44764.5 44679.41 44594.39 44509.44 44424.54 44339.71 44254.94 44170.24 44085.6 44001.02 43916.51 43832.07 43747.69 43663.37 43579.13 43494.94 43410.83 43326.78 43242.8 43158.89 43075.05 42991.28 42907.57 42823.94 42740.38 42656.89 42573.46 42490.12 42406.84 42323.63 42240.5 42157.44 42074.46 41991.55 41908.71 41825.95 41743.26 41660.65 41578.12 41495.66
-9999 -9999 -9999 -9999 -9999 -9999 -9999 -9999 -9999 -9999 -9999 -9999 -9999 -9999 -9999 -9999 -9999 -9999 -9999 -9999 -9999 -9999 -9999 44882.63 44797.32 44712.08 44626.9 44541.78 44456.72 44371.73 44286.79 44201.92 44117.12 44032.38 43947.7 43863.08 43778.54 43694.05 43609.63 43525.28 43441 43356.78 43272.63 43188.54 43104.52 43020.58 42936.7 42852.89 42769.15 42685.48 42601.88 42518.35 42434.89 42351.5 42268.19 42184.95 42101.78 42018.69 41935.66 41852.72 41769.84 41687.05 41604.33 41521.68 41439.11
-9999 -9999 -9999 -9999 -9999 -9999 -9999 -9999 -9999 -9999 -9999 -9999 -9999 -9999 -9999 -9999 -9999 -9999 -9999 -9999 -9999 -9999 -9999 44830.57 44745.17 44659.82 44574.54 44489.32 44404.17 44319.07 44234.04 44149.07 44064.16 43979.31 43894.53 43809.82 43725.16 43640.58 43556.05 43471.6 43387.21 43302.89 43218.63 43134.44 43050.32 42966.27 42882.28 42798.36 42714.52 42630.74 42547.03 42463.39 42379.83 42296.34 42212.91 42129.56 42046.29 41963.08 41879.95 41796.89 41713.91 41631 41548.16 41465.41 41382.73
-9999 -9999 -9999 -9999 -9999 -9999 -9999 -9999 -9999 -9999 -9999 -9999 -9999 -9999 -9999 -9999 -9999 -9999 -9999 -9999 -9999 -9999 -9999 -9999 44693.18 44607.73 44522.36 44437.04 44351.78 44266.58 44181.45 44096.37 44011.36 43926.41 43841.53 43756.71 43671.96 43587.27 43502.64 43418.08 43333.59 43249.16 43164.8 43080.51 42996.28 42912.12 42828.03 42744 42660.05 42576.17 42492.35 42408.61 42324.93 42241.33 42157.8 42074.34 41990.95 41907.64 41824.39 41741.23 41658.13 41575.11 41492.17 41409.3 41326.5
-9999 -9999 -9999 -9999 -9999 -9999 -9999 -9999 -9999 -9999 -9999 -9999 -9999 -9999 -9999 -9999 -9999 -9999 -9999 -9999 -9999 -9999 -9999 -9999 44641.35 44555.81 44470.33 44384.91 44299.55 44214.25 44129.02 44043.84 43958.73 43873.68 43788.7 43703.78 43618.92 43534.13 43449.39 43364.73 43280.13 43195.6 43111.14 43026.73 42942.4 42858.14 42773.94 42689.81 42605.75 42521.76 42437.84 42353.98 42270.2 42186.49 42102.85 42019.28 41935.79 41852.36 41769.01 41685.73 41602.52 41519.39 41436.34 41353.36 41270.45
-9999 -9999 -9999 -9999 -9999 -9999 -9999 -9999 -9999 -9999 -9999 -9999 -9999 -9999 -9999 -9999 -9999 -9999 -9999 -9999 -9999 -9999 -9999 -9999 -9999 44504.04 44418.46 44332.95 44247.48 44162.09 44076.75 43991.48 43906.27 43821.11 43736.03 43651 43566.04 43481.14 43396.31 43311.55 43226.84 43142.21 43057.64 42973.13 42888.69 42804.32 42720.02 42635.78 42551.62 42467.52 42383.49 42299.53 42215.64 42131.82 42048.07 41964.39 41880.78 41797.25 41713.79 41630.4 41547.08 41463.84 41380.67 41297.58 41214.56
-9999 -9999 -9999 -9999 -9999 -9999 -9999 -9999 -9999 -9999 -9999 -9999 -9999 -9999 -9999 -9999 -9999 -9999 -9999 -9999 -9999 -9999 -9999 -9999 -9999 44452.45 44366.77 44281.15 44195.59 44110.09 44024.65 43939.28 43853.96 43768.71 43683.52 43598.39 43513.33 43428.33 43343.39 43258.52 43173.72 43088.98 43004.3 42919.69 42835.15 42750.67 42666.26 42581.92 42497.65 42413.44 42329.3 42245.24 42161.24 42077.31 41993.45 41909.66 41825.95 41742.3 41658.73 41575.23 41491.8 41408.45 41325.18 41241.97 41158.84
-9999 -9999 -9999 -9999 -9999 -9999 -9999 -9999 -9999 -9999 -9999 -9999 -9999 -9999 -9999 -9999 -9999 -9999 -9999 -9999 -9999 -9999 -9999 -9999 -9999 44401.01 44315.23 44229.52 44143.86 44058.26 43972.72 43887.24 43801.83 43716.47 43631.18 43545.95 43460.79 43375.68 43290.64 43205.67 43120.76 43035.91 42951.14 42866.42 42781.77 42697.19 42612.68 42528.23 42443.84 42359.53 42275.29 42191.11 42107.01 42022.97 41939 41855.11 41771.28 41687.53 41603.85 41520.23 41436.7 41353.23 41269.84 41186.53 41103.29
-9999 -9999 -9999 -9999 -9999 -9999 -9999 -9999 -9999 -9999 -9999 -9999 -9999 -9999 -9999 -9999 -9999 -9999 -9999 -9999 -9999 -9999 -9999 -9999 -9999 -9999 44263.87 44178.05 44092.29 44006.59 43920.95 43835.38 43749.86 43664.4 43579.01 43493.68 43408.41 43323.2 43238.06 43152.98 43067.97 42983.02 42898.14 42813.32 42728.56 42643.88 42559.25 42474.7 42390.21 42305.79 42221.44 42137.16 42052.94 41968.8 41884.72 41800.72 41716.78 41632.92 41549.13 41465.41 41381.76 41298.18 41214.68 41131.25 41047.9
-9999 -9999 -9999 -9999 -9999 -9999 -9999 -9999 -9999 -9999 -9999 -9999 -9999 -9999 -9999 -9999 -9999 -9999 -9999 -9999 -9999 -9999 -9999 -9999 -9999 -9999 44212.67 44126.75 44040.89 43955.09 43869.35 43783.67 43698.05 43612.5 43527 43441.57 43356.2 43270.89 43185.64 43100.46 43015.35 42930.29 42845.3 42760.38 42675.52 42590.73 42506 42421.34 42336.75 42252.22 42167.76 42083.37 41999.05 41914.79 41830.61 41746.5 41662.45 41578.48 41494.58 41410.75 41326.99 41243.3 41159.69 41076.15 40992.68
-9999 -9999 -9999 -9999 -9999 -9999 -9999 -9999 -9999 -9999 -9999 -9999 -9999 -9999 -9999 -9999 -9999 -9999 -9999 -9999 -9999 -9999 -9999 -9999 -9999 -9999 -9999 44075.62 43989.66 43903.76 43817.92 43732.14 43646.42 43560.76 43475.16 43389.63 43304.16 43218.75 43133.4 43048.11 42962.89 42877.73 42792.64 42707.61 42622.65 42537.75 42452.91 42368.15 42283.45 42198.82 42114.25 42029.75 41945.32 41860.96 41776.67 41692.45 41608.29 41524.21 41440.2 41356.26 41272.39 41188.59 41104.87 41021.21 40937.64
-9999 -9999 -9999 -9999 -9999 -9999 -9999 -9999 -9999 -9999 -9999 -9999 -9999 -9999 -9999 -9999 -9999 -9999 -9999 -9999 -9999 -9999 -9999 -9999 -9999 -9999 -9999 44024.65 43938.59 43852.59 43766.65 43680.77 43594.95 43509.2 43423.5 43337.86 43252.28 43166.77 43081.32 42995.93 42910.61 42825.34 42740.14 42655.01 42569.94 42484.94 42400 42315.13 42230.32 42145.58 42060.91 41976.3 41891.77 41807.3 41722.89 41638.56 41554.3 41470.11 41385.99 41301.94 41217.96 41134.05 41050.21 40966.45 40882.76
-9999 -9999 -9999 -9999 -9999 -9999 -9999 -9999 -9999 -9999 -9999 -9999 -9999 -9999 -9999 -9999 -9999 -9999 -9999 -9999 -9999 -9999 -9999 -9999 -9999 -9999 -9999 -9999 43887.7 43801.6 43715.56 43629.58 43543.66 43457.8 43372 43286.26 43200.58 43114.96 43029.41 42943.92 42858.49 42773.12 42687.82 42602.58 42517.41 42432.3 42347.25 42262.28 42177.36 42092.52 42007.74 41923.02 41838.38 41753.8 41669.29 41584.85 41500.48 41416.18 41331.95 41247.79 41163.7 41079.68 40995.73 40911.86 40828.05
-9999 -9999 -9999 -9999 -9999 -9999 -9999 -9999 -9999 -9999 -9999 -9999 -9999 -9999 -9999 -9999 -9999 -9999 -9999 -9999 -9999 -9999 -9999 -9999 -9999 -9999 -9999 -9999 43836.97 43750.77 43664.63 43578.55 43492.53 43406.57 43320.66 43234.82 43149.04 43063.32 42977.67 42892.07 42806.54 42721.07 42635.66 42550.32 42465.04 42379.83 42294.68 42209.6 42124.58 42039.63 41954.74 41869.92 41785.16 41700.48 41615.86 41531.31 41446.83 41362.42 41278.08 41193.81 41109.61 41025.48 40941.42 40857.43 40773.52
-9999 -9999 -9999 -9999 -9999 -9999 -9999 -9999 -9999 -9999 -9999 -9999 -9999 -9999 -9999 -9999 -9999 -9999 -9999 -9999 -9999 -9999 -9999 -9999 -9999 -9999 -9999 -9999 43786.41 43700.11 43613.88 43527.69 43441.57 43355.51 43269.5 43183.56 43097.68 43011.86 42926.1 42840.4 42754.77 42669.19 42583.68 42498.23 42412.85 42327.53 42242.28 42157.09 42071.96 41986.9 41901.91 41816.98 41732.12 41647.33 41562.6 41477.95 41393.36 41308.84 41224.39 41140 41055.7 40971.45 40887.29 40803.19 40719.16
-9999 -9999 -9999 -9999 -9999 -9999 -9999 -9999 -9999 -9999 -9999 -9999 -9999 -9999 -9999 -9999 -9999 -9999 -9999 -9999 -9999 -9999 -9999 -9999 -9999 -9999 -9999 -9999 -9999 43649.63 43563.29 43477 43390.78 43304.62 43218.52 43132.47 43046.49 42960.56 42874.7 42788.9 42703.16 42617.48 42531.87 42446.32 42360.83 42275.41 42190.05 42104.75 42019.52 41934.35 41849.25 41764.22 41679.25 41594.35 41509.52 41424.75 41340.05 41255.43 41170.86 41086.37 41001.95 40917.6 40833.32 40749.11 40664.97
-9999 -9999 -9999 -9999 -9999 -9999 -9999 -9999 -9999 -9999 -9999 -9999 -9999 -9999 -9999 -9999 -9999 -9999 -9999 -9999 -9999 -9999 -9999 -9999 -9999 -9999 -9999 -9999 -9999 43599.31 43512.87 43426.49 43340.17 43253.9 43167.7 43081.55 42995.46 42909.44 42823.48 42737.57 42651.73 42565.95 42480.23 42394.57 42308.98 42223.45 42137.99 42052.59 41967.25 41881.98 41796.77 41711.63 41626.55 41541.55 41456.61 41371.73 41286.92 41202.18 41117.52 41032.91 40948.38 40863.92 40779.53 40695.21 40610.96
-9999 -9999 -9999 -9999 -9999 -9999 -9999 -9999 -9999 -9999 -9999 -9999 -9999 -9999 -9999 -9999 -9999 -9999 -9999 -9999 -9999 -9999 -9999 -9999 -9999 -9999 -9999 -9999 -9999 -9999 43462.63 43376.14 43289.72 43203.36 43117.05 43030.8 42944.62 42858.49 42772.42 42686.41 42600.47 42514.59 42428.77 42343 42257.31 42171.67 42086.1 42000.59 41915.15 41829.77 41744.46 41659.21 41574.03 41488.91 41403.86 41318.88 41233.96 41149.12 41064.34 40979.63 40894.99 40810.41 40725.91 40641.48 40557.12
-9999 -9999 -9999 -9999 -9999 -9999 -9999 -9999 -9999 -9999 -9999 -9999 -9999 -9999 -9999 -9999 -9999 -9999 -9999 -9999 -9999 -9999 -9999 -9999 -9999 -9999 -9999 -9999 -9999 -9999 43412.55 43325.97 43239.45 43152.98 43066.58 42980.23 42893.94 42807.71 42721.54 42635.43 42549.38 42463.39 42377.47 42291.61 42205.8 42120.07 42034.39 41948.78 41863.23 41777.75 41692.32 41606.97 41521.68 41436.46 41351.3 41266.21 41181.18 41096.23 41011.34 40926.52 40841.77 40757.09 40672.47 40587.93 40503.46
-9999 -9999 -9999 -9999 -9999 -9999 -9999 -9999 -9999 -9999 -9999 -9999 -9999 -9999 -9999 -9999 -9999 -9999 -9999 -9999 -9999 -9999 -9999 -9999 -9999 -9999 -9999 -9999 -9999 -9999 -9999 43275.98 43189.35 43102.79 43016.28 42929.83 42843.44 42757.11 42670.83 42584.62 42498.47 42412.38 42326.35 42240.38 42154.48 42068.63 41982.86 41897.14 41811.48 41725.89 41640.36 41554.9 41469.51 41384.18 41298.91 41213.71 41128.58 41043.51 40958.52 40873.59 40788.72 40703.93 40619.21 40534.55 40449.97
-9999 -9999 -9999 -9999 -9999 -9999 -9999 -9999 -9999 -9999 -9999 -9999 -9999 -9999 -9999 -9999 -9999 -9999 -9999 -9999 -9999 -9999 -9999 -9999 -9999 -9999 -9999 -9999 -9999 -9999 -9999 43226.15 43139.43 43052.76 42966.15 42879.6 42793.11 42706.68 42620.3 42533.99 42447.73 42361.54 42275.41 42189.34 42103.32 42017.38 41931.49 41845.67 41759.91 41674.21 41588.58 41503.01 41417.51 41332.07 41246.7 41161.39 41076.15 40990.98 40905.87 40820.83 40735.86 40650.95 40566.12 40481.36 40396.66
-9999 -9999 -9999 -9999 -9999 -9999 -9999 -9999 -9999 -9999 -9999 -9999 -9999 -9999 -9999 -9999 -9999 -9999 -9999 -9999 -9999 -9999 -9999 -9999 -9999 -9999 -9999 -9999 -9999 -9999 -9999 -9999 43089.68 43002.91 42916.2 42829.55 42742.95 42656.42 42569.94 42483.53 42397.17 42310.88 42224.64 42138.46 42052.35 41966.3 41880.3 41794.38 41708.51 41622.71 41536.97 41451.3 41365.69 41280.14 41194.66 41109.25 41023.89 40938.61 40853.39 40768.25 40683.17 40598.15 40513.21 40428.33 40343.52
-9999 -9999 -9999 -9999 -9999 -9999 -9999 -9999 -9999 -9999 -9999 -9999 -9999 -9999 -9999 -9999 -9999 -9999 -9999 -9999 -9999 -9999 -9999 -9999 -9999 -9999 -9999 -9999 -9999 -9999 -9999 -9999 43040.1 42953.23 42866.42 42779.67 42692.97 42606.34 42519.76 42433.24 42346.78 42260.38 42174.04 42087.77 42001.55 41915.39 41829.3 41743.26 41657.29 41571.38 41485.54 41399.76 41314.04 41228.39 41142.8 41057.28 40971.82 40886.43 40801.1 40715.84 40630.65 40545.53 40460.47 40375.49 40290.57
-9999 -9999 -9999 -9999 -9999 -9999 -9999 -9999 -9999 -9999 -9999 -9999 -9999 -9999 -9999 -9999 -9999 -9999 -9999 -9999 -9999 -9999 -9999 -9999 -9999 -9999 -9999 -9999 -9999 -9999 -9999 -9999 42990.7 42903.73 42816.82 42729.96 42643.17 42556.43 42469.75 42383.13 42296.57 42210.07 42123.63 42037.25 41950.92 41864.66 41778.46 41692.32 41606.25 41520.23 41434.29 41348.4 41262.57 41176.81 41091.12 41005.49 40919.92 40834.42 40748.99 40663.62 40578.32 40493.09 40407.92 40322.82 40237.79
