InputData/dist_2.txt
ncols         305
nrows         346
xllcorner     527731.86726915
yllcorner     8223679.8627344
cellsize      100
NODATA_value  -9999
[rows 90 to 119 of 346, columns 69 to 137 of 305]
35232.09 35159.21 35086.46 35013.86 34941.38 34869.04 34796.84 34724.77 34652.85 34581.06 34509.42 34437.91 34366.55 34295.34 34224.26 34153.33 34082.55 34011.91 33941.13 33870.49 33799.7 33729.07 33658.28 33587.65 33516.86 33446.23 33375.44 33304.8 33234.32 33163.99 33093.8 33023.78 32953.91 32884.19 32814.63 32745.23 32675.98 32606.9 32537.98 32469.22 32400.62 32332.18 32263.91 32195.81 32127.87 32060.1 31992.5 31925.07 31857.81 31790.72 31723.81 31657.07 31590.51 31524.12 31457.91 31391.88 31326.03 -9999 -9999 -9999 -9999 -9999 -9999 -9999 -9999 -9999 -9999 -9999 -9999
35163.76 35090.74 35017.85 34945.1 34872.48 34800 34727.66 34655.45 34583.38 34511.45 34439.66 34368.01 34296.5 34225.14 34153.92 34082.84 34011.91 33941.13 33870.49 33799.7 33729.07 33658.28 33587.65 33516.86 33446.23 33375.44 33304.8 33234.02 33163.38 33092.9 33022.57 32952.39 32882.37 32812.5 32742.79 32673.23 32603.83 32534.6 32465.52 32396.61 32327.85 32259.26 32190.84 32122.58 32054.48 31986.56 31918.8 31851.22 31783.8 31716.56 31649.49 31582.59 31515.87 31449.32 31382.96 31316.77 31250.76 31184.93 -9999 -9999 -9999 -9999 -9999 -9999 -9999 -9999 -9999 -9999 -9999
35095.58 35022.42 34949.39 34876.5 34803.73 34731.11 34658.62 34586.27 34514.05 34441.98 34370.05 34298.25 34226.6 34155.09 34083.72 34012.5 33941.42 33870.49 33799.7 33729.07 33658.28 33587.65 33516.86 33446.23 33375.44 33304.8 33234.02 33163.38 33092.6 33021.96 32951.48 32881.15 32810.97 32740.95 32671.09 32601.38 32531.83 32462.44 32393.21 32324.14 32255.23 32186.49 32117.91 32049.49 31981.24 31913.16 31845.25 31777.51 31709.94 31642.54 31575.31 31508.25 31441.37 31374.67 31308.15 31241.8 31175.63 31109.64 31043.84 -9999 -9999 -9999 -9999 -9999 -9999 -9999 -9999 -9999 -9999
35027.56 34954.25 34881.08 34808.05 34735.14 34662.37 34589.74 34517.24 34444.88 34372.66 34300.58 34228.64 34156.84 34085.19 34013.67 33942.3 33871.08 33800 33729.07 33658.28 33587.65 33516.86 33446.23 33375.44 33304.8 33234.02 33163.38 33092.6 33021.96 32951.18 32880.54 32810.06 32739.73 32669.56 32599.54 32529.68 32459.97 32390.43 32321.04 32251.82 32182.76 32113.86 32045.13 31976.55 31908.15 31839.91 31771.84 31703.94 31636.21 31568.66 31501.27 31434.06 31367.02 31300.16 31233.48 31166.97 31100.64 31034.5 30968.53 -9999 -9999 -9999 -9999 -9999 -9999 -9999 -9999 -9999 -9999
34959.69 34886.24 34812.93 34739.75 34666.7 34593.79 34521.01 34448.37 34375.86 34303.5 34231.27 34159.19 34087.24 34015.44 33943.78 33872.26 33800.89 33729.66 33658.58 33587.65 33516.86 33446.23 33375.44 33304.8 33234.02 33163.38 33092.6 33021.96 32951.18 32880.54 32809.75 32739.12 32668.64 32598.31 32528.14 32458.13 32388.27 32318.57 32249.03 32179.65 32110.43 32041.38 31972.49 31903.76 31835.2 31766.81 31698.58 31630.52 31562.64 31494.92 31427.38 31360.01 31292.81 31225.79 31158.95 31092.28 31025.79 30959.49 30893.37 30827.42 -9999 -9999 -9999 -9999 -9999 -9999 -9999 -9999 -9999
34891.98 34818.39 34744.93 34671.6 34598.41 34525.35 34452.43 34379.64 34307 34234.48 34162.11 34089.88 34017.79 33945.84 33874.03 33802.37 33730.85 33659.47 33588.24 33517.16 33446.23 33375.44 33304.8 33234.02 33163.38 33092.6 33021.96 32951.18 32880.54 32809.75 32739.12 32668.33 32597.7 32527.22 32456.89 32386.73 32316.71 32246.86 32177.17 32107.63 32038.26 31969.05 31900 31831.12 31762.4 31693.85 31625.46 31557.25 31489.21 31421.33 31353.63 31286.1 31218.74 31151.56 31084.56 31017.74 30951.09 30884.62 30818.34 30752.24 30686.32 -9999 -9999 -9999 -9999 -9999 -9999 -9999 -9999
34824.42 34750.68 34677.08 34603.61 34530.28 34457.07 34384.01 34311.08 34238.28 34165.63 34093.11 34020.73 33948.49 33876.39 33804.44 33732.63 33660.96 33589.43 33518.05 33446.82 33375.74 33304.8 33234.02 33163.38 33092.6 33021.96 32951.18 32880.54 32809.75 32739.12 32668.33 32597.7 32526.91 32456.28 32385.8 32315.48 32245.31 32175.3 32105.45 32035.76 31966.23 31896.87 31827.66 31758.62 31689.75 31621.04 31552.5 31484.12 31415.92 31347.89 31280.03 31212.34 31144.82 31077.48 31010.32 30943.34 30876.53 30809.9 30743.46 30677.19 30611.11 30545.21 -9999 -9999 -9999 -9999 -9999 -9999 -9999
34757.02 34683.14 34609.39 34535.78 34462.3 34388.95 34315.74 34242.66 34169.72 34096.92 34024.26 33951.73 33879.34 33807.1 33735 33663.04 33591.22 33519.55 33448.02 33376.64 33305.41 33234.32 33163.38 33092.6 33021.96 32951.18 32880.54 32809.75 32739.12 32668.33 32597.7 32526.91 32456.28 32385.49 32314.86 32244.38 32174.06 32103.89 32033.89 31964.04 31894.36 31824.83 31755.47 31686.28 31617.24 31548.38 31479.68 31411.14 31342.78 31274.59 31206.57 31138.72 31071.05 31003.55 30936.22 30869.08 30802.11 30735.32 30668.71 30602.29 30536.04 30469.98 30404.11 -9999 -9999 -9999 -9999 -9999 -9999
34689.77 34615.75 34541.86 34468.1 34394.48 34320.98 34247.63 34174.41 34101.32 34028.37 33955.56 33882.89 33810.35 33737.96 33665.71 33593.6 33521.64 33449.81 33378.14 33306.61 33235.22 33163.99 33092.9 33021.96 32951.18 32880.54 32809.75 32739.12 32668.33 32597.7 32526.91 32456.28 32385.49 32314.86 32244.07 32173.44 32102.96 32032.64 31962.48 31892.48 31822.63 31752.95 31683.43 31614.08 31544.89 31475.86 31407.01 31338.31 31269.79 31201.44 31133.26 31065.25 30997.42 30929.76 30862.28 30794.97 30727.84 30660.89 30594.12 30527.53 30461.12 30394.9 30328.86 30263.01 -9999 -9999 -9999 -9999 -9999
34622.68 34548.52 34474.48 34400.58 34326.81 34253.18 34179.67 34106.3 34033.07 33959.98 33887.02 33814.2 33741.52 33668.98 33596.58 33524.32 33452.2 33380.23 33308.41 33236.73 33165.19 33093.8 33022.57 32951.48 32880.54 32809.75 32739.12 32668.33 32597.7 32526.91 32456.28 32385.49 32314.86 32244.07 32173.44 32102.65 32032.02 31961.54 31891.22 31821.06 31751.06 31681.22 31611.55 31542.04 31472.69 31403.5 31334.49 31265.64 31196.96 31128.44 31060.1 30991.93 30923.94 30856.12 30788.47 30721 30653.71 30586.6 30519.67 30452.91 30386.35 30319.96 30253.76 30187.75 -9999 -9999 -9999 -9999 -9999
34555.75 34481.45 34407.27 34333.22 34259.3 34185.52 34111.88 34038.36 33964.98 33891.74 33818.63 33745.67 33672.84 33600.15 33527.6 33455.2 33382.93 33310.81 33238.83 33167 33095.32 33023.78 32952.39 32881.15 32810.06 32739.12 32668.33 32597.7 32526.91 32456.28 32385.49 32314.86 32244.07 32173.44 32102.65 32032.02 31961.23 31890.59 31820.12 31749.8 31679.65 31609.65 31539.82 31470.14 31400.64 31331.29 31262.12 31193.11 31124.27 31055.6 30987.09 30918.76 30850.61 30782.63 30714.82 30647.19 30579.73 30512.46 30445.36 30378.45 30311.71 30245.16 30178.8 30112.62 30046.63 -9999 -9999 -9999 -9999
34488.98 34414.53 34340.21 34266.02 34191.96 34118.03 34044.23 33970.57 33897.05 33823.66 33750.41 33677.29 33604.32 33531.48 33458.78 33386.23 33313.81 33241.54 33169.41 33097.43 33025.6 32953.91 32882.37 32810.97 32739.73 32668.64 32597.7 32526.91 32456.28 32385.49 32314.86 32244.07 32173.44 32102.65 32032.02 31961.23 31890.59 31819.8 31749.17 31678.7 31608.38 31538.23 31468.24 31398.41 31328.74 31259.24 31189.9 31120.73 31051.73 30982.9 30914.24 30845.75 30777.43 30709.28 30641.31 30573.52 30505.9 30438.46 30371.2 30304.13 30237.23 30170.52 30103.99 30037.64 29971.49 29905.52 -9999 -9999 -9999
34422.38 34347.78 34273.31 34198.98 34124.77 34050.7 33976.76 33902.95 33829.28 33755.74 33682.34 33609.07 33535.95 33462.96 33390.12 33317.41 33244.85 33172.43 33100.15 33028.02 32956.03 32884.19 32812.5 32740.95 32669.56 32598.31 32527.22 32456.28 32385.49 32314.86 32244.07 32173.44 32102.65 32032.02 31961.23 31890.59 31819.8 31749.17 31678.38 31607.75 31537.28 31466.97 31396.81 31326.83 31257 31187.34 31117.84 31048.51 30979.35 30910.35 30841.53 30772.88 30704.4 30636.09 30567.96 30500 30432.22 30364.62 30297.2 30229.95 30162.89 30096.01 30029.32 29962.81 29896.49 29830.35 29764.41 -9999 -9999
34355.93 34281.19 34206.58 34132.1 34057.75 33983.53 33909.44 33835.48 33761.66 33687.98 33614.43 33541.02 33467.75 33394.61 33321.61 33248.76 33176.05 33103.47 33031.05 32958.76 32886.63 32814.63 32742.79 32671.09 32599.54 32528.14 32456.89 32385.8 32314.86 32244.07 32173.44 32102.65 32032.02 31961.23 31890.59 31819.8 31749.17 31678.38 31607.75 31536.96 31466.33 31395.86 31325.55 31255.4 31185.41 31115.59 31045.93 30976.44 30907.12 30837.96 30768.98 30700.16 30631.52 30563.05 30494.75 30426.63 30358.69 30290.92 30223.34 30155.93 30088.7 30021.66 29954.8 29888.13 29821.64 29755.34 29689.22 29623.3 -9999
34289.65 34214.76 34140 34065.38 33990.88 33916.52 33842.28 33768.18 33694.21 33620.38 33546.68 33473.13 33399.7 33326.41 33253.27 33180.27 33107.4 33034.68 32962.1 32889.66 32817.38 32745.23 32673.23 32601.38 32529.68 32458.13 32386.73 32315.48 32244.38 32173.44 32102.65 32032.02 31961.23 31890.59 31819.8 31749.17 31678.38 31607.75 31536.96 31466.33 31395.54 31324.91 31254.44 31184.13 31113.98 31044 30974.18 30904.53 30835.04 30765.73 30696.58 30627.6 30558.79 30490.16 30421.7 30353.42 30285.31 30217.38 30149.63 30082.05 30014.66 29947.45 29880.43 29813.59 29746.93 29680.46 29614.19 29548.1 29482.2
34223.53 34148.5 34073.6 33998.82 33924.18 33849.67 33775.29 33701.04 33626.92 33552.94 33479.1 33405.39 33331.82 33258.38 33185.09 33111.93 33038.92 32966.04 32893.31 32820.73 32748.28 32675.98 32603.83 32531.83 32459.97 32388.27 32316.71 32245.31 32174.06 32102.96 32032.02 31961.23 31890.59 31819.8 31749.17 31678.38 31607.75 31536.96 31466.33 31395.54 31324.91 31254.12 31183.49 31113.02 31042.71 30972.57 30902.59 30832.78 30763.13 30693.65 30624.34 30555.2 30486.23 30417.43 30348.8 30280.36 30212.08 30143.99 30076.07 30008.33 29940.78 29873.4 29806.21 29739.2 29672.38 29605.74 29539.29 29473.04 29406.97
34157.57 34082.4 34007.35 33932.43 33857.64 33782.98 33708.46 33634.06 33559.8 33485.67 33411.68 33337.82 33264.09 33190.51 33117.07 33043.76 32970.59 32897.57 32824.69 32751.95 32679.35 32606.9 32534.6 32462.44 32390.43 32318.57 32246.86 32175.3 32103.89 32032.64 31961.54 31890.59 31819.8 31749.17 31678.38 31607.75 31536.96 31466.33 31395.54 31324.91 31254.12 31183.49 31112.7 31042.07 30971.6 30901.29 30831.15 30761.18 30691.37 30621.72 30552.25 30482.95 30413.81 30344.85 30276.06 30207.45 30139.01 30070.75 30002.67 29934.76 29867.04 29799.5 29732.14 29664.96 29597.97 29531.17 29464.55 29398.13 29331.89
34091.79 34016.46 33941.27 33866.21 33791.27 33716.46 33641.79 33567.25 33492.84 33418.56 33344.41 33270.41 33196.54 33122.8 33049.21 32975.75 32902.43 32829.25 32756.22 32683.33 32610.58 32537.98 32465.52 32393.21 32321.04 32249.03 32177.17 32105.45 32033.89 31962.48 31891.22 31820.12 31749.17 31678.38 31607.75 31536.96 31466.33 31395.54 31324.91 31254.12 31183.49 31112.7 31042.07 30971.28 30900.65 30830.18 30759.88 30689.74 30619.77 30549.96 30480.32 30410.85 30341.55 30272.43 30203.48 30134.7 30066.09 29997.67 29929.42 29861.35 29793.46 29725.75 29658.22 29590.88 29523.72 29456.75 29389.96 29323.37 29256.96
34026.17 33950.7 33875.36 33800.15 33725.07 33650.11 33575.29 33500.6 33426.04 33351.61 33277.32 33203.16 33129.14 33055.26 32981.51 32907.9 32834.43 32761.11 32687.92 32614.87 32541.97 32469.22 32396.61 32324.14 32251.82 32179.65 32107.63 32035.76 31964.04 31892.48 31821.06 31749.8 31678.7 31607.75 31536.96 31466.33 31395.54 31324.91 31254.12 31183.49 31112.7 31042.07 30971.28 30900.65 30829.86 30759.23 30688.76 30618.46 30548.32 30478.35 30408.55 30338.92 30269.46 30200.17 30131.05 30062.1 29993.33 29924.74 29856.32 29788.08 29720.03 29652.15 29584.46 29516.94 29449.62 29382.48 29315.53 29248.76 29182.19
33960.71 33885.1 33809.61 33734.25 33659.03 33583.93 33508.95 33434.11 33359.41 33284.83 33210.39 33136.08 33061.91 32987.88 32913.98 32840.22 32766.6 32693.12 32619.78 32546.58 32473.53 32400.62 32327.85 32255.23 32182.76 32110.43 32038.26 31966.23 31894.36 31822.63 31751.06 31679.65 31608.38 31537.28 31466.33 31395.54 31324.91 31254.12 31183.49 31112.7 31042.07 30971.28 30900.65 30829.86 30759.23 30688.43 30617.8 30547.34 30477.04 30406.91 30336.94 30267.14 30197.52 30128.06 30058.78 29989.66 29920.73 29851.97 29783.38 29714.98 29646.75 29578.71 29510.85 29443.17 29375.67 29308.36 29241.24 29174.3 29107.56
33895.43 33819.67 33744.04 33668.53 33593.15 33517.91 33442.79 33367.8 33292.94 33218.22 33143.63 33069.17 32994.85 32920.66 32846.61 32772.7 32698.93 32625.3 32551.8 32478.46 32405.25 32332.18 32259.26 32186.49 32113.86 32041.38 31969.05 31896.87 31824.83 31752.95 31681.22 31609.65 31538.23 31466.97 31395.86 31324.91 31254.12 31183.49 31112.7 31042.07 30971.28 30900.65 30829.86 30759.23 30688.43 30617.8 30547.01 30476.38 30405.92 30335.62 30265.49 30195.53 30125.74 30056.11 29986.66 29917.39 29848.28 29779.36 29710.6 29642.03 29573.64 29505.42 29437.39 29369.54 29301.88 29234.4 29167.11 29100 29033.08
33829.28 33754.41 33678.63 33602.98 33527.45 33452.05 33376.79 33301.65 33226.64 33151.77 33077.03 33002.43 32927.95 32853.61 32779.41 32705.35 32631.43 32557.64 32484 32410.49 32337.13 32263.91 32190.84 32117.91 32045.13 31972.49 31900 31827.66 31755.47 31683.43 31611.55 31539.82 31468.24 31396.81 31325.55 31254.44 31183.49 31112.7 31042.07 30971.28 30900.65 30829.86 30759.23 30688.43 30617.8 30547.01 30476.38 30405.59 30334.96 30264.5 30194.21 30124.08 30054.12 29984.33 29914.71 29845.27 29776 29706.9 29637.98 29569.24 29500.68 29432.29 29364.09 29296.07 29228.24 29160.59 29093.13 29025.85 28958.76
33761.66 33687.98 33613.39 33537.59 33461.92 33386.38 33310.96 33235.67 33160.52 33085.5 33010.61 32935.85 32861.22 32786.73 32712.38 32638.17 32564.09 32490.15 32416.35 32342.7 32269.18 32195.81 32122.58 32049.49 31976.55 31903.76 31831.12 31758.62 31686.28 31614.08 31542.04 31470.14 31398.41 31326.83 31255.4 31184.13 31113.02 31042.07 30971.28 30900.65 30829.86 30759.23 30688.43 30617.8 30547.01 30476.38 30405.59 30334.96 30264.17 30193.54 30123.08 30052.79 29982.66 29912.71 29842.92 29773.31 29703.87 29634.61 29565.52 29496.61 29427.88 29359.33 29290.96 29222.77 29154.76 29086.94 29019.3 28951.86 28884.6
33694.21 33620.38 33546.68 33472.38 33396.56 33320.86 33245.3 33169.87 33094.56 33019.39 32944.35 32869.44 32794.66 32720.03 32645.52 32571.15 32496.92 32422.83 32348.88 32275.07 32201.4 32127.87 32054.48 31981.24 31908.15 31835.2 31762.4 31689.75 31617.24 31544.89 31472.69 31400.64 31328.74 31257 31185.41 31113.98 31042.71 30971.6 30900.65 30829.86 30759.23 30688.43 30617.8 30547.01 30476.38 30405.59 30334.96 30264.17 30193.54 30122.75 30052.12 29981.66 29911.37 29841.25 29771.29 29701.52 29631.91 29562.48 29493.22 29424.14 29355.24 29286.52 29217.97 29149.61 29081.44 29013.45 28945.64 28878.02 28810.59
33626.92 33552.94 33479.1 33405.39 33331.37 33255.53 33179.81 33104.23 33028.77 32953.45 32878.26 32803.2 32728.28 32653.48 32578.83 32504.31 32429.92 32355.68 32281.57 32207.61 32133.78 32060.1 31986.56 31913.16 31839.91 31766.81 31693.85 31621.04 31548.38 31475.86 31403.5 31331.29 31259.24 31187.34 31115.59 31044 30972.57 30901.29 30830.18 30759.23 30688.43 30617.8 30547.01 30476.38 30405.59 30334.96 30264.17 30193.54 30122.75 30052.12 29981.33 29910.7 29840.24 29769.95 29699.83 29629.88 29560.11 29490.51 29421.08 29351.83 29282.76 29213.87 29145.15 29076.62 29008.28 28940.11 28872.13 28804.34 28736.74
33559.8 33485.67 33411.68 33337.82 33264.09 33190.36 33114.5 33038.77 32963.16 32887.69 32812.34 32737.13 32662.06 32587.11 32512.3 32437.63 32363.1 32288.7 32214.44 32140.32 32066.34 31992.5 31918.8 31845.25 31771.84 31698.58 31625.46 31552.5 31479.68 31407.01 31334.49 31262.12 31189.9 31117.84 31045.93 30974.18 30902.59 30831.15 30759.88 30688.76 30617.8 30547.01 30476.38 30405.59 30334.96 30264.17 30193.54 30122.75 30052.12 29981.33 29910.7 29839.91 29769.28 29698.82 29628.53 29558.42 29488.47 29418.7 29349.11 29279.69 29210.44 29141.38 29072.5 29003.79 28935.27 28866.94 28798.79 28730.82 28663.04
33492.84 33418.56 33344.41 33270.41 33196.54 33122.8 33049.21 32973.47 32897.72 32822.1 32746.6 32671.24 32596.01 32520.92 32445.96 32371.13 32296.44 32221.89 32147.47 32073.2 31999.06 31925.07 31851.22 31777.51 31703.94 31630.52 31557.25 31484.12 31411.14 31338.31 31265.64 31193.11 31120.73 31048.51 30976.44 30904.53 30832.78 30761.18 30689.74 30618.46 30547.34 30476.38 30405.59 30334.96 30264.17 30193.54 30122.75 30052.12 29981.33 29910.7 29839.91 29769.28 29698.48 29627.86 29557.4 29487.12 29417 29347.06 29277.29 29207.71 29138.29 29069.06 29000 28931.13 28862.43 28793.92 28725.6 28657.46 28589.51
33426.04 33351.61 33277.32 33203.16 33129.14 33055.26 32981.51 32907.9 32832.45 32756.68 32681.04 32605.52 32530.14 32454.89 32379.78 32304.8 32229.96 32155.25 32080.68 32006.25 31931.96 31857.81 31783.8 31709.94 31636.21 31562.64 31489.21 31415.92 31342.78 31269.79 31196.96 31124.27 31051.73 30979.35 30907.12 30835.04 30763.13 30691.37 30619.77 30548.32 30477.04 30405.92 30334.96 30264.17 30193.54 30122.75 30052.12 29981.33 29910.7 29839.91 29769.28 29698.48 29627.86 29557.06 29486.44 29415.98 29345.7 29275.59 29205.65 29135.89 29066.3 28996.9 28927.67 28858.62 28789.76 28721.07 28652.57 28584.26 28516.14
33359.41 33284.83 33210.39 33136.08 33061.91 32987.88 32913.98 32840.22 32766.6 32691.44 32615.64 32539.97 32464.44 32389.04 32313.77 32238.64 32163.64 32088.78 32014.06 31939.47 31865.03 31790.72 31716.56 31642.54 31568.66 31494.92 31421.33 31347.89 31274.59 31201.44 31128.44 31055.6 30982.9 30910.35 30837.96 30765.73 30693.65 30621.72 30549.96 30478.35 30406.91 30335.62 30264.5 30193.54 30122.75 30052.12 29981.33 29910.7 29839.91 29769.28 29698.48 29627.86 29557.06 29486.44 29415.64 29345.02 29274.56 29204.28 29134.17 29064.24 28994.48 28924.9 28855.5 28786.28 28717.24 28648.38 28579.71 28511.23 28442.93
33292.94 33218.22 33143.63 33069.17 32994.85 32920.66 32846.61 32772.7 32698.93 32625.3 32550.42 32474.61 32398.92 32323.37 32247.95 32172.66 32097.51 32022.49 31947.61 31872.87 31798.27 31723.81 31649.49 31575.31 31501.27 31427.38 31353.63 31280.03 31206.57 31133.26 31060.1 30987.09 30914.24 30841.53 30768.98 30696.58 30624.34 30552.25 30480.32 30408.55 30336.94 30265.49 30194.21 30123.08 30052.12 29981.33 29910.7 29839.91 29769.28 29698.48 29627.86 29557.06 29486.44 29415.64 29345.02 29274.22 29203.6 29133.14 29062.86 28992.76 28922.83 28853.08 28783.5 28714.11 28644.89 28575.86 28507.02 28438.35 28369.88
