InputData/dist_15.txt
ncols         179
nrows         191
xllcorner     511130.79369993
yllcorner     8186024.366672
cellsize      100
NODATA_value  -9999
[rows 87 to 115 of 191, columns 0 to 65 of 179]
-9999 -9999 -9999 -9999 -9999 -9999 -9999 -9999 -9999 -9999 -9999 -9999 -9999 -9999 -9999 -9999 -9999 -9999 -9999 -9999 -9999 -9999 -9999 34251.13 34173.82 34096.63 34019.55 33942.6 33865.77 33789.05 33712.46 33635.99 33559.65 33483.43 33407.34 33331.37 33255.53 33179.81 33104.23 33028.77 32953.45 32878.26 32803.2 32728.28 32653.48 32578.83 32504.31 32429.92 32355.68 32281.57 32207.61 32133.78 32060.1 31986.56 31913.16 31839.91 31766.81 31693.85 31621.04 31548.38 31475.86 31403.5 31331.29 31259.24 31187.34 31115.59
-9999 -9999 -9999 -9999 -9999 -9999 -9999 -9999 -9999 -9999 -9999 -9999 -9999 -9999 -9999 -9999 -9999 -9999 -9999 -9999 -9999 -9999 -9999 34187.86 34110.41 34033.07 33955.86 33878.75 33801.77 33724.92 33648.18 33571.57 33495.07 33418.71 33342.46 33266.35 33190.36 33114.5 33038.77 32963.16 32887.69 32812.34 32737.13 32662.06 32587.11 32512.3 32437.63 32363.1 32288.7 32214.44 32140.32 32066.34 31992.5 31918.8 31845.25 31771.84 31698.58 31625.46 31552.5 31479.68 31407.01 31334.49 31262.12 31189.9 31117.84 31045.93
-9999 -9999 -9999 -9999 -9999 -9999 -9999 -9999 -9999 -9999 -9999 -9999 -9999 -9999 -9999 -9999 -9999 -9999 -9999 -9999 -9999 -9999 34202.48 34124.77 34047.17 33969.69 33892.33 33815.09 33737.96 33660.96 33584.07 33507.31 33430.68 33354.16 33277.77 33201.51 33125.37 33049.36 32973.47 32897.72 32822.1 32746.6 32671.24 32596.01 32520.92 32445.96 32371.13 32296.44 32221.89 32147.47 32073.2 31999.06 31925.07 31851.22 31777.51 31703.94 31630.52 31557.25 31484.12 31411.14 31338.31 31265.64 31193.11 31120.73 31048.51 30976.44
-9999 -9999 -9999 -9999 -9999 -9999 -9999 -9999 -9999 -9999 -9999 -9999 -9999 -9999 -9999 -9999 -9999 -9999 -9999 -9999 -9999 -9999 34139.71 34061.86 33984.11 33906.49 33828.98 33751.59 33674.32 33597.17 33520.14 33443.23 33366.45 33289.79 33213.25 33136.84 33060.55 32984.39 32908.36 32832.45 32756.68 32681.04 32605.52 32530.14 32454.89 32379.78 32304.8 32229.96 32155.25 32080.68 32006.25 31931.96 31857.81 31783.8 31709.94 31636.21 31562.64 31489.21 31415.92 31342.78 31269.79 31196.96 31124.27 31051.73 30979.35 30907.12
-9999 -9999 -9999 -9999 -9999 -9999 -9999 -9999 -9999 -9999 -9999 -9999 -9999 -9999 -9999 -9999 -9999 -9999 -9999 -9999 -9999 -9999 34077.12 33999.12 33921.23 33843.46 33765.81 33688.28 33610.86 33533.57 33456.39 33379.34 33302.4 33225.59 33148.91 33072.34 32995.91 32919.6 32843.42 32767.36 32691.44 32615.64 32539.97 32464.44 32389.04 32313.77 32238.64 32163.64 32088.78 32014.06 31939.47 31865.03 31790.72 31716.56 31642.54 31568.66 31494.92 31421.33 31347.89 31274.59 31201.44 31128.44 31055.6 30982.9 30910.35 30837.96
-9999 -9999 -9999 -9999 -9999 -9999 -9999 -9999 -9999 -9999 -9999 -9999 -9999 -9999 -9999 -9999 -9999 -9999 -9999 -9999 -9999 -9999 34014.7 33936.56 33858.53 33780.62 33702.82 33625.14 33547.58 33470.14 33392.81 33315.61 33238.53 33161.57 33084.74 33008.03 32931.45 32854.98 32778.65 32702.45 32626.37 32550.42 32474.61 32398.92 32323.37 32247.95 32172.66 32097.51 32022.49 31947.61 31872.87 31798.27 31723.81 31649.49 31575.31 31501.27 31427.38 31353.63 31280.03 31206.57 31133.26 31060.1 30987.09 30914.24 30841.53 30768.98
-9999 -9999 -9999 -9999 -9999 -9999 -9999 -9999 -9999 -9999 -9999 -9999 -9999 -9999 -9999 -9999 -9999 -9999 -9999 -9999 -9999 -9999 33952.46 33874.18 33796 33717.95 33640.01 33562.18 33484.47 33406.89 33329.42 33252.07 33174.84 33097.73 33020.75 32943.89 32867.16 32790.55 32714.06 32637.71 32561.48 32485.38 32409.41 32333.57 32257.87 32182.29 32106.85 32031.55 31956.38 31881.34 31806.45 31731.69 31657.07 31582.59 31508.25 31434.06 31360.01 31286.1 31212.34 31138.72 31065.25 30991.93 30918.76 30845.75 30772.88 30700.16
-9999 -9999 -9999 -9999 -9999 -9999 -9999 -9999 -9999 -9999 -9999 -9999 -9999 -9999 -9999 -9999 -9999 -9999 -9999 -9999 -9999 33968.96 33890.41 33811.98 33733.66 33655.46 33577.38 33499.4 33421.55 33343.82 33266.2 33188.7 33111.33 33034.07 32956.94 32879.93 32803.05 32726.29 32649.66 32573.15 32496.77 32420.52 32344.4 32268.41 32192.54 32116.82 32041.22 31965.76 31890.44 31815.25 31740.2 31665.28 31590.51 31515.87 31441.37 31367.02 31292.81 31218.74 31144.82 31071.05 30997.42 30923.94 30850.61 30777.43 30704.4 30631.52
-9999 -9999 -9999 -9999 -9999 -9999 -9999 -9999 -9999 -9999 -9999 -9999 -9999 -9999 -9999 -9999 -9999 -9999 -9999 -9999 -9999 33907.23 33828.54 33749.96 33671.5 33593.15 33514.92 33436.8 33358.81 33280.93 33203.16 33125.52 33048 32970.59 32893.31 32816.16 32739.12 32662.21 32585.43 32508.77 32432.24 32355.83 32279.56 32203.42 32127.4 32051.52 31975.77 31900.16 31824.68 31749.33 31674.12 31599.05 31524.12 31449.32 31374.67 31300.16 31225.79 31151.56 31077.48 31003.55 30929.76 30856.12 30782.63 30709.28 30636.09 30563.05
-9999 -9999 -9999 -9999 -9999 -9999 -9999 -9999 -9999 -9999 -9999 -9999 -9999 -9999 -9999 -9999 -9999 -9999 -9999 -9999 33924.62 33845.68 33766.85 33688.13 33609.52 33531.03 33452.65 33374.39 33296.25 33218.22 33140.31 33062.52 32984.84 32907.29 32829.86 32752.56 32675.37 32598.31 32521.38 32444.57 32367.88 32291.33 32214.9 32138.61 32062.44 31986.4 31910.5 31834.73 31759.09 31683.59 31608.23 31533 31457.91 31382.96 31308.15 31233.48 31158.95 31084.56 31010.32 30936.22 30862.28 30788.47 30714.82 30641.31 30567.96 30494.75
-9999 -9999 -9999 -9999 -9999 -9999 -9999 -9999 -9999 -9999 -9999 -9999 -9999 -9999 -9999 -9999 -9999 -9999 -9999 33942.6 33863.4 33784.32 33705.34 33626.48 33547.73 33469.09 33390.57 33312.16 33233.87 33155.69 33077.64 32999.7 32921.88 32844.18 32766.6 32689.14 32611.81 32534.6 32457.51 32380.55 32303.71 32227.01 32150.43 32073.98 31997.66 31921.47 31845.41 31769.48 31693.69 31618.03 31542.51 31467.13 31391.88 31316.77 31241.8 31166.97 31092.28 31017.74 30943.34 30869.08 30794.97 30721 30647.19 30573.52 30500 30426.63
-9999 -9999 -9999 -9999 -9999 -9999 -9999 -9999 -9999 -9999 -9999 -9999 -9999 -9999 -9999 -9999 -9999 -9999 -9999 33881.71 33802.37 33723.14 33644.02 33565.01 33486.12 33407.34 33328.67 33250.11 33171.68 33093.35 33015.15 32937.06 32859.09 32781.25 32703.52 32625.91 32548.43 32471.06 32393.83 32316.71 32239.73 32162.87 32086.13 32009.53 31933.05 31856.71 31780.5 31704.42 31628.47 31552.65 31476.98 31401.43 31326.03 31250.76 31175.63 31100.64 31025.79 30951.09 30876.53 30802.11 30727.84 30653.71 30579.73 30505.9 30432.22 30358.69
-9999 -9999 -9999 -9999 -9999 -9999 -9999 -9999 -9999 -9999 -9999 -9999 -9999 -9999 -9999 -9999 -9999 -9999 33900.59 33821 33741.52 33662.14 33582.88 33503.73 33424.69 33345.77 33266.95 33188.25 33109.67 33031.2 32952.84 32874.61 32796.49 32718.5 32640.62 32562.86 32485.23 32407.71 32330.33 32253.06 32175.92 32098.91 32022.02 31945.27 31868.64 31792.14 31715.77 31639.53 31563.43 31487.46 31411.62 31335.92 31260.36 31184.93 31109.64 31034.5 30959.49 30884.62 30809.9 30735.32 30660.89 30586.6 30512.46 30438.46 30364.62 30290.92
-9999 -9999 -9999 -9999 -9999 -9999 -9999 -9999 -9999 -9999 -9999 -9999 -9999 -9999 -9999 -9999 34000 33920.05 33840.21 33760.48 33680.86 33601.34 33521.93 33442.64 33363.45 33284.38 33205.42 33126.57 33047.84 32969.23 32890.73 32812.34 32734.08 32655.93 32577.91 32500 32422.21 32344.55 32267.01 32189.59 32112.3 32035.14 31958.1 31881.19 31804.4 31727.75 31651.22 31574.83 31498.57 31422.44 31346.45 31270.59 31194.87 31119.29 31043.84 30968.53 30893.37 30818.34 30743.46 30668.71 30594.12 30519.67 30445.36 30371.2 30297.2 30223.34
-9999 -9999 -9999 -9999 -9999 -9999 -9999 -9999 -9999 -9999 -9999 -9999 -9999 -9999 -9999 34020.29 33940.09 33860.01 33780.02 33700.15 33620.38 33540.72 33461.17 33381.73 33302.4 33223.18 33144.08 33065.09 32986.21 32907.45 32828.8 32750.27 32671.85 32593.56 32515.38 32437.32 32359.39 32281.57 32203.88 32126.31 32048.87 31971.55 31894.36 31817.29 31740.35 31663.54 31586.87 31510.32 31433.9 31357.62 31281.46 31205.45 31129.57 31053.82 30978.22 30902.75 30827.42 30752.24 30677.19 30602.29 30527.53 30452.91 30378.45 30304.13 30229.95 30155.93
-9999 -9999 -9999 -9999 -9999 -9999 -9999 -9999 -9999 -9999 -9999 -9999 -9999 -9999 34041.15 33960.71 33880.38 33800.15 33720.02 33640.01 33560.09 33480.29 33400.6 33321.02 33241.54 33162.18 33082.93 33003.79 32924.76 32845.85 32767.06 32688.38 32609.81 32531.37 32453.04 32374.84 32296.75 32218.78 32140.94 32063.22 31985.62 31908.15 31830.8 31753.58 31676.49 31599.53 31522.69 31445.99 31369.41 31292.97 31216.66 31140.49 31064.45 30988.55 30912.78 30837.15 30761.66 30686.32 30611.11 30536.04 30461.12 30386.35 30311.71 30237.23 30162.89 30088.7
-9999 -9999 -9999 -9999 -9999 -9999 -9999 -9999 -9999 -9999 -9999 -9999 -9999 34062.59 33981.91 33901.33 33820.85 33740.48 33660.21 33580.05 33500 33420.05 33340.21 33260.49 33180.87 33101.36 33021.96 32942.68 32863.5 32784.45 32705.5 32626.68 32547.96 32469.37 32390.89 32312.54 32234.3 32156.18 32078.19 32000.31 31922.56 31844.94 31767.44 31690.06 31612.81 31535.69 31458.7 31381.84 31305.11 31228.51 31152.05 31075.71 30999.52 30923.45 30847.53 30771.74 30696.09 30620.58 30545.21 30469.98 30394.9 30319.96 30245.16 30170.52 30096.01 30021.66
-9999 -9999 -9999 -9999 -9999 -9999 -9999 -9999 -9999 -9999 -9999 34165.63 34084.6 34003.68 33922.86 33842.13 33761.52 33681 33600.59 33520.29 33440.09 33360.01 33280.02 33200.15 33120.39 33040.73 32961.19 32881.76 32802.44 32723.23 32644.14 32565.17 32486.3 32407.56 32328.93 32250.43 32172.04 32093.77 32015.62 31937.6 31859.69 31781.91 31704.26 31626.73 31549.33 31472.05 31394.9 31317.89 31241 31164.24 31087.62 31011.13 30934.77 30858.55 30782.46 30706.51 30630.7 30555.03 30479.5 30404.11 30328.86 30253.76 30178.8 30103.99 30029.32 29954.8
-9999 -9999 -9999 -9999 -9999 -9999 -9999 -9999 -9999 -9999 34188.45 34107.18 34026.02 33944.96 33863.99 33783.13 33702.38 33621.72 33541.17 33460.72 33380.38 33300.15 33220.02 33140.01 33060.1 32980.3 32900.61 32821.03 32741.56 32662.21 32582.97 32503.85 32424.84 32345.94 32267.17 32188.51 32109.97 32031.55 31953.25 31875.07 31797.01 31719.08 31641.27 31563.59 31486.03 31408.6 31331.29 31254.12 31177.07 31100.16 31023.38 30946.73 30870.21 30793.83 30717.58 30641.47 30565.5 30489.67 30413.98 30338.42 30263.01 30187.75 30112.62 30037.64 29962.81 29888.13
-9999 -9999 -9999 -9999 -9999 -9999 -9999 -9999 -9999 34211.84 34130.34 34048.93 33967.63 33886.43 33805.32 33724.32 33643.43 33562.63 33481.93 33401.35 33320.86 33240.49 33160.22 33080.05 33000 32920.05 32840.22 32760.49 32680.88 32601.38 32521.99 32442.72 32363.56 32284.52 32205.59 32126.78 32048.09 31969.52 31891.06 31812.73 31734.52 31656.44 31578.47 31500.63 31422.92 31345.33 31267.88 31190.54 31113.34 31036.27 30959.33 30882.52 30805.84 30729.3 30652.89 30576.63 30500.49 30424.5 30348.64 30272.93 30197.35 30121.92 30046.63 29971.49 29896.49 29821.64
-9999 -9999 -9999 -9999 -9999 -9999 -9999 34317.63 34235.8 34154.06 34072.42 33990.88 33909.44 33828.09 33746.85 33665.71 33584.67 33503.73 33422.89 33342.16 33261.54 33181.02 33100.61 33020.3 32940.1 32860.01 32780.02 32700.15 32620.39 32540.74 32461.21 32381.79 32302.48 32223.28 32144.21 32065.25 31986.4 31907.68 31829.07 31750.59 31672.23 31593.99 31515.87 31437.88 31360.01 31282.26 31204.65 31127.16 31049.8 30972.57 30895.47 30818.5 30741.67 30664.96 30588.4 30511.96 30435.67 30359.51 30283.49 30207.62 30131.88 30056.28 29980.83 29905.52 29830.35 29755.34
-9999 -9999 -9999 -9999 -9999 -9999 34342.39 34260.33 34178.36 34096.48 34014.7 33933.02 33851.44 33769.96 33688.57 33607.29 33526.11 33445.03 33364.05 33283.18 33202.41 33121.75 33041.19 32960.73 32880.39 32800.15 32720.03 32640.01 32560.1 32480.3 32400.62 32321.04 32241.59 32162.24 32083.02 32003.91 31924.91 31846.04 31767.28 31688.64 31610.13 31531.73 31453.46 31375.31 31297.29 31219.38 31141.61 31063.97 30986.45 30909.06 30831.8 30754.67 30677.68 30600.82 30524.09 30447.5 30371.04 30294.72 30218.54 30142.49 30066.59 29990.83 29915.21 29839.74 29764.41 29689.22
-9999 -9999 -9999 -9999 -9999 34367.72 34285.42 34203.21 34121.11 34039.09 33957.18 33875.36 33793.64 33712.02 33630.49 33549.07 33467.75 33386.52 33305.41 33224.39 33143.48 33062.67 32981.96 32901.37 32820.88 32740.49 32660.22 32580.05 32500 32420.05 32340.22 32260.5 32180.89 32101.4 32022.02 31942.76 31863.62 31784.59 31705.68 31626.89 31548.22 31469.67 31391.24 31312.94 31234.76 31156.7 31078.77 31000.97 30923.29 30845.75 30768.33 30691.04 30613.88 30536.86 30459.97 30383.22 30306.6 30230.12 30153.77 30077.57 30001.5 29925.57 29849.79 29774.15 29698.65 29623.3
-9999 -9999 -9999 -9999 34393.61 34311.08 34228.64 34146.3 34064.06 33981.91 33899.85 33817.89 33736.04 33654.27 33572.61 33491.04 33409.58 33328.21 33246.95 33165.8 33084.74 33003.79 32922.94 32842.2 32761.56 32681.04 32600.61 32520.3 32440.1 32360.01 32280.03 32200.16 32120.4 32040.76 31961.23 31881.81 31802.52 31723.34 31644.27 31565.33 31486.51 31407.8 31329.22 31250.76 31172.42 31094.21 31016.13 30938.16 30860.33 30782.63 30705.05 30627.6 30550.29 30473.1 30396.05 30319.14 30242.35 30165.71 30089.2 30012.83 29936.6 29860.51 29784.56 29708.75 29633.09 29557.57
-9999 -9999 -9999 -9999 34337.3 34254.63 34172.07 34089.59 34007.21 33924.92 33842.72 33760.63 33678.63 33596.73 33514.92 33433.22 33351.61 33270.11 33188.7 33107.4 33026.2 32945.11 32864.11 32783.23 32702.45 32621.77 32541.21 32460.75 32380.39 32300.15 32220.03 32140.01 32060.1 31980.31 31900.63 31821.06 31741.61 31662.28 31583.06 31503.97 31424.99 31346.13 31267.39 31188.78 31110.29 31031.92 30953.68 30875.56 30797.56 30719.7 30641.96 30564.36 30486.88 30409.54 30332.33 30255.25 30178.3 30101.49 30024.82 29948.29 29871.89 29795.64 29719.52 29643.55 29567.72 29492.03
-9999 -9999 -9999 34364.08 34281.19 34198.39 34115.68 34033.07 33950.55 33868.13 33785.8 33703.56 33621.42 33539.38 33457.44 33375.59 33293.84 33212.2 33130.65 33049.21 32967.86 32886.63 32805.49 32724.46 32643.53 32562.71 32481.99 32401.39 32320.89 32240.5 32160.22 32080.06 32000 31920.06 31840.23 31760.51 31680.91 31601.42 31522.06 31442.8 31363.67 31284.66 31205.77 31127 31048.35 30969.82 30891.42 30813.15 30735 30656.97 30579.08 30501.31 30423.68 30346.17 30268.79 30191.55 30114.45 30037.48 29960.64 29883.94 29807.38 29730.96 29654.68 29578.54 29502.54 29426.69
-9999 -9999 -9999 34308.31 34225.28 34142.35 34059.51 33976.76 33894.1 33811.54 33729.07 33646.7 33564.41 33482.23 33400.15 33318.16 33236.27 33154.49 33072.8 32991.21 32909.73 32828.34 32747.06 32665.88 32584.81 32503.85 32422.99 32342.23 32261.59 32181.05 32100.62 32020.31 31940.1 31860.01 31780.03 31700.16 31620.4 31540.77 31461.25 31381.84 31302.56 31223.39 31144.34 31065.41 30986.61 30907.93 30829.37 30750.94 30672.63 30594.44 30516.39 30438.46 30360.67 30283 30205.46 30128.06 30050.79 29973.65 29896.66 29819.79 29743.07 29666.48 29590.03 29513.73 29437.56 29361.54
-9999 -9999 34335.99 34252.74 34169.58 34086.51 34003.53 33920.64 33837.85 33755.15 33672.54 33590.03 33507.61 33425.29 33343.07 33260.94 33178.91 33096.98 33015.15 32933.42 32851.79 32770.26 32688.84 32607.51 32526.3 32445.18 32364.18 32283.28 32202.48 32121.8 32041.22 31960.76 31880.4 31800.16 31720.03 31640.01 31560.1 31480.31 31400.64 31321.08 31241.64 31162.32 31083.12 31004.03 30925.07 30846.23 30767.52 30688.92 30610.46 30532.11 30453.9 30375.81 30297.86 30220.03 30142.33 30064.76 29987.33 29910.03 29832.87 29755.84 29678.95 29602.2 29525.58 29449.11 29372.78 29296.59
-9999 -9999 34280.75 34197.37 34114.07 34030.87 33947.75 33864.73 33781.8 33698.96 33616.21 33533.57 33451.01 33368.55 33286.18 33203.91 33121.75 33039.67 32957.7 32875.83 32794.05 32712.38 32630.81 32549.35 32467.98 32386.73 32305.57 32224.53 32143.58 32062.75 31982.03 31901.41 31820.9 31740.51 31660.23 31580.06 31500 31420.06 31340.23 31260.52 31180.92 31101.45 31022.09 30942.85 30863.73 30784.74 30705.86 30627.11 30548.49 30469.98 30391.61 30313.36 30235.24 30157.25 30079.39 30001.67 29924.07 29846.61 29769.28 29692.09 29615.03 29538.11 29461.33 29384.69 29308.19 29231.83
