InputData/dist_17.txt
ncols         171
nrows         168
xllcorner     509665.90011874
yllcorner     8175934.7243046
cellsize      100
NODATA_value  -9999
[rows 60 to 89 of 168, columns 0 to 66 of 171]
-9999 -9999 -9999 -9999 -9999 -9999 -9999 31847.29 31754.69 31662.12 31569.61 31477.13 31384.71 31292.33 31200 31107.72 31015.48 30923.29 30831.15 30739.06 30647.02 30555.03 30463.09 30371.2 30279.37 30187.58 30095.85 30004.17 29912.54 29820.96 29729.45 29637.98 29546.57 29455.22 29363.92 29272.68 29181.5 29090.38 28999.31 28908.3 28817.36 28726.47 28635.64 28544.88 28454.17 28363.53 28272.96 28182.44 28091.99 28001.61 27911.29 27821.04 27730.85 27640.73 27550.68 27460.7 27370.79 27280.95 27191.18 27101.48 27011.85 26922.29 26832.82 26743.41 26654.08 26564.83 26475.65
-9999 -9999 -9999 -9999 -9999 -9999 -9999 31809.75 31717.03 31624.36 31531.73 31439.15 31346.61 31254.12 31161.68 31069.28 30976.93 30884.62 30792.37 30700.16 30608.01 30515.9 30423.84 30331.83 30239.88 30147.97 30056.11 29964.31 29872.56 29780.87 29689.22 29597.63 29506.1 29414.62 29323.2 29231.83 29140.52 29049.27 28958.07 28866.94 28775.86 28684.84 28593.88 28502.98 28412.14 28321.37 28230.66 28140.01 28049.42 27958.9 27868.44 27778.05 27687.72 27597.46 27507.27 27417.15 27327.09 27237.11 27147.19 27057.35 26967.57 26877.87 26788.24 26698.69 26609.21 26519.8 26430.47
-9999 -9999 -9999 -9999 -9999 -9999 -9999 31772.47 31679.65 31586.87 31494.13 31401.43 31308.79 31216.18 31123.63 31031.11 30938.65 30846.23 30753.86 30661.54 30569.27 30477.04 30384.87 30292.74 30200.66 30108.64 30016.66 29924.74 29832.87 29741.05 29649.28 29557.57 29465.91 29374.31 29282.76 29191.27 29099.83 29008.45 28917.12 28825.86 28734.65 28643.5 28552.41 28461.38 28370.41 28279.5 28188.65 28097.87 28007.14 27916.48 27825.89 27735.36 27644.89 27554.49 27464.16 27373.89 27283.7 27193.56 27103.51 27013.52 26923.6 26833.75 26743.97 26654.27 26564.64 26475.08 26385.6
-9999 -9999 -9999 -9999 -9999 -9999 -9999 31735.47 31642.54 31549.64 31456.79 31363.99 31271.23 31178.52 31085.85 30993.22 30900.65 30808.12 30715.63 30623.19 30530.8 30438.46 30346.17 30253.93 30161.73 30069.59 29977.49 29885.45 29793.46 29701.52 29609.63 29517.79 29426.01 29334.28 29242.61 29150.99 29059.42 28967.91 28876.46 28785.07 28693.73 28602.45 28511.23 28420.06 28328.96 28237.92 28146.94 28056.02 27965.16 27874.36 27783.63 27692.96 27602.36 27511.82 27421.34 27330.94 27240.59 27150.32 27060.12 26969.98 26879.92 26789.92 26700 26610.15 26520.37 26430.66 26341.03
-9999 -9999 -9999 -9999 -9999 -9999 31791.82 31698.74 31605.7 31512.7 31419.74 31326.83 31233.96 31141.13 31048.35 30955.61 30862.92 30770.28 30677.68 30585.13 30492.62 30400.16 30307.75 30215.39 30123.08 30030.82 29938.6 29846.44 29754.33 29662.27 29570.26 29478.3 29386.39 29294.54 29202.74 29110.99 29019.3 28927.67 28836.09 28744.56 28653.1 28561.69 28470.34 28379.04 28287.81 28196.63 28105.52 28014.46 27923.47 27832.54 27741.67 27650.86 27560.12 27469.44 27378.82 27288.28 27197.79 27107.38 27017.03 26926.75 26836.54 26746.4 26656.33 26566.33 26476.4 26386.55 26296.77
-9999 -9999 -9999 -9999 -9999 31848.71 31755.47 31662.28 31569.13 31476.02 31382.96 31289.93 31196.96 31104.02 31011.13 30918.28 30825.48 30732.72 30640.01 30547.34 30454.72 30362.15 30269.62 30177.14 30084.71 29992.33 29900 29807.72 29715.48 29623.3 29531.17 29439.09 29347.06 29255.09 29163.16 29071.29 28979.47 28887.71 28796.01 28704.36 28612.76 28521.22 28429.74 28338.31 28246.95 28155.64 28064.39 27973.2 27882.07 27791.01 27700 27609.06 27518.18 27427.36 27336.61 27245.92 27155.29 27064.74 26974.25 26883.82 26793.47 26703.18 26612.97 26522.82 26432.74 26342.74 26252.81
-9999 -9999 -9999 -9999 -9999 31812.73 31719.39 31626.1 31532.84 31439.63 31346.45 31253.32 31160.23 31067.19 30974.18 30881.22 30788.31 30695.44 30602.62 30509.83 30417.1 30324.41 30231.77 30139.18 30046.63 29954.13 29861.68 29769.28 29676.93 29584.63 29492.37 29400.17 29308.02 29215.92 29123.87 29031.88 28939.94 28848.05 28756.22 28664.44 28572.71 28481.05 28389.44 28297.88 28206.38 28114.94 28023.56 27932.24 27840.98 27749.78 27658.63 27567.55 27476.54 27385.58 27294.69 27203.86 27113.1 27022.4 26931.77 26841.2 26750.7 26660.27 26569.91 26479.62 26389.39 26299.24 26209.16
-9999 -9999 -9999 -9999 31870.52 31777.04 31683.59 31590.19 31496.83 31403.5 31310.22 31216.98 31123.79 31030.63 30937.52 30844.45 30751.42 30658.44 30565.5 30472.61 30379.76 30286.96 30194.21 30101.49 30008.83 29916.22 29823.65 29731.13 29638.66 29546.23 29453.86 29361.54 29269.27 29177.04 29084.88 28992.76 28900.69 28808.68 28716.72 28624.81 28532.96 28441.17 28349.43 28257.74 28166.12 28074.54 27983.03 27891.58 27800.18 27708.84 27617.57 27526.35 27435.2 27344.1 27253.07 27162.11 27071.2 26980.36 26889.59 26798.88 26708.24 26617.66 26527.16 26436.72 26346.35 26256.05 26165.82
-9999 -9999 -9999 -9999 31835.2 31741.61 31648.06 31554.56 31461.09 31367.66 31274.27 31180.92 31087.62 30994.35 30901.13 30807.95 30714.82 30621.72 30528.68 30435.67 30342.71 30249.79 30156.92 30064.1 29971.32 29878.59 29785.9 29693.27 29600.68 29508.13 29415.64 29323.2 29230.81 29138.46 29046.17 28953.93 28861.74 28769.6 28677.52 28585.49 28493.51 28401.58 28309.71 28217.9 28126.14 28034.44 27942.8 27851.21 27759.68 27668.21 27576.8 27485.45 27394.16 27302.93 27211.76 27120.66 27029.61 26938.63 26847.72 26756.87 26666.08 26575.37 26484.71 26394.13 26303.61 26213.16 26122.79
-9999 -9999 -9999 31893.89 31800.16 31706.47 31612.81 31519.2 31425.63 31332.09 31238.6 31145.14 31051.73 30958.36 30865.03 30771.74 30678.49 30585.29 30492.13 30399.01 30305.94 30212.91 30119.93 30026.99 29934.09 29841.25 29748.45 29655.69 29562.98 29470.32 29377.71 29285.15 29192.64 29100.17 29007.76 28915.39 28823.08 28730.82 28638.61 28546.45 28454.35 28362.3 28270.3 28178.36 28086.47 27994.64 27902.87 27811.15 27719.49 27627.88 27536.34 27444.85 27353.43 27262.06 27170.76 27079.51 26988.33 26897.21 26806.16 26715.16 26624.24 26533.38 26442.58 26351.85 26261.19 26170.59 26080.07
-9999 -9999 -9999 31859.22 31765.39 31671.6 31577.84 31484.12 31390.45 31296.8 31203.21 31109.64 31016.13 30922.64 30829.21 30735.81 30642.46 30549.14 30455.87 30362.64 30269.46 30176.31 30083.22 29990.17 29897.16 29804.19 29711.28 29618.41 29525.58 29432.8 29340.07 29247.39 29154.76 29062.17 28969.64 28877.15 28784.72 28692.33 28600 28507.72 28415.49 28323.31 28231.19 28139.12 28047.1 27955.14 27863.24 27771.39 27679.6 27587.86 27496.18 27404.56 27313 27221.5 27130.06 27038.68 26947.36 26856.1 26764.9 26673.77 26582.7 26491.7 26400.76 26309.88 26219.08 26128.34 26037.66
-9999 32012.81 31918.8 31824.83 31730.9 31637 31543.14 31449.32 31355.54 31261.8 31168.09 31074.43 30980.8 30887.21 30793.67 30700.16 30606.7 30513.28 30419.89 30326.56 30233.26 30140.01 30046.8 29953.63 29860.51 29767.43 29674.4 29581.41 29488.47 29395.58 29302.73 29209.93 29117.18 29024.47 28931.82 28839.21 28746.65 28654.14 28561.69 28469.28 28376.93 28284.63 28192.38 28100.18 28008.04 27915.95 27823.91 27731.93 27640.01 27548.14 27456.33 27364.58 27272.88 27181.24 27089.67 26998.15 26906.69 26815.29 26723.96 26632.69 26541.48 26450.33 26359.25 26268.23 26177.28 26086.39 25995.58
-9999 31978.9 31884.79 31790.72 31696.69 31602.69 31508.73 31414.8 31320.92 31227.07 31133.26 31039.49 30945.76 30852.07 30758.41 30664.8 30571.23 30477.7 30384.21 30290.76 30197.35 30103.99 30010.66 29917.39 29824.15 29730.96 29637.81 29544.71 29451.66 29358.64 29265.68 29172.76 29079.89 28987.07 28894.29 28801.56 28708.88 28616.25 28523.67 28431.14 28338.67 28246.24 28153.86 28061.54 27969.27 27877.05 27784.89 27692.78 27600.72 27508.73 27416.78 27324.9 27233.07 27141.3 27049.58 26957.93 26866.34 26774.8 26683.33 26591.92 26500.57 26409.28 26318.05 26226.89 26135.8 26044.77 25953.8
-9999 31945.27 31851.06 31756.89 31662.75 31568.66 31474.59 31380.57 31286.58 31192.63 31098.71 31004.84 30911 30817.2 30723.44 30629.72 30536.04 30442.4 30348.8 30255.25 30161.73 30068.26 29974.82 29881.43 29788.08 29694.78 29601.52 29508.3 29415.13 29322.01 29228.92 29135.89 29042.9 28949.96 28857.06 28764.21 28671.41 28578.66 28485.96 28393.31 28300.71 28208.15 28115.65 28023.21 27930.81 27838.46 27746.17 27653.93 27561.75 27469.62 27377.54 27285.53 27193.56 27101.66 27009.81 26918.02 26826.29 26734.62 26643.01 26551.46 26459.97 26368.54 26277.18 26185.88 26094.63 26003.46 25912.35
-9999 31911.91 31817.61 31723.34 31629.1 31534.9 31440.74 31346.61 31252.52 31158.47 31064.45 30970.47 30876.53 30782.63 30688.76 30594.93 30501.15 30407.4 30313.69 30220.03 30126.4 30032.81 29939.27 29845.77 29752.31 29658.89 29565.52 29472.19 29378.9 29285.66 29192.46 29099.31 29006.21 28913.15 28820.13 28727.16 28634.25 28541.37 28448.55 28355.78 28263.05 28170.38 28077.75 27985.17 27892.65 27800.18 27707.76 27615.39 27523.08 27430.82 27338.62 27246.47 27154.37 27062.34 26970.35 26878.43 26786.56 26694.76 26603.01 26511.32 26419.69 26328.12 26236.62 26145.17 26053.79 25962.47 25871.22
-9999 -9999 31784.43 31690.06 31595.73 31501.43 31407.16 31312.94 31218.74 31124.59 31030.47 30936.39 30842.34 30748.33 30654.36 30560.43 30466.54 30372.69 30278.87 30185.1 30091.36 29997.67 29904.01 29810.4 29716.83 29623.3 29529.82 29436.37 29342.97 29249.62 29156.3 29063.04 28969.81 28876.63 28783.5 28690.42 28597.38 28504.38 28411.44 28318.54 28225.7 28132.9 28040.15 27947.45 27854.8 27762.21 27669.66 27577.16 27484.72 27392.33 27300 27207.72 27115.49 27023.32 26931.21 26839.15 26747.15 26655.21 26563.32 26471.49 26379.73 26288.02 26196.37 26104.79 26013.27 25921.8 25830.41
-9999 -9999 31751.54 31657.07 31562.64 31468.24 31373.88 31279.55 31185.25 31091 30996.77 30902.59 30808.44 30714.33 30620.25 30526.22 30432.22 30338.26 30244.34 30150.46 30056.61 29962.81 29869.05 29775.33 29681.64 29588 29494.41 29400.85 29307.34 29213.87 29120.44 29027.06 28933.72 28840.42 28747.17 28653.97 28560.81 28467.7 28374.64 28281.62 28188.65 28095.73 28002.86 27910.03 27817.26 27724.54 27631.87 27539.24 27446.68 27354.16 27261.7 27169.28 27076.93 26984.63 26892.38 26800.19 26708.05 26615.97 26523.95 26431.99 26340.08 26248.24 26156.45 26064.73 25973.06 25881.46 25789.92
-9999 -9999 -9999 31624.36 31529.83 31435.33 31340.87 31246.44 31152.05 31057.69 30963.37 30869.08 30774.83 30680.61 30586.44 30492.29 30398.19 30304.13 30210.1 30116.11 30022.16 29928.25 29834.38 29740.54 29646.75 29553 29459.29 29365.63 29272 29178.42 29084.88 28991.38 28897.92 28804.51 28711.15 28617.83 28524.55 28431.32 28338.14 28245 28151.91 28058.87 27965.87 27872.93 27780.03 27687.18 27594.38 27501.64 27408.94 27316.29 27223.7 27131.16 27038.68 26946.24 26853.86 26761.54 26669.27 26577.06 26484.9 26392.8 26300.76 26208.78 26116.85 26024.99 25933.18 25841.44 25749.76
-9999 -9999 -9999 31591.93 31497.3 31402.71 31308.15 31213.62 31119.13 31024.67 30930.24 30835.86 30741.5 30647.19 30552.9 30458.66 30364.45 30270.28 30176.15 30082.05 29988 29893.98 29800 29706.06 29612.16 29518.3 29424.48 29330.7 29236.96 29143.27 29049.61 28956 28862.43 28768.91 28675.43 28581.99 28488.59 28395.25 28301.94 28208.69 28115.48 28022.31 27929.2 27836.13 27743.11 27650.13 27557.21 27464.34 27371.52 27278.75 27186.03 27093.36 27000.74 26908.18 26815.67 26723.21 26630.81 26538.46 26446.17 26353.94 26261.76 26169.64 26077.58 25985.57 25893.63 25801.74 25709.92
-9999 -9999 -9999 31559.79 31465.06 31370.37 31275.71 31181.08 31086.49 30991.93 30897.41 30802.92 30708.47 30614.05 30519.67 30425.32 30331.01 30236.73 30142.49 30048.29 29954.13 29860.01 29765.92 29671.87 29577.86 29483.89 29389.96 29296.07 29202.23 29108.42 29014.65 28920.93 28827.24 28733.6 28640.01 28546.45 28452.94 28359.48 28266.06 28172.68 28079.35 27986.07 27892.83 27799.64 27706.5 27613.4 27520.36 27427.36 27334.41 27241.51 27148.66 27055.87 26963.12 26870.43 26777.79 26685.2 26592.67 26500.19 26407.76 26315.39 26223.08 26130.82 26038.63 25946.48 25854.4 25762.38 25670.41
-9999 -9999 -9999 -9999 31433.1 31338.31 31243.56 31148.84 31054.15 30959.49 30864.87 30770.28 30675.72 30581.2 30486.72 30392.27 30297.86 30203.48 30109.13 30014.83 29920.56 29826.33 29732.14 29637.98 29543.87 29449.79 29355.75 29261.75 29167.79 29073.87 28979.99 28886.16 28792.36 28698.61 28604.89 28511.23 28417.6 28324.02 28230.48 28136.99 28043.54 27950.13 27856.78 27763.46 27670.2 27576.98 27483.81 27390.69 27297.62 27204.6 27111.62 27018.7 26925.82 26833 26740.23 26647.51 26554.85 26462.24 26369.68 26277.18 26184.73 26092.34 26000 25907.72 25815.5 25723.34 25631.23
-9999 -9999 -9999 -9999 31401.43 31306.55 31211.7 31116.88 31022.09 30927.33 30832.61 30737.92 30643.27 30548.65 30454.06 30359.51 30265 30170.52 30076.07 29981.66 29887.29 29792.95 29698.65 29604.39 29510.17 29415.98 29321.83 29227.73 29133.66 29039.63 28945.64 28851.69 28757.78 28663.91 28570.09 28476.31 28382.56 28288.87 28195.21 28101.6 28008.04 27914.51 27821.04 27727.6 27634.22 27540.88 27447.59 27354.34 27261.14 27168 27074.9 26981.85 26888.85 26795.89 26703 26610.15 26517.35 26424.61 26331.92 26239.28 26146.7 26054.17 25961.7 25869.29 25776.93 25684.63 25592.38
-9999 -9999 -9999 -9999 -9999 31275.07 31180.12 31085.21 30990.32 30895.47 30800.65 30705.86 30611.11 30516.39 30421.7 30327.05 30232.43 30137.85 30043.3 29948.79 29854.31 29759.87 29665.47 29571.1 29476.77 29382.48 29288.22 29194.01 29099.83 29005.69 28911.59 28817.53 28723.51 28629.53 28535.59 28441.7 28347.84 28254.03 28160.26 28066.53 27972.84 27879.2 27785.61 27692.06 27598.55 27505.09 27411.68 27318.31 27224.99 27131.71 27038.49 26945.31 26852.19 26759.11 26666.08 26573.11 26480.18 26387.31 26294.49 26201.72 26109 26016.34 25923.73 25831.18 25738.69 25646.25 25553.87
-9999 -9999 -9999 -9999 -9999 31243.88 31148.84 31053.82 30958.84 30863.89 30768.98 30674.09 30579.24 30484.42 30389.64 30294.88 30200.17 30105.48 30010.83 29916.22 29821.64 29727.09 29632.58 29538.11 29443.68 29349.28 29254.91 29160.59 29066.3 28972.05 28877.85 28783.68 28689.54 28595.46 28501.4 28407.39 28313.42 28219.5 28125.61 28031.77 27937.97 27844.21 27750.5 27656.83 27563.2 27469.62 27376.08 27282.6 27189.15 27095.76 27002.41 26909.11 26815.85 26722.65 26629.49 26536.39 26443.34 26350.33 26257.38 26164.48 26071.63 25978.84 25886.1 25793.41 25700.78 25608.2 25515.68
-9999 -9999 -9999 -9999 -9999 -9999 31117.84 31022.73 30927.66 30832.61 30737.6 30642.62 30547.67 30452.75 30357.87 30263.01 30168.2 30073.41 29978.66 29883.94 29789.26 29694.61 29600 29505.42 29410.88 29316.38 29221.91 29127.48 29033.08 28938.73 28844.41 28750.13 28655.89 28561.69 28467.53 28373.4 28279.32 28185.28 28091.28 27997.32 27903.4 27809.53 27715.7 27621.91 27528.17 27434.47 27340.81 27247.2 27153.64 27060.12 26966.65 26873.22 26779.84 26686.51 26593.23 26500 26406.82 26313.69 26220.6 26127.57 26034.59 25941.67 25848.79 25755.97 25663.2 25570.49 25477.83
-9999 -9999 -9999 -9999 -9999 -9999 31087.13 30991.93 30896.76 30801.62 30706.51 30611.44 30516.39 30421.38 30326.39 30231.44 30136.52 30041.64 29946.79 29851.97 29757.18 29662.43 29567.72 29473.04 29378.39 29283.78 29189.21 29094.67 29000.17 28905.71 28811.28 28716.89 28622.54 28528.23 28433.96 28339.72 28245.53 28151.38 28057.26 27963.19 27869.16 27775.17 27681.22 27587.32 27493.45 27399.63 27305.86 27212.13 27118.44 27024.8 26931.21 26837.66 26744.16 26650.7 26557.3 26463.94 26370.63 26277.37 26184.16 26090.99 25997.88 25904.83 25811.82 25718.87 25625.96 25533.12 25440.32
-9999 -9999 -9999 -9999 -9999 -9999 -9999 30961.43 30866.16 30770.93 30675.72 30580.55 30485.41 30390.29 30295.21 30200.17 30105.15 30010.16 29915.21 29820.29 29725.41 29630.56 29535.74 29440.96 29346.21 29251.5 29156.82 29062.17 28967.57 28873 28778.46 28683.97 28589.51 28495.09 28400.71 28306.36 28212.05 28117.79 28023.56 27929.38 27835.23 27741.13 27647.06 27553.04 27459.06 27365.12 27271.23 27177.38 27083.57 26989.81 26896.1 26802.43 26708.8 26615.22 26521.69 26428.21 26334.77 26241.38 26148.04 26054.75 25961.51 25868.32 25775.18 25682.1 25589.06 25496.08 25403.15
-9999 -9999 -9999 -9999 -9999 -9999 -9999 30931.21 30835.86 30740.53 30645.23 30549.96 30454.72 30359.51 30264.34 30169.19 30074.08 29978.99 29883.94 29788.92 29693.94 29598.99 29504.07 29409.18 29314.33 29219.51 29124.73 29029.98 28935.27 28840.6 28745.96 28651.35 28556.79 28462.26 28367.76 28273.31 28178.89 28084.52 27990.18 27895.88 27801.62 27707.4 27613.22 27519.08 27424.99 27330.94 27236.92 27142.96 27049.03 26955.15 26861.31 26767.52 26673.77 26580.07 26486.41 26392.8 26299.24 26205.72 26112.26 26018.84 25925.47 25832.15 25738.88 25645.66 25552.49 25459.38 25366.32
-9999 -9999 -9999 -9999 -9999 -9999 -9999 -9999 30805.84 30710.42 30615.03 30519.67 30424.33 30329.03 30233.76 30138.51 30043.3 29948.12 29852.97 29757.86 29662.77 29567.72 29472.7 29377.71 29282.76 29187.84 29092.96 28998.1 28903.29 28808.51 28713.76 28619.05 28524.38 28429.74 28335.14 28240.57 28146.05 28051.56 27957.11 27862.7 27768.33 27673.99 27579.7 27485.45 27391.24 27297.07 27202.94 27108.86 27014.81 26920.81 26826.85 26732.94 26639.07 26545.24 26451.46 26357.73 26264.04 26170.4 26076.81 25983.26 25889.77 25796.32 25702.92 25609.57 25516.27 25423.02 25329.82
-9999 -9999 -9999 -9999 -9999 -9999 -9999 -9999 30776.13 30680.61 30585.13 30489.67 30394.24 30298.85 30203.48 30108.14 30012.83 29917.55 29822.31 29727.09 29631.91 29536.76 29441.64 29346.55 29251.5 29156.47 29061.49 28966.53 28871.61 28776.73 28681.88 28587.06 28492.28 28397.54 28302.83 28208.15 28113.52 28018.92 27924.36 27829.84 27735.36 27640.91 27546.51 27452.14 27357.81 27263.53 27169.28 27075.08 26980.92 26886.8 26792.72 26698.69 26604.7 26510.75 26416.85 26322.99 26229.18 26135.42 26041.7 25948.03 25854.4 25760.82 25667.29 25573.81 25480.38 25387 25293.68
