InputData/dist_2.txt
ncols         305
nrows         346
xllcorner     527731.86726915
yllcorner     8223679.8627344
cellsize      100
NODATA_value  -9999
[rows 120 to 149 of 346, columns 69 to 137 of 305]
33226.64 33151.77 33077.03 33002.43 32927.95 32853.61 32779.41 32705.35 32631.43 32557.64 32484 32409.41 32333.57 32257.87 32182.29 32106.85 32031.55 31956.38 31881.34 31806.45 31731.69 31657.07 31582.59 31508.25 31434.06 31360.01 31286.1 31212.34 31138.72 31065.25 30991.93 30918.76 30845.75 30772.88 30700.16 30627.6 30555.2 30482.95 30410.85 30338.92 30267.14 30195.53 30124.08 30052.79 29981.66 29910.7 29839.91 29769.28 29698.48 29627.86 29557.06 29486.44 29415.64 29345.02 29274.22 29203.6 29132.8 29062.17 28991.72 28921.45 28851.34 28781.42 28711.67 28642.1 28572.71 28503.51 28434.49 28365.65 28297
33160.52 33085.5 33010.61 32935.85 32861.22 32786.73 32712.38 32638.17 32564.09 32490.15 32416.35 32342.7 32268.41 32192.54 32116.82 32041.22 31965.76 31890.44 31815.25 31740.2 31665.28 31590.51 31515.87 31441.37 31367.02 31292.81 31218.74 31144.82 31071.05 30997.42 30923.94 30850.61 30777.43 30704.4 30631.52 30558.79 30486.23 30413.81 30341.55 30269.46 30197.52 30125.74 30054.12 29982.66 29911.37 29840.24 29769.28 29698.48 29627.86 29557.06 29486.44 29415.64 29345.02 29274.22 29203.6 29132.8 29062.17 28991.38 28920.75 28850.3 28780.03 28709.93 28640.01 28570.26 28500.7 28431.32 28362.12 28293.11 28224.28
33094.56 33019.39 32944.35 32869.44 32794.66 32720.03 32645.52 32571.15 32496.92 32422.83 32348.88 32275.07 32201.4 32127.4 32051.52 31975.77 31900.16 31824.68 31749.33 31674.12 31599.05 31524.12 31449.32 31374.67 31300.16 31225.79 31151.56 31077.48 31003.55 30929.76 30856.12 30782.63 30709.28 30636.09 30563.05 30490.16 30417.43 30344.85 30272.43 30200.17 30128.06 30056.11 29984.33 29912.71 29841.25 29769.95 29698.82 29627.86 29557.06 29486.44 29415.64 29345.02 29274.22 29203.6 29132.8 29062.17 28991.38 28920.75 28849.96 28779.33 28708.88 28638.61 28568.51 28498.6 28428.86 28359.3 28289.93 28220.74 28151.73
33028.77 32953.45 32878.26 32803.2 32728.28 32653.48 32578.83 32504.31 32429.92 32355.68 32281.57 32207.61 32133.78 32060.1 31986.4 31910.5 31834.73 31759.09 31683.59 31608.23 31533 31457.91 31382.96 31308.15 31233.48 31158.95 31084.56 31010.32 30936.22 30862.28 30788.47 30714.82 30641.31 30567.96 30494.75 30421.7 30348.8 30276.06 30203.48 30131.05 30058.78 29986.66 29914.71 29842.92 29771.29 29699.83 29628.53 29557.4 29486.44 29415.64 29345.02 29274.22 29203.6 29132.8 29062.17 28991.38 28920.75 28849.96 28779.33 28708.54 28637.91 28567.46 28497.19 28427.1 28357.19 28287.45 28217.9 28148.54 28079.35
32963.16 32887.69 32812.34 32737.13 32662.06 32587.11 32512.3 32437.63 32363.1 32288.7 32214.44 32140.32 32066.34 31992.5 31918.8 31845.25 31769.48 31693.69 31618.03 31542.51 31467.13 31391.88 31316.77 31241.8 31166.97 31092.28 31017.74 30943.34 30869.08 30794.97 30721 30647.19 30573.52 30500 30426.63 30353.42 30280.36 30207.45 30134.7 30062.1 29989.66 29917.39 29845.27 29773.31 29701.52 29629.88 29558.42 29487.12 29415.98 29345.02 29274.22 29203.6 29132.8 29062.17 28991.38 28920.75 28849.96 28779.33 28708.54 28637.91 28567.11 28496.49 28426.04 28355.78 28285.69 28215.78 28146.05 28076.5 28007.14
32897.72 32822.1 32746.6 32671.24 32596.01 32520.92 32445.96 32371.13 32296.44 32221.89 32147.47 32073.2 31999.06 31925.07 31851.22 31777.51 31703.94 31628.47 31552.65 31476.98 31401.43 31326.03 31250.76 31175.63 31100.64 31025.79 30951.09 30876.53 30802.11 30727.84 30653.71 30579.73 30505.9 30432.22 30358.69 30285.31 30212.08 30139.01 30066.09 29993.33 29920.73 29848.28 29776 29703.87 29631.91 29560.11 29488.47 29417 29345.7 29274.56 29203.6 29132.8 29062.17 28991.38 28920.75 28849.96 28779.33 28708.54 28637.91 28567.11 28496.49 28425.69 28355.07 28284.63 28214.36 28144.27 28074.37 28004.64 27935.1
32832.45 32756.68 32681.04 32605.52 32530.14 32454.89 32379.78 32304.8 32229.96 32155.25 32080.68 32006.25 31931.96 31857.81 31783.8 31709.94 31636.21 31562.64 31487.46 31411.62 31335.92 31260.36 31184.93 31109.64 31034.5 30959.49 30884.62 30809.9 30735.32 30660.89 30586.6 30512.46 30438.46 30364.62 30290.92 30217.38 30143.99 30070.75 29997.67 29924.74 29851.97 29779.36 29706.9 29634.61 29562.48 29490.51 29418.7 29347.06 29275.59 29204.28 29133.14 29062.17 28991.38 28920.75 28849.96 28779.33 28708.54 28637.91 28567.11 28496.49 28425.69 28355.07 28284.27 28213.65 28143.21 28072.94 28002.86 27932.96 27863.24
32767.36 32691.44 32615.64 32539.97 32464.44 32389.04 32313.77 32238.64 32163.64 32088.78 32014.06 31939.47 31865.03 31790.72 31716.56 31642.54 31568.66 31494.92 31421.33 31346.45 31270.59 31194.87 31119.29 31043.84 30968.53 30893.37 30818.34 30743.46 30668.71 30594.12 30519.67 30445.36 30371.2 30297.2 30223.34 30149.63 30076.07 30002.67 29929.42 29856.32 29783.38 29710.6 29637.98 29565.52 29493.22 29421.08 29349.11 29277.29 29205.65 29134.17 29062.86 28991.72 28920.75 28849.96 28779.33 28708.54 28637.91 28567.11 28496.49 28425.69 28355.07 28284.27 28213.65 28142.85 28072.23 28001.79 27931.52 27861.44 27791.54
32702.45 32626.37 32550.42 32474.61 32398.92 32323.37 32247.95 32172.66 32097.51 32022.49 31947.61 31872.87 31798.27 31723.81 31649.49 31575.31 31501.27 31427.38 31353.63 31280.03 31205.45 31129.57 31053.82 30978.22 30902.75 30827.42 30752.24 30677.19 30602.29 30527.53 30452.91 30378.45 30304.13 30229.95 30155.93 30082.05 30008.33 29934.76 29861.35 29788.08 29714.98 29642.03 29569.24 29496.61 29424.14 29351.83 29279.69 29207.71 29135.89 29064.24 28992.76 28921.45 28850.3 28779.33 28708.54 28637.91 28567.11 28496.49 28425.69 28355.07 28284.27 28213.65 28142.85 28072.23 28001.43 27930.81 27860.37 27790.11 27720.03
32637.71 32561.48 32485.38 32409.41 32333.57 32257.87 32182.29 32106.85 32031.55 31956.38 31881.34 31806.45 31731.69 31657.07 31582.59 31508.25 31434.06 31360.01 31286.1 31212.34 31138.72 31064.45 30988.55 30912.78 30837.15 30761.66 30686.32 30611.11 30536.04 30461.12 30386.35 30311.71 30237.23 30162.89 30088.7 30014.66 29940.78 29867.04 29793.46 29720.03 29646.75 29573.64 29500.68 29427.88 29355.24 29282.76 29210.44 29138.29 29066.3 28994.48 28922.83 28851.34 28780.03 28708.88 28637.91 28567.11 28496.49 28425.69 28355.07 28284.27 28213.65 28142.85 28072.23 28001.43 27930.81 27860.01 27789.39 27718.95 27648.69
32573.15 32496.77 32420.52 32344.4 32268.41 32192.54 32116.82 32041.22 31965.76 31890.44 31815.25 31740.2 31665.28 31590.51 31515.87 31441.37 31367.02 31292.81 31218.74 31144.82 31071.05 30997.42 30923.45 30847.53 30771.74 30696.09 30620.58 30545.21 30469.98 30394.9 30319.96 30245.16 30170.52 30096.01 30021.66 29947.45 29873.4 29799.5 29725.75 29652.15 29578.71 29505.42 29432.29 29359.33 29286.52 29213.87 29141.38 29069.06 28996.9 28924.9 28853.08 28781.42 28709.93 28638.61 28567.46 28496.49 28425.69 28355.07 28284.27 28213.65 28142.85 28072.23 28001.43 27930.81 27860.01 27789.39 27718.59 27647.96 27577.53
32508.77 32432.24 32355.83 32279.56 32203.42 32127.4 32051.52 31975.77 31900.16 31824.68 31749.33 31674.12 31599.05 31524.12 31449.32 31374.67 31300.16 31225.79 31151.56 31077.48 31003.55 30929.76 30856.12 30782.46 30706.51 30630.7 30555.03 30479.5 30404.11 30328.86 30253.76 30178.8 30103.99 30029.32 29954.8 29880.43 29806.21 29732.14 29658.22 29584.46 29510.85 29437.39 29364.09 29290.96 29217.97 29145.15 29072.5 29000 28927.67 28855.5 28783.5 28711.67 28640.01 28568.51 28497.19 28426.04 28355.07 28284.27 28213.65 28142.85 28072.23 28001.43 27930.81 27860.01 27789.39 27718.59 27647.96 27577.16 27506.54
32444.57 32367.88 32291.33 32214.9 32138.61 32062.44 31986.4 31910.5 31834.73 31759.09 31683.59 31608.23 31533 31457.91 31382.96 31308.15 31233.48 31158.95 31084.56 31010.32 30936.22 30862.28 30788.47 30714.82 30641.31 30565.5 30489.67 30413.98 30338.42 30263.01 30187.75 30112.62 30037.64 29962.81 29888.13 29813.59 29739.2 29664.96 29590.88 29516.94 29443.17 29369.54 29296.07 29222.77 29149.61 29076.62 29003.79 28931.13 28858.62 28786.28 28714.11 28642.1 28570.26 28498.6 28427.1 28355.78 28284.63 28213.65 28142.85 28072.23 28001.43 27930.81 27860.01 27789.39 27718.59 27647.96 27577.16 27506.54 27435.74
32380.55 32303.71 32227.01 32150.43 32073.98 31997.66 31921.47 31845.41 31769.48 31693.69 31618.03 31542.51 31467.13 31391.88 31316.77 31241.8 31166.97 31092.28 31017.74 30943.34 30869.08 30794.97 30721 30647.19 30573.52 30500 30424.5 30348.64 30272.93 30197.35 30121.92 30046.63 29971.49 29896.49 29821.64 29746.93 29672.38 29597.97 29523.72 29449.62 29375.67 29301.88 29228.24 29154.76 29081.44 29008.28 28935.27 28862.43 28789.76 28717.24 28644.89 28572.71 28500.7 28428.86 28357.19 28285.69 28214.36 28143.21 28072.23 28001.43 27930.81 27860.01 27789.39 27718.59 27647.96 27577.16 27506.54 27435.74 27365.12
32316.71 32239.73 32162.87 32086.13 32009.53 31933.05 31856.71 31780.5 31704.42 31628.47 31552.65 31476.98 31401.43 31326.03 31250.76 31175.63 31100.64 31025.79 30951.09 30876.53 30802.11 30727.84 30653.71 30579.73 30505.9 30432.22 30358.69 30283.49 30207.62 30131.88 30056.28 29980.83 29905.52 29830.35 29755.34 29680.46 29605.74 29531.17 29456.75 29382.48 29308.36 29234.4 29160.59 29086.94 29013.45 28940.11 28866.94 28793.92 28721.07 28648.38 28575.86 28503.51 28431.32 28359.3 28287.45 28215.78 28144.27 28072.94 28001.79 27930.81 27860.01 27789.39 27718.59 27647.96 27577.16 27506.54 27435.74 27365.12 27294.32
32253.06 32175.92 32098.91 32022.02 31945.27 31868.64 31792.14 31715.77 31639.53 31563.43 31487.46 31411.62 31335.92 31260.36 31184.93 31109.64 31034.5 30959.49 30884.62 30809.9 30735.32 30660.89 30586.6 30512.46 30438.46 30364.62 30290.92 30217.38 30142.49 30066.59 29990.83 29915.21 29839.74 29764.41 29689.22 29614.19 29539.29 29464.55 29389.96 29315.53 29241.24 29167.11 29093.13 29019.3 28945.64 28872.13 28798.79 28725.6 28652.57 28579.71 28507.02 28434.49 28362.12 28289.93 28217.9 28146.05 28074.37 28002.86 27931.52 27860.37 27789.39 27718.59 27647.96 27577.16 27506.54 27435.74 27365.12 27294.32 27223.7
32189.59 32112.3 32035.14 31958.1 31881.19 31804.4 31727.75 31651.22 31574.83 31498.57 31422.44 31346.45 31270.59 31194.87 31119.29 31043.84 30968.53 30893.37 30818.34 30743.46 30668.71 30594.12 30519.67 30445.36 30371.2 30297.2 30223.34 30149.63 30076.07 30001.5 29925.57 29849.79 29774.15 29698.65 29623.3 29548.1 29473.04 29398.13 29323.37 29248.76 29174.3 29100 29025.85 28951.86 28878.02 28804.34 28730.82 28657.46 28584.26 28511.23 28438.35 28365.65 28293.11 28220.74 28148.54 28076.5 28004.64 27932.96 27861.44 27790.11 27718.95 27647.96 27577.16 27506.54 27435.74 27365.12 27294.32 27223.7 27152.9
32126.31 32048.87 31971.55 31894.36 31817.29 31740.35 31663.54 31586.87 31510.32 31433.9 31357.62 31281.46 31205.45 31129.57 31053.82 30978.22 30902.75 30827.42 30752.24 30677.19 30602.29 30527.53 30452.91 30378.45 30304.13 30229.95 30155.93 30082.05 30008.33 29934.76 29860.51 29784.56 29708.75 29633.09 29557.57 29482.2 29406.97 29331.89 29256.96 29182.19 29107.56 29033.08 28958.76 28884.6 28810.59 28736.74 28663.04 28589.51 28516.14 28442.93 28369.88 28297 28224.28 28151.73 28079.35 28007.14 27935.1 27863.24 27791.54 27720.03 27648.69 27577.53 27506.54 27435.74 27365.12 27294.32 27223.7 27152.9 27082.28
32063.22 31985.62 31908.15 31830.8 31753.58 31676.49 31599.53 31522.69 31445.99 31369.41 31292.97 31216.66 31140.49 31064.45 30988.55 30912.78 30837.15 30761.66 30686.32 30611.11 30536.04 30461.12 30386.35 30311.71 30237.23 30162.89 30088.7 30014.66 29940.78 29867.04 29793.46 29719.52 29643.55 29567.72 29492.03 29416.49 29341.1 29265.85 29190.75 29115.8 29041.01 28966.36 28891.87 28817.53 28743.35 28669.32 28595.46 28521.75 28448.2 28374.81 28301.59 28228.53 28155.64 28082.91 28010.36 27937.97 27865.75 27793.71 27721.83 27650.13 27578.62 27507.27 27436.11 27365.12 27294.32 27223.7 27152.9 27082.28 27011.48
32000.31 31922.56 31844.94 31767.44 31690.06 31612.81 31535.69 31458.7 31381.84 31305.11 31228.51 31152.05 31075.71 30999.52 30923.45 30847.53 30771.74 30696.09 30620.58 30545.21 30469.98 30394.9 30319.96 30245.16 30170.52 30096.01 30021.66 29947.45 29873.4 29799.5 29725.75 29652.15 29578.54 29502.54 29426.69 29350.98 29275.42 29200 29124.73 29049.61 28974.64 28899.83 28825.16 28750.65 28676.3 28602.1 28528.06 28454.17 28380.45 28306.89 28233.49 28160.26 28087.19 28014.28 27941.55 27868.98 27796.58 27724.36 27652.3 27580.43 27508.73 27437.2 27365.86 27294.69 27223.7 27152.9 27082.28 27011.48 26940.86
31937.6 31859.69 31781.91 31704.26 31626.73 31549.33 31472.05 31394.9 31317.89 31241 31164.24 31087.62 31011.13 30934.77 30858.55 30782.46 30706.51 30630.7 30555.03 30479.5 30404.11 30328.86 30253.76 30178.8 30103.99 30029.32 29954.8 29880.43 29806.21 29732.14 29658.22 29584.46 29510.85 29437.39 29361.54 29285.66 29209.93 29134.34 29058.91 28983.62 28908.48 28833.49 28758.65 28683.97 28609.44 28535.07 28460.85 28386.79 28312.89 28239.16 28165.58 28092.17 28018.92 27945.84 27872.93 27800.18 27727.6 27655.2 27582.96 27510.91 27439.02 27367.32 27295.79 27224.44 27153.27 27082.28 27011.48 26940.86 26870.06
31875.07 31797.01 31719.08 31641.27 31563.59 31486.03 31408.6 31331.29 31254.12 31177.07 31100.16 31023.38 30946.73 30870.21 30793.83 30717.58 30641.47 30565.5 30489.67 30413.98 30338.42 30263.01 30187.75 30112.62 30037.64 29962.81 29888.13 29813.59 29739.2 29664.96 29590.88 29516.94 29443.17 29369.54 29296.07 29220.54 29144.64 29068.88 28993.28 28917.81 28842.5 28767.34 28692.33 28617.48 28542.78 28468.23 28393.84 28319.61 28245.53 28171.62 28097.87 28024.28 27950.85 27877.59 27804.5 27731.57 27658.81 27586.23 27513.81 27441.57 27369.51 27297.62 27225.91 27154.37 27083.02 27011.85 26940.86 26870.06 26799.44
31812.73 31734.52 31656.44 31578.47 31500.63 31422.92 31345.33 31267.88 31190.54 31113.34 31036.27 30959.33 30882.52 30805.84 30729.3 30652.89 30576.63 30500.49 30424.5 30348.64 30272.93 30197.35 30121.92 30046.63 29971.49 29896.49 29821.64 29746.93 29672.38 29597.97 29523.72 29449.62 29375.67 29301.88 29228.24 29154.76 29079.55 29003.62 28927.84 28852.21 28776.73 28701.39 28626.21 28551.18 28476.31 28401.58 28327.02 28252.61 28178.36 28104.27 28030.34 27956.57 27882.97 27809.53 27736.26 27663.15 27590.21 27517.45 27444.85 27372.43 27300.18 27228.11 27156.21 27084.5 27012.96 26941.6 26870.43 26799.44 26728.64
31750.59 31672.23 31593.99 31515.87 31437.88 31360.01 31282.26 31204.65 31127.16 31049.8 30972.57 30895.47 30818.5 30741.67 30664.96 30588.4 30511.96 30435.67 30359.51 30283.49 30207.62 30131.88 30056.28 29980.83 29905.52 29830.35 29755.34 29680.46 29605.74 29531.17 29456.75 29382.48 29308.36 29234.4 29160.59 29086.94 29013.45 28938.55 28862.61 28786.8 28711.15 28635.64 28560.29 28485.08 28410.03 28335.14 28260.4 28185.81 28111.38 28037.12 27963.01 27889.07 27815.28 27741.67 27668.21 27594.93 27521.81 27448.86 27376.08 27303.48 27231.05 27158.79 27086.71 27014.81 26943.09 26871.55 26800.19 26729.01 26658.02
31688.64 31610.13 31531.73 31453.46 31375.31 31297.29 31219.38 31141.61 31063.97 30986.45 30909.06 30831.8 30754.67 30677.68 30600.82 30524.09 30447.5 30371.04 30294.72 30218.54 30142.49 30066.59 29990.83 29915.21 29839.74 29764.41 29689.22 29614.19 29539.29 29464.55 29389.96 29315.53 29241.24 29167.11 29093.13 29019.3 28945.64 28872.13 28797.57 28721.59 28645.77 28570.09 28494.56 28419.18 28343.96 28268.89 28193.97 28119.21 28044.61 27970.16 27895.88 27821.75 27747.79 27673.99 27600.36 27526.9 27453.6 27380.47 27307.51 27234.72 27162.11 27089.67 27017.4 26945.31 26873.41 26801.68 26730.13 26658.77 26587.59
31626.89 31548.22 31469.67 31391.24 31312.94 31234.76 31156.7 31078.77 31000.97 30923.29 30845.75 30768.33 30691.04 30613.88 30536.86 30459.97 30383.22 30306.6 30230.12 30153.77 30077.57 30001.5 29925.57 29849.79 29774.15 29698.65 29623.3 29548.1 29473.04 29398.13 29323.37 29248.76 29174.3 29100 29025.85 28951.86 28878.02 28804.34 28730.82 28656.59 28580.59 28504.74 28429.04 28353.48 28278.08 28202.84 28127.74 28052.81 27978.03 27903.4 27828.94 27754.64 27680.5 27606.52 27532.71 27459.06 27385.58 27312.27 27239.13 27166.16 27093.36 27020.73 26948.28 26876.01 26803.92 26732 26660.27 26588.72 26517.35
31565.33 31486.51 31407.8 31329.22 31250.76 31172.42 31094.21 31016.13 30938.16 30860.33 30782.63 30705.05 30627.6 30550.29 30473.1 30396.05 30319.14 30242.35 30165.71 30089.2 30012.83 29936.6 29860.51 29784.56 29708.75 29633.09 29557.57 29482.2 29406.97 29331.89 29256.96 29182.19 29107.56 29033.08 28958.76 28884.6 28810.59 28736.74 28663.04 28589.51 28515.61 28439.59 28363.71 28287.98 28212.41 28136.99 28061.72 27986.6 27911.65 27836.85 27762.21 27687.72 27613.4 27539.24 27465.25 27391.42 27317.76 27244.27 27170.94 27097.79 27024.8 26951.99 26879.36 26806.9 26734.62 26662.52 26590.6 26518.86 26447.31
31503.97 31424.99 31346.13 31267.39 31188.78 31110.29 31031.92 30953.68 30875.56 30797.56 30719.7 30641.96 30564.36 30486.88 30409.54 30332.33 30255.25 30178.3 30101.49 30024.82 29948.29 29871.89 29795.64 29719.52 29643.55 29567.72 29492.03 29416.49 29341.1 29265.85 29190.75 29115.8 29041.01 28966.36 28891.87 28817.53 28743.35 28669.32 28595.46 28521.75 28448.2 28374.64 28298.59 28222.69 28146.94 28071.34 27995.89 27920.6 27845.47 27770.49 27695.67 27621.01 27546.51 27472.17 27397.99 27323.98 27250.14 27176.46 27102.95 27029.61 26956.45 26883.45 26810.63 26737.99 26665.52 26593.23 26521.12 26449.2 26377.45
31442.8 31363.67 31284.66 31205.77 31127 31048.35 30969.82 30891.42 30813.15 30735 30656.97 30579.08 30501.31 30423.68 30346.17 30268.79 30191.55 30114.45 30037.48 29960.64 29883.94 29807.38 29730.96 29654.68 29578.54 29502.54 29426.69 29350.98 29275.42 29200 29124.73 29049.61 28974.64 28899.83 28825.16 28750.65 28676.3 28602.1 28528.06 28454.17 28380.45 28306.89 28233.49 28157.59 28081.67 28005.89 27930.27 27854.8 27779.49 27704.33 27629.33 27554.49 27479.81 27405.29 27330.94 27256.74 27182.71 27108.86 27035.16 26961.64 26888.29 26815.11 26742.1 26669.27 26596.62 26524.14 26451.84 26379.73 26307.79
31381.84 31302.56 31223.39 31144.34 31065.41 30986.61 30907.93 30829.37 30750.94 30672.63 30594.44 30516.39 30438.46 30360.67 30283 30205.46 30128.06 30050.79 29973.65 29896.66 29819.79 29743.07 29666.48 29590.03 29513.73 29437.56 29361.54 29285.66 29209.93 29134.34 29058.91 28983.62 28908.48 28833.49 28758.65 28683.97 28609.44 28535.07 28460.85 28386.79 28312.89 28239.16 28165.58 28092.17 28016.6 27940.65 27864.85 27789.21 27713.71 27638.38 27563.2 27488.18 27413.32 27338.62 27264.08 27189.7 27115.49 27041.45 26967.57 26893.87 26820.33 26746.96 26673.77 26600.75 26527.91 26455.25 26382.76 26310.46 26238.33
