InputData/dist_19.txt
ncols         222
nrows         252
xllcorner     556954.49680309
yllcorner     8200869.3568622
cellsize      100
NODATA_value  -9999
[rows 120 to 149 of 252, columns 68 to 135 of 222]
5375.872 5470.832 5565.968 5661.272 5756.735 5852.35 5946.428 6040.695 6135.145 6229.767 6324.555 6419.501 6514.599 6609.841 6705.222 6800.735 6896.376 6992.139 7088.018 7184.01 7280.11 7376.313 7472.617 7569.016 7665.507 7762.087 7858.753 7955.501 8052.329 8149.233 8246.211 8343.261 8440.379 8537.564 8633.076 8728.115 8823.265 8918.521 9013.878 9109.336 9204.89 9300.538 9396.275 9492.102 9588.014 9684.008 9780.082 9876.234 9972.462 10068.76 10165.14 10261.58 10358.09 10454.66 10551.3 10648 10744.77 10841.59 10938.46 11035.4 11132.38 11229.43 11326.52 -9999 -9999 -9999 -9999 -9999
5408.327 5502.727 5597.321 5692.1 5787.055 5882.176 5977.458 6072.891 6168.468 6262.587 6356.886 6451.356 6545.991 6640.783 6735.726 6830.813 6926.038 7021.396 7116.881 7212.489 7308.214 7404.053 7500 7596.052 7692.204 7788.453 7884.795 7981.228 8077.747 8174.35 8271.034 8367.795 8464.632 8561.542 8658.521 8755.569 8852.684 8949.302 9044.335 9139.475 9234.717 9330.059 9425.497 9521.029 9616.652 9712.363 9808.16 9904.04 10000 10096.04 10192.15 10288.34 10384.6 10480.94 10577.33 10673.8 10770.33 10866.92 10963.58 11060.29 11157.06 11253.89 11350.77 11447.71 11544.7 -9999 -9999 -9999
5442.426 5536.244 5630.275 5724.509 5818.935 5913.544 6008.328 6103.278 6198.387 6293.647 6389.053 6484.597 6578.754 6673.08 6767.57 6862.215 6957.011 7051.95 7147.027 7242.237 7337.575 7433.034 7528.612 7624.303 7720.104 7816.009 7912.016 8008.121 8104.32 8200.609 8296.987 8393.45 8489.994 8586.617 8683.317 8780.091 8876.937 8973.851 9070.832 9167.879 9264.988 9360.556 9455.687 9550.916 9646.243 9741.663 9837.175 9932.774 10028.46 10124.23 10220.08 10316.01 10412.01 10508.09 10604.24 10700.47 10796.76 10893.12 10989.54 11086.03 11182.58 11279.18 11375.85 11472.58 11569.36 11666.19 -9999 -9999
5478.138 5571.355 5664.804 5758.472 5852.35 5946.428 6040.695 6135.145 6229.767 6324.555 6419.501 6514.599 6609.841 6705.222 6800.735 6894.926 6989.277 7083.784 7178.44 7273.239 7368.175 7463.243 7558.439 7653.757 7749.193 7844.744 7940.403 8036.168 8132.036 8228.001 8324.062 8420.214 8516.455 8612.781 8709.19 8805.68 8902.247 8998.889 9095.604 9192.388 9289.241 9386.16 9483.143 9580.188 9676.776 9771.898 9867.117 9962.43 10057.83 10153.32 10248.9 10344.56 10440.31 10536.13 10632.03 10728 10824.05 10920.17 11016.35 11112.61 11208.92 11305.31 11401.75 11498.26 11594.83 11691.45 11788.13 11884.86
5515.433 5608.03 5700.877 5793.962 5887.274 5980.803 6074.537 6168.468 6262.587 6356.886 6451.356 6545.991 6640.783 6735.726 6830.813 6926.038 7021.396 7116.881 7211.103 7305.478 7400 7494.665 7589.466 7684.4 7779.46 7874.643 7969.943 8065.358 8160.882 8256.513 8352.245 8448.077 8544.004 8640.023 8736.132 8832.327 8928.605 9024.966 9121.403 9217.917 9314.505 9411.164 9507.892 9604.687 9701.546 9798.47 9895.453 9992.497 10088.11 10183.32 10278.62 10374.01 10469.48 10565.04 10660.68 10756.39 10852.19 10948.06 11044 11140.02 11236.1 11332.25 11428.47 11524.76 11621.1 11717.51 11813.97 11910.5
5554.278 5646.238 5738.467 5830.952 5923.681 6016.644 6109.828 6203.225 6296.825 6390.618 6484.597 6578.754 6673.08 6767.57 6862.215 6957.011 7051.95 7147.027 7242.237 7337.575 7433.034 7527.284 7621.68 7716.217 7810.89 7905.694 8000.625 8095.678 8190.849 8286.133 8381.527 8477.027 8572.631 8668.333 8764.132 8860.022 8956.004 9052.071 9148.224 9244.458 9340.771 9437.16 9533.625 9630.161 9726.768 9823.441 9920.182 10016.99 10113.85 10210.78 10307.76 10404.33 10499.52 10594.81 10690.18 10785.64 10881.18 10976.79 11072.49 11168.26 11264.1 11360.02 11456 11552.06 11648.18 11744.36 11840.61 11936.92
5594.64 5685.948 5777.543 5869.412 5961.543 6053.924 6146.544 6239.391 6332.456 6425.729 6519.203 6612.866 6706.713 6800.735 6894.926 6989.277 7083.784 7178.44 7273.239 7368.175 7463.243 7558.439 7653.757 7749.193 7843.469 7937.884 8032.434 8127.115 8221.922 8316.851 8411.896 8507.056 8602.325 8697.701 8793.179 8888.757 8984.431 9080.198 9176.056 9272.001 9368.03 9464.143 9560.335 9656.604 9752.948 9849.365 9945.854 10042.41 10139.03 10235.72 10332.47 10429.29 10526.16 10623.09 10720.07 10815.73 10911 11006.36 11101.8 11197.32 11292.92 11388.59 11484.34 11580.16 11676.04 11772 11868.02 11964.11
5636.488 5727.128 5818.075 5909.314 6000.833 6092.619 6184.658 6276.942 6369.458 6462.198 6555.151 6648.308 6741.662 6835.203 6928.925 7022.82 7116.881 7211.103 7305.478 7400 7494.665 7589.466 7684.4 7779.46 7874.643 7969.943 8065.358 8159.657 8254.09 8348.652 8443.341 8538.149 8633.076 8728.115 8823.265 8918.521 9013.878 9109.336 9204.89 9300.538 9396.275 9492.102 9588.014 9684.008 9780.082 9876.234 9972.462 10068.76 10165.14 10261.58 10358.09 10454.66 10551.3 10648 10744.77 10841.59 10938.46 11035.4 11131.94 11227.2 11322.54 11417.97 11513.47 11609.05 11704.7 11800.42 11896.22 11992.08
5679.789 5769.749 5860.034 5950.63 6041.523 6132.699 6224.146 6315.853 6407.808 6500 6592.42 6685.058 6777.905 6870.953 6964.194 7057.62 7151.224 7244.998 7338.937 7433.034 7527.284 7621.68 7716.217 7810.89 7905.694 8000.625 8095.678 8190.849 8286.133 8381.527 8475.848 8570.298 8664.872 8759.566 8854.378 8949.302 9044.335 9139.475 9234.717 9330.059 9425.497 9521.029 9616.652 9712.363 9808.16 9904.04 10000 10096.04 10192.15 10288.34 10384.6 10480.94 10577.33 10673.8 10770.33 10866.92 10963.58 11060.29 11157.06 11253.89 11350.77 11447.71 11543.4 11638.73 11734.14 11829.62 11925.18 12020.82
5724.509 5813.777 5903.389 5993.33 6083.584 6174.14 6264.982 6356.1 6447.48 6539.113 6630.988 6723.095 6815.424 6907.966 7000.714 7093.659 7186.793 7280.11 7373.602 7467.262 7561.084 7655.063 7749.193 7843.469 7937.884 8032.434 8127.115 8221.922 8316.851 8411.896 8507.056 8602.325 8697.701 8792.042 8886.507 8981.091 9075.792 9170.605 9265.527 9360.556 9455.687 9550.916 9646.243 9741.663 9837.175 9932.774 10028.46 10124.23 10220.08 10316.01 10412.01 10508.09 10604.24 10700.47 10796.76 10893.12 10989.54 11086.03 11182.58 11279.18 11375.85 11472.58 11569.36 11666.19 11763.08 11859.6 11954.92 12050.31
5769.749 5859.181 5948.109 6037.383 6126.989 6216.913 6307.139 6397.656 6488.451 6579.514 6670.832 6762.396 6854.196 6946.222 7038.466 7130.918 7223.573 7316.42 7409.454 7502.666 7596.052 7689.604 7783.315 7877.182 7971.198 8065.358 8159.657 8254.09 8348.652 8443.341 8538.149 8633.076 8728.115 8823.265 8918.521 9013.878 9108.238 9202.717 9297.312 9392.018 9486.833 9581.754 9676.776 9771.898 9867.117 9962.43 10057.83 10153.32 10248.9 10344.56 10440.31 10536.13 10632.03 10728 10824.05 10920.17 11016.35 11112.61 11208.92 11305.31 11401.75 11498.26 11594.83 11691.45 11788.13 11884.86 11981.65 12078.49
5813.777 5903.389 5993.33 6082.763 6171.709 6260.99 6350.59 6440.497 6530.697 6621.178 6711.93 6802.94 6894.201 6985.7 7077.429 7169.379 7261.542 7353.911 7446.476 7539.231 7632.169 7725.283 7818.568 7912.016 8005.623 8099.383 8193.29 8287.34 8381.527 8475.848 8570.298 8664.872 8759.566 8854.378 8949.302 9044.335 9139.475 9234.717 9330.059 9424.437 9518.929 9613.532 9708.244 9803.061 9897.979 9992.997 10088.11 10183.32 10278.62 10374.01 10469.48 10565.04 10660.68 10756.39 10852.19 10948.06 11044 11140.02 11236.1 11332.25 11428.47 11524.76 11621.1 11717.51 11813.97 11910.5 12007.08 12103.72
5859.181 5948.109 6037.383 6126.989 6216.913 6306.346 6395.311 6484.597 6574.192 6664.083 6754.258 6844.706 6935.417 7026.379 7117.584 7209.022 7300.685 7392.564 7484.651 7576.938 7669.42 7762.087 7854.935 7947.956 8041.144 8134.495 8228.001 8321.658 8415.462 8509.406 8603.487 8697.701 8792.042 8886.507 8981.091 9075.792 9170.605 9265.527 9360.556 9455.687 9550.916 9646.243 9740.637 9835.141 9929.753 10024.47 10119.29 10214.21 10309.22 10404.33 10499.52 10594.81 10690.18 10785.64 10881.18 10976.79 11072.49 11168.26 11264.1 11360.02 11456 11552.06 11648.18 11744.36 11840.61 11936.92 12033.29 12129.72
5903.389 5993.33 6082.763 6171.709 6260.99 6350.59 6440.497 6529.931 6618.912 6708.204 6797.794 6887.67 6977.822 7068.239 7158.911 7249.828 7340.981 7432.362 7523.962 7615.773 7707.788 7800 7892.401 7984.986 8077.747 8170.679 8263.776 8357.033 8450.443 8544.004 8637.708 8731.552 8825.531 8919.642 9013.878 9108.238 9202.717 9297.312 9392.018 9486.833 9581.754 9676.776 9771.898 9867.117 9962.43 10056.84 10151.35 10245.97 10340.7 10435.52 10530.43 10625.44 10720.54 10815.73 10911 11006.36 11101.8 11197.32 11292.92 11388.59 11484.34 11580.16 11676.04 11772 11868.02 11964.11 12060.27 12156.48
5948.109 6037.383 6126.989 6216.913 6306.346 6395.311 6484.597 6574.192 6664.083 6753.518 6842.514 6931.811 7021.396 7111.259 7201.389 7291.776 7382.412 7473.286 7564.39 7655.717 7747.258 7839.005 7930.952 8023.092 8115.417 8207.923 8300.603 8393.45 8486.46 8579.627 8672.946 8766.413 8860.022 8953.771 9047.651 9141.663 9235.8 9330.059 9424.437 9518.929 9613.532 9708.244 9803.061 9897.979 9992.997 10088.11 10183.32 10278.62 10373.04 10467.57 10562.2 10656.92 10751.74 10846.66 10941.66 11036.76 11131.94 11227.2 11322.54 11417.97 11513.47 11609.05 11704.7 11800.42 11896.22 11992.08 12088.01 12184.01
5994.164 6082.763 6171.709 6260.99 6350.59 6440.497 6529.931 6618.912 6708.204 6797.794 6887.67 6977.105 7066.116 7155.417 7244.998 7334.848 7424.958 7515.318 7605.919 7696.752 7787.811 7879.086 7970.571 8062.258 8154.14 8246.211 8338.465 8430.896 8523.497 8616.264 8709.19 8802.272 8895.505 8988.882 9082.4 9176.056 9269.844 9363.76 9457.801 9551.963 9646.243 9740.637 9835.141 9929.753 10024.47 10119.29 10214.21 10309.22 10404.33 10499.52 10594.81 10689.25 10783.78 10878.42 10973.15 11067.97 11162.88 11257.89 11352.97 11448.14 11543.4 11638.73 11734.14 11829.62 11925.18 12020.82 12116.52 12212.29
6041.523 6129.437 6217.717 6306.346 6395.311 6484.597 6574.192 6664.083 6753.518 6842.514 6931.811 7021.396 7111.259 7200.694 7289.719 7379.024 7468.601 7558.439 7648.529 7738.863 7829.432 7920.227 8011.242 8102.469 8193.9 8285.529 8377.351 8469.356 8561.542 8653.9 8746.428 8839.117 8931.965 9024.966 9118.114 9211.406 9304.838 9398.404 9492.102 9585.927 9679.876 9773.945 9868.131 9962.43 10056.84 10151.35 10245.97 10340.7 10435.52 10530.43 10625.44 10720.54 10815.73 10911 11005.45 11100 11194.64 11289.38 11384.2 11479.11 11574.11 11669.19 11764.35 11859.6 11954.92 12050.31 12145.78 12241.32
6090.156 6177.378 6264.982 6352.952 6441.273 6529.931 6618.912 6708.204 6797.794 6887.67 6977.105 7066.116 7155.417 7244.998 7334.848 7424.285 7513.321 7602.631 7692.204 7782.031 7872.103 7962.412 8052.95 8143.709 8234.683 8325.863 8417.244 8508.819 8600.581 8692.525 8784.646 8876.937 8969.393 9062.009 9154.78 9247.702 9340.771 9433.981 9527.329 9620.811 9714.422 9808.16 9902.02 9995.999 10090.09 10184.3 10278.62 10373.04 10467.57 10562.2 10656.92 10751.74 10846.66 10941.66 11036.76 11131.94 11227.2 11321.66 11416.22 11510.86 11605.6 11700.43 11795.34 11890.33 11985.41 12080.56 12175.8 12271.1
6140.033 6226.556 6313.478 6400.781 6488.451 6576.473 6664.833 6753.518 6842.514 6931.811 7021.396 7111.259 7200.694 7289.719 7379.024 7468.601 7558.439 7647.875 7736.924 7826.238 7915.807 8005.623 8095.678 8185.963 8276.473 8367.198 8458.132 8549.269 8640.602 8732.125 8823.831 8915.717 9007.774 9100 9192.388 9284.934 9377.633 9470.48 9563.473 9656.604 9749.872 9843.271 9936.8 10030.45 10124.23 10218.12 10312.13 10406.25 10500.48 10594.81 10689.25 10783.78 10878.42 10973.15 11067.97 11162.88 11257.89 11352.97 11448.14 11543.4 11637.87 11732.43 11827.09 11921.83 12016.66 12111.56 12206.56 12301.63
6191.123 6276.942 6363.175 6449.806 6536.819 6624.198 6711.93 6800 6888.396 6977.105 7066.116 7155.417 7244.998 7334.848 7424.285 7513.321 7602.631 7692.204 7782.031 7871.467 7960.528 8049.845 8139.41 8229.216 8319.255 8409.519 8500 8590.692 8681.59 8772.685 8863.972 8955.445 9047.099 9138.928 9230.927 9323.09 9415.413 9507.892 9600.521 9693.297 9786.215 9879.271 9972.462 10065.78 10159.23 10252.8 10346.5 10440.31 10534.23 10628.26 10722.41 10816.65 10911 11005.45 11100 11194.64 11289.38 11384.2 11479.11 11574.11 11669.19 11764.35 11859.6 11954.08 12048.65 12143.31 12238.06 12332.88
6243.396 6328.507 6414.047 6500 6586.35 6673.08 6760.178 6847.627 6935.417 7023.532 7111.962 7200.694 7289.719 7379.024 7468.601 7558.439 7647.875 7736.924 7826.238 7915.807 8005.623 8095.06 8184.131 8273.451 8363.014 8452.811 8542.833 8633.076 8723.531 8814.193 8905.055 8996.11 9087.354 9178.78 9270.383 9362.158 9454.1 9546.203 9638.465 9730.879 9823.441 9916.148 10009 10101.98 10195.1 10288.34 10381.71 10475.21 10568.82 10662.55 10756.39 10850.35 10944.41 11038.57 11132.83 11227.2 11321.66 11416.22 11510.86 11605.6 11700.43 11795.34 11890.33 11985.41 12080.56 12175.8 12270.29 12364.87
6296.825 6381.223 6466.065 6551.336 6637.018 6723.095 6809.552 6896.376 6983.552 7071.068 7158.911 7247.068 7335.53 7424.285 7513.321 7602.631 7692.204 7782.031 7871.467 7960.528 8049.845 8139.41 8229.216 8318.653 8407.734 8497.059 8586.617 8676.405 8766.413 8856.636 8947.066 9037.699 9128.526 9219.545 9310.746 9402.127 9493.682 9585.405 9677.293 9769.34 9861.541 9953.894 10046.39 10139.03 10231.81 10324.73 10417.77 10510.95 10604.24 10697.66 10791.2 10884.85 10978.62 11072.49 11166.47 11260.55 11354.73 11449.02 11543.4 11637.87 11732.43 11827.09 11921.83 12016.66 12111.56 12206.56 12301.63 12396.77
6351.378 6435.06 6519.203 6603.787 6688.796 6774.216 6860.029 6946.222 7032.78 7119.691 7206.941 7294.519 7382.412 7470.609 7559.101 7647.875 7736.924 7826.238 7915.807 8005.623 8095.06 8184.131 8273.451 8363.014 8452.811 8542.248 8631.338 8720.665 8810.222 8900 8989.994 9080.198 9170.605 9261.209 9352.005 9442.986 9534.149 9625.487 9716.995 9808.67 9900.505 9992.497 10084.64 10176.93 10269.37 10361.95 10454.66 10547.51 10640.49 10733.59 10826.82 10920.17 11013.63 11107.21 11200.89 11294.69 11388.59 11482.6 11576.7 11670.9 11765.2 11859.6 11954.08 12048.65 12143.31 12238.06 12332.88 12427.79
6407.027 6489.992 6573.431 6657.327 6741.662 6826.419 6911.584 6997.142 7083.079 7169.379 7256.032 7343.024 7430.343 7517.979 7605.919 7694.154 7782.673 7871.467 7960.528 8049.845 8139.41 8229.216 8318.653 8407.734 8497.059 8586.617 8676.405 8765.843 8854.942 8944.271 9033.825 9123.596 9213.577 9303.763 9394.147 9484.725 9575.489 9666.437 9757.562 9848.857 9940.322 10031.95 10123.73 10215.67 10307.76 10400 10492.38 10584.89 10677.55 10770.33 10863.24 10956.28 11049.43 11142.71 11236.1 11329.61 11423.22 11516.94 11610.77 11704.7 11798.73 11892.86 11987.08 12081.39 12175.8 12270.29 12364.87 12459.53
6463.745 6545.991 6628.726 6711.93 6795.587 6879.68 6964.194 7049.113 7134.424 7220.111 7306.162 7392.564 7479.305 7566.373 7653.757 7741.447 7829.432 7917.702 8006.248 8095.06 8184.131 8273.451 8363.014 8452.811 8542.248 8631.338 8720.665 8810.222 8900 8989.438 9078.546 9167.879 9257.43 9347.192 9437.16 9527.329 9617.692 9708.244 9798.979 9889.894 9980.981 10072.24 10163.66 10255.24 10346.98 10438.87 10530.91 10623.09 10715.41 10807.87 10900.46 10993.18 11086.03 11179 11272.09 11365.3 11458.62 11552.06 11645.6 11739.25 11833 11926.86 12020.82 12114.87 12209.01 12303.25 12397.58 12492
6519.203 6603.03 6685.058 6767.57 6850.547 6933.974 7017.834 7102.112 7186.793 7271.864 7357.309 7443.118 7529.276 7615.773 7702.597 7789.737 7877.182 7964.923 8052.95 8141.253 8229.824 8318.653 8407.734 8497.059 8586.617 8676.405 8765.843 8854.942 8944.271 9033.825 9123.596 9213.034 9302.15 9391.485 9481.034 9570.789 9660.745 9750.897 9841.24 9931.768 10022.47 10113.36 10204.41 10295.63 10387.01 10478.55 10570.24 10662.08 10754.07 10846.2 10938.46 11030.87 11123.4 11216.06 11308.85 11401.75 11494.78 11587.92 11681.18 11774.55 11868.02 11961.61 12055.29 12149.07 12242.96 12336.94 12431.01 12525.17
6573.431 6657.327 6741.662 6824.222 6906.519 6989.277 7072.482 7156.116 7240.166 7324.616 7409.454 7494.665 7580.237 7666.159 7752.419 7839.005 7925.907 8013.114 8100.617 8188.406 8276.473 8364.808 8453.401 8542.248 8631.338 8720.665 8810.222 8900 8989.438 9078.546 9167.879 9257.43 9347.192 9436.631 9525.755 9615.093 9704.638 9794.386 9884.331 9974.468 10064.79 10155.29 10245.97 10336.83 10427.85 10519.03 10610.37 10701.87 10793.52 10885.31 10977.25 11069.33 11161.54 11253.89 11346.37 11438.97 11531.7 11624.54 11717.51 11810.59 11903.78 11997.08 12090.49 12184.01 12277.62 12371.34 12465.15 12559.06
6628.726 6711.93 6795.587 6879.68 6963.476 7045.566 7128.113 7211.103 7294.519 7378.347 7462.573 7547.185 7632.169 7717.513 7803.205 7889.233 7975.588 8062.258 8149.233 8236.504 8324.062 8411.896 8500 8588.364 8676.981 8765.843 8854.942 8944.271 9033.825 9123.596 9213.034 9302.15 9391.485 9481.034 9570.789 9660.228 9749.359 9838.699 9928.242 10017.98 10107.92 10198.04 10288.34 10378.82 10469.48 10560.3 10651.29 10742.44 10833.74 10925.2 11016.81 11108.56 11200.45 11292.48 11384.64 11476.93 11569.36 11661.9 11754.57 11847.36 11940.27 12033.29 12126.42 12219.66 12313 12406.45 12500 12593.65
6685.058 6767.57 6850.547 6933.974 7017.834 7102.112 7184.706 7267.049 7349.83 7433.034 7516.648 7600.658 7685.05 7769.813 7854.935 7940.403 8026.207 8112.336 8198.78 8285.529 8372.574 8459.905 8547.515 8635.393 8723.531 8811.924 8900.562 8989.438 9078.546 9167.879 9257.43 9347.192 9436.631 9525.755 9615.093 9704.638 9794.386 9883.825 9972.964 10062.31 10151.85 10241.58 10331.5 10421.61 10511.9 10602.36 10692.99 10783.78 10874.74 10965.86 11057.12 11148.54 11240.11 11331.81 11423.66 11515.64 11607.76 11700 11792.37 11884.86 11977.48 12070.21 12163.06 12256.02 12349.09 12442.27 12535.55 12628.93
6742.403 6824.222 6906.519 6989.277 7072.482 7156.116 7240.166 7323.934 7406.079 7488.658 7571.658 7655.063 7738.863 7823.043 7907.591 7992.497 8077.747 8163.333 8249.242 8335.467 8421.995 8508.819 8595.93 8683.317 8770.975 8858.894 8947.066 9035.485 9124.144 9213.034 9302.15 9391.485 9481.034 9570.789 9660.228 9749.359 9838.699 9928.242 10017.98 10107.42 10196.57 10285.91 10375.45 10465.18 10555.09 10645.19 10735.46 10825.89 10916.5 11007.27 11098.2 11189.28 11280.51 11371.9 11463.42 11555.09 11646.89 11738.82 11830.89 11923.09 12015.41 12107.85 12200.41 12293.09 12385.88 12478.78 12571.79 12664.91
