InputData/dist_16.txt
ncols         241
nrows         243
xllcorner     520834.16350523
yllcorner     8173804.8224327
cellsize      100
NODATA_value  -9999
[rows 112 to 139 of 243, columns 0 to 62 of 241]
-9999 -9999 -9999 -9999 -9999 -9999 -9999 -9999 -9999 -9999 21827.73 21744.88 21662.18 21579.62 21497.21 21414.95 21332.84 21250.88 21169.08 21087.44 21005.95 20924.63 20843.46 20762.47 20681.63 20600.97 20520.48 20440.16 20360.01 20280.04 20200.25 20120.64 20041.21 19961.96 19882.91 19804.04 19725.37 19646.88 19568.6 19490.51 19412.63 19334.94 19257.47 19180.2 19103.14 19026.3 18949.67 18873.26 18797.07 18721.11 18645.38 18569.87 18494.59 18419.55 18344.75 18270.19 18195.88 18121.81 18047.99 17974.43 17901.12 17828.07 17755.28
-9999 -9999 -9999 -9999 -9999 -9999 -9999 -9999 -9999 21855.21 21772 21688.94 21606.02 21523.24 21440.62 21358.14 21275.81 21193.63 21111.61 21029.74 20948.03 20866.48 20785.09 20703.87 20622.8 20541.91 20461.18 20380.63 20300.25 20220.04 20140.01 20060.16 19980.49 19901.01 19821.71 19742.59 19663.67 19584.94 19506.41 19428.07 19349.94 19272 19194.27 19116.75 19039.43 18962.33 18885.44 18808.78 18732.32 18656.1 18580.1 18504.32 18428.78 18353.47 18278.4 18203.57 18128.98 18054.64 17980.54 17906.7 17833.12 17759.79 17686.72
-9999 -9999 -9999 -9999 -9999 -9999 -9999 -9999 21883.55 21800 21716.58 21633.31 21550.17 21467.18 21384.34 21301.64 21219.1 21136.7 21054.45 20972.36 20890.43 20808.65 20727.04 20645.58 20564.29 20483.16 20402.21 20321.42 20240.8 20160.36 20080.09 20000 19920.09 19840.36 19760.82 19681.46 19602.29 19523.32 19444.54 19365.95 19287.56 19209.37 19131.39 19053.61 18976.04 18898.68 18821.53 18744.6 18667.89 18591.4 18515.13 18439.09 18363.28 18287.7 18212.36 18137.25 18062.39 17987.77 17913.4 17839.28 17765.42 17691.81 17618.46
-9999 -9999 -9999 -9999 -9999 -9999 -9999 21912.78 21828.88 21745.12 21661.49 21578 21494.65 21411.45 21328.38 21245.47 21162.7 21080.09 20997.62 20915.3 20833.15 20751.14 20669.3 20587.62 20506.1 20424.74 20343.55 20262.53 20181.68 20100.99 20020.49 19940.16 19860.01 19780.04 19700.25 19620.65 19541.24 19462.01 19382.98 19304.14 19225.5 19147.06 19068.82 18990.79 18912.96 18835.34 18757.93 18680.74 18603.76 18527.01 18450.47 18374.17 18298.09 18222.24 18146.63 18071.25 17996.11 17921.22 17846.57 17772.17 17698.02 17624.13 17550.5
-9999 -9999 -9999 -9999 -9999 -9999 21942.88 21858.64 21774.53 21690.55 21606.71 21523.01 21439.45 21356.03 21272.75 21189.62 21106.63 21023.8 20941.11 20858.57 20776.19 20693.96 20611.89 20529.98 20448.23 20366.64 20285.22 20203.96 20122.87 20041.96 19961.21 19880.64 19800.25 19720.04 19640.01 19560.16 19480.5 19401.03 19321.75 19242.66 19163.77 19085.07 19006.58 18928.29 18850.2 18772.32 18694.65 18617.2 18539.96 18462.94 18386.14 18309.56 18233.21 18157.09 18081.21 18005.55 17930.14 17854.97 17780.04 17705.37 17630.94 17556.77 17482.85
-9999 -9999 -9999 -9999 -9999 21973.85 21889.27 21804.82 21720.5 21636.31 21552.26 21468.35 21384.57 21300.94 21217.45 21134.1 21050.89 20967.83 20884.92 20802.16 20719.56 20637.1 20554.8 20472.66 20390.68 20308.87 20227.21 20145.72 20064.4 19983.24 19902.26 19821.45 19740.82 19660.37 19580.09 19500 19420.09 19340.37 19260.84 19181.5 19102.36 19023.41 18944.66 18866.11 18787.76 18709.62 18631.69 18553.97 18476.47 18399.19 18322.12 18245.27 18168.65 18092.26 18016.1 17940.18 17864.49 17789.04 17713.84 17638.88 17564.17 17489.71 17415.51
-9999 -9999 -9999 -9999 22005.68 21920.77 21835.98 21751.32 21666.79 21582.4 21498.14 21414.01 21330.03 21246.18 21162.47 21078.9 20995.48 20912.2 20829.07 20746.08 20663.25 20580.57 20498.05 20415.68 20333.47 20251.42 20169.53 20087.81 20006.25 19924.86 19843.64 19762.59 19681.72 19601.02 19520.5 19440.16 19360.01 19280.04 19200.26 19120.67 19041.27 18962.07 18883.06 18804.25 18725.65 18647.25 18569.06 18491.08 18413.31 18335.76 18258.42 18181.31 18104.42 18027.76 17951.32 17875.12 17799.16 17723.43 17647.95 17572.71 17497.71 17422.97 17348.49
-9999 -9999 -9999 22038.38 21953.13 21868.01 21783.02 21698.16 21613.42 21528.82 21444.35 21360.01 21275.81 21191.74 21107.82 21024.03 20940.39 20856.89 20773.54 20690.34 20607.28 20524.38 20441.63 20359.03 20276.59 20194.31 20112.19 20030.23 19948.43 19866.81 19785.35 19704.06 19622.95 19542.01 19461.24 19380.66 19300.26 19220.04 19140.01 19060.17 18980.52 18901.06 18821.79 18742.73 18663.87 18585.21 18506.76 18428.51 18350.48 18272.66 18195.05 18117.67 18040.51 17963.57 17886.87 17810.39 17734.15 17658.14 17582.38 17506.86 17431.58 17356.55 17281.78
-9999 -9999 22071.93 21986.36 21900.91 21815.59 21730.39 21645.32 21560.38 21475.57 21390.89 21306.34 21221.92 21137.64 21053.5 20969.5 20885.64 20801.92 20718.35 20634.92 20551.64 20468.51 20385.53 20302.71 20220.04 20137.53 20055.17 19972.98 19890.95 19809.09 19727.39 19645.87 19564.51 19483.33 19402.32 19321.49 19240.84 19160.38 19080.09 19000 18920.1 18840.38 18760.86 18681.54 18602.42 18523.5 18444.78 18366.27 18287.97 18209.89 18132.02 18054.36 17976.93 17899.72 17822.74 17745.99 17669.46 17593.18 17517.13 17441.33 17365.77 17290.46 17215.4
-9999 22106.33 22020.45 21934.68 21849.03 21763.5 21678.1 21592.82 21507.67 21422.65 21337.76 21253 21168.37 21083.88 20999.52 20915.3 20831.23 20747.29 20663.49 20579.84 20496.34 20412.99 20329.78 20246.73 20163.83 20081.09 19998.5 19916.07 19833.81 19751.71 19669.77 19588.01 19506.41 19424.98 19343.73 19262.66 19181.76 19101.05 19020.52 18940.17 18860.01 18780.04 18700.27 18620.69 18541.3 18462.12 18383.14 18304.37 18225.81 18147.45 18069.31 17991.39 17913.68 17836.2 17758.94 17681.91 17605.11 17528.55 17452.22 17376.13 17300.29 17224.69 17149.34
-9999 22055.38 21969.3 21883.33 21797.48 21711.75 21626.14 21540.66 21455.3 21370.07 21284.97 21200 21115.16 21030.46 20945.88 20861.45 20777.15 20692.99 20608.98 20525.11 20441.38 20357.8 20274.37 20191.09 20107.96 20024.98 19942.17 19859.51 19777.01 19694.67 19612.5 19530.49 19448.65 19366.98 19285.49 19204.17 19123.02 19042.06 18961.28 18880.68 18800.27 18720.04 18640.01 18560.17 18480.53 18401.09 18321.85 18242.81 18163.97 18085.35 18006.94 17928.75 17850.77 17773.01 17695.48 17618.17 17541.09 17464.25 17387.64 17311.27 17235.14 17159.25 17083.62
-9999 22004.77 21918.48 21832.32 21746.26 21660.33 21574.52 21488.83 21403.27 21317.83 21232.52 21147.34 21062.29 20977.37 20892.58 20807.93 20723.42 20639.04 20554.8 20470.71 20386.76 20302.96 20219.3 20135.79 20052.43 19969.23 19886.18 19803.28 19720.55 19637.97 19555.56 19473.31 19391.23 19309.32 19227.58 19146.02 19064.63 18983.41 18902.38 18821.53 18740.87 18660.39 18580.1 18500 18420.1 18340.39 18260.89 18181.58 18102.49 18023.6 17944.92 17866.45 17788.2 17710.17 17632.36 17554.77 17477.41 17400.29 17323.39 17246.74 17170.32 17094.15 17018.22
-9999 -9999 21868.01 21781.64 21695.39 21609.26 21523.24 21437.35 21351.58 21265.94 21180.42 21095.02 21009.76 20924.63 20839.63 20754.76 20670.03 20585.43 20500.98 20416.66 20332.49 20248.46 20164.57 20080.84 19997.25 19913.81 19830.53 19747.4 19664.44 19581.63 19498.97 19416.49 19334.17 19252.01 19170.03 19088.22 19006.58 18925.12 18843.83 18762.73 18681.81 18601.08 18520.53 18440.17 18360.01 18280.04 18200.28 18120.71 18041.34 17962.18 17883.23 17804.49 17725.97 17647.66 17569.58 17491.71 17414.07 17336.67 17259.49 17182.55 17105.85 17029.39 16953.17
-9999 -9999 21817.88 21731.31 21644.86 21558.53 21472.31 21386.21 21300.23 21214.38 21128.65 21043.05 20957.58 20872.23 20787.02 20701.93 20616.98 20532.17 20447.49 20362.96 20278.56 20194.31 20110.2 20026.23 19942.42 19858.75 19775.24 19691.88 19608.67 19525.63 19442.74 19360.01 19277.45 19195.05 19112.82 19030.76 18948.88 18867.17 18785.63 18704.28 18623.1 18542.11 18461.31 18380.7 18300.27 18220.04 18140.01 18060.18 17980.54 17901.12 17821.9 17742.89 17664.09 17585.51 17507.14 17429 17351.08 17273.39 17195.93 17118.7 17041.71 16964.96 16888.46
-9999 -9999 21768.1 21681.33 21594.68 21508.14 21421.72 21335.42 21249.23 21163.18 21077.24 20991.43 20905.74 20820.18 20734.75 20649.46 20564.29 20479.26 20394.36 20309.6 20224.98 20140.51 20056.17 19971.98 19887.94 19804.04 19720.29 19636.7 19553.26 19469.98 19386.85 19303.88 19221.08 19138.44 19055.97 18973.67 18891.53 18809.57 18727.79 18646.18 18564.75 18483.51 18402.45 18321.57 18240.89 18160.4 18080.1 18000 17920.1 17840.4 17760.91 17681.63 17602.56 17523.7 17445.06 17366.63 17288.44 17210.46 17132.72 17055.21 16977.93 16900.89 16824.09
-9999 -9999 21718.66 21631.69 21544.84 21458.1 21371.48 21284.97 21198.58 21112.32 21026.17 20940.15 20854.26 20768.49 20682.84 20597.33 20511.95 20426.7 20341.58 20256.6 20171.76 20087.06 20002.5 19918.08 19833.81 19749.68 19665.71 19581.88 19498.21 19414.69 19331.32 19248.12 19165.07 19082.19 18999.47 18916.92 18834.54 18752.33 18670.3 18588.44 18506.76 18425.25 18343.94 18262.8 18181.86 18101.11 18020.54 17940.18 17860.01 17780.04 17700.28 17620.73 17541.38 17462.24 17383.33 17304.62 17226.14 17147.89 17069.86 16992.06 16914.49 16837.16 16760.07
-9999 -9999 21669.56 21582.4 21495.35 21408.41 21321.59 21234.88 21148.29 21061.81 20975.46 20889.23 20803.13 20717.14 20631.29 20545.56 20459.96 20374.49 20289.16 20203.96 20118.9 20033.97 19949.19 19864.54 19780.04 19695.69 19611.48 19527.42 19443.51 19359.75 19276.15 19192.71 19109.42 19026.3 18943.34 18860.54 18777.91 18695.45 18613.17 18531.05 18449.12 18367.36 18285.79 18204.39 18123.19 18042.17 17961.35 17880.72 17800.28 17720.04 17640.01 17560.18 17480.56 17401.15 17321.95 17242.97 17164.21 17085.67 17007.35 16929.26 16851.41 16773.79 16696.41
-9999 -9999 21620.82 21533.46 21446.21 21359.07 21272.05 21185.14 21098.34 21011.66 20925.11 20838.67 20752.35 20666.16 20580.09 20494.14 20408.33 20322.65 20237.09 20151.68 20066.39 19981.24 19896.23 19811.36 19726.63 19642.05 19557.61 19473.31 19389.17 19305.18 19221.34 19137.66 19054.13 18970.77 18887.56 18804.52 18721.64 18638.94 18556.4 18474.04 18391.85 18309.83 18228 18146.35 18064.88 17983.6 17902.51 17821.62 17740.91 17660.41 17580.1 17500 17420.1 17340.42 17260.94 17181.68 17102.63 17023.81 16945.21 16866.83 16788.69 16710.78 16633.1
-9999 -9999 21572.44 21484.88 21397.43 21310.09 21222.87 21135.75 21048.75 20961.87 20875.11 20788.46 20701.93 20615.53 20529.25 20443.09 20357.06 20271.16 20185.39 20099.75 20014.24 19928.87 19843.64 19758.54 19673.59 19588.77 19504.1 19419.58 19335.2 19250.97 19166.9 19082.98 18999.21 18915.6 18832.15 18748.87 18665.74 18582.79 18500 18417.38 18334.94 18252.67 18170.58 18088.67 18006.94 17925.4 17844.05 17762.88 17681.91 17601.14 17520.56 17440.18 17360.01 17280.05 17200.29 17120.75 17041.42 16962.31 16883.42 16804.76 16726.33 16648.12 16570.15
-9999 -9999 21524.4 21436.65 21349 21261.47 21174.04 21086.73 20999.52 20912.44 20825.46 20738.61 20651.88 20565.26 20478.77 20392.4 20306.16 20220.04 20134.05 20048.19 19962.46 19876.87 19791.41 19706.09 19620.91 19535.87 19450.96 19366.21 19281.6 19197.13 19112.82 19028.66 18944.66 18860.81 18777.11 18693.58 18610.21 18527.01 18443.97 18361.1 18278.4 18195.88 18113.53 18031.36 17949.37 17867.57 17785.95 17704.52 17623.28 17542.23 17461.39 17380.74 17300.29 17220.05 17140.01 17060.19 16980.58 16901.18 16822.01 16743.06 16664.33 16585.84 16507.57
-9999 -9999 21476.73 21388.78 21300.94 21213.2 21125.58 21038.06 20950.66 20863.37 20776.19 20689.13 20602.18 20515.36 20428.66 20342.07 20255.62 20169.28 20083.08 19997 19911.05 19825.24 19739.55 19654.01 19568.6 19483.33 19398.2 19313.21 19228.37 19143.67 19059.12 18974.72 18890.47 18806.38 18722.45 18638.67 18555.05 18471.6 18388.31 18305.19 18222.24 18139.46 18056.86 17974.43 17892.18 17810.11 17728.23 17646.53 17565.02 17483.71 17402.59 17321.66 17240.94 17160.42 17080.11 17000 16920.11 16840.43 16760.97 16681.73 16602.71 16523.92 16445.36
-9999 -9999 21429.42 21341.28 21253.23 21165.3 21077.48 20989.76 20902.15 20814.66 20727.28 20640.01 20552.86 20465.82 20378.91 20292.12 20205.45 20118.9 20032.47 19946.18 19860.01 19773.97 19688.07 19602.29 19516.66 19431.16 19345.8 19260.58 19175.51 19090.57 19005.79 18921.15 18836.67 18752.33 18668.15 18584.13 18500.27 18416.57 18333.03 18249.66 18166.45 18083.42 18000.55 17917.87 17835.36 17753.03 17670.88 17588.92 17507.14 17425.56 17344.16 17262.97 17181.97 17101.17 17020.58 16940.19 16860.01 16780.05 16700.3 16620.77 16541.46 16462.38 16383.53
-9999 -9999 21382.47 21294.13 21205.89 21117.77 21029.74 20941.82 20854.02 20766.32 20678.73 20591.26 20503.9 20416.66 20329.54 20242.53 20155.64 20068.88 19982.24 19895.73 19809.34 19723.08 19636.96 19550.96 19465.1 19379.37 19293.78 19208.33 19123.02 19037.86 18952.84 18867.96 18783.24 18698.66 18614.24 18529.98 18445.87 18361.92 18278.13 18194.5 18111.05 18027.76 17944.64 17861.69 17778.92 17696.33 17613.91 17531.69 17449.64 17367.79 17286.12 17204.65 17123.38 17042.3 16961.43 16880.76 16800.3 16720.05 16640.01 16560.19 16480.59 16401.22 16322.07
-9999 21424.52 21335.88 21247.35 21158.92 21070.6 20982.37 20894.26 20806.25 20718.35 20630.56 20542.88 20455.32 20367.87 20280.53 20193.32 20106.22 20019.24 19932.38 19845.65 19759.05 19672.57 19586.22 19500 19413.91 19327.96 19242.14 19156.46 19070.92 18985.52 18900.26 18815.15 18730.19 18645.38 18560.71 18476.2 18391.85 18307.65 18223.61 18139.74 18056.02 17972.48 17889.1 17805.9 17722.87 17640.01 17557.33 17474.84 17392.53 17310.4 17228.46 17146.72 17065.17 16983.82 16902.66 16821.71 16740.97 16660.43 16580.11 16500 16420.11 16340.44 16261
-9999 21378.49 21289.67 21200.94 21112.32 21023.8 20935.38 20847.06 20758.85 20670.75 20582.76 20494.88 20407.11 20319.45 20231.91 20144.48 20057.17 19969.98 19882.91 19795.96 19709.13 19622.44 19535.87 19449.42 19363.11 19276.93 19190.88 19104.97 19019.2 18933.57 18848.08 18762.73 18677.53 18592.47 18507.57 18422.81 18338.21 18253.77 18169.48 18085.35 18001.39 17917.59 17833.96 17750.49 17667.2 17584.08 17501.14 17418.38 17335.8 17253.41 17171.2 17089.18 17007.35 16925.72 16844.29 16763.05 16682.03 16601.21 16520.59 16440.2 16360.01 16280.05 16200.31
-9999 21332.84 21243.82 21154.9 21066.09 20977.37 20888.75 20800.24 20711.83 20623.53 20535.34 20447.25 20359.27 20271.41 20183.66 20096.02 20008.5 19921.09 19833.81 19746.64 19659.6 19572.69 19485.89 19399.23 19312.69 19226.28 19140.01 19053.87 18967.87 18882 18796.28 18710.69 18625.25 18539.96 18454.81 18369.81 18284.97 18200.28 18115.74 18031.36 17947.14 17863.09 17779.2 17695.48 17611.93 17528.55 17445.34 17362.32 17279.47 17196.8 17114.32 17032.03 16949.93 16868.02 16786.3 16704.79 16623.48 16542.37 16461.47 16380.78 16300.31 16220.05 16140.01
-9999 21287.55 21198.35 21109.24 21020.23 20931.32 20842.5 20753.79 20665.19 20576.69 20488.29 20400 20311.82 20223.75 20135.79 20047.94 19960.21 19872.59 19785.1 19697.71 19610.46 19523.32 19436.31 19349.42 19262.66 19176.03 19089.53 19003.16 18916.92 18830.83 18744.87 18659.05 18573.37 18487.83 18402.45 18317.21 18232.12 18147.18 18062.39 17977.76 17893.29 17808.99 17724.84 17640.86 17557.05 17473.41 17389.94 17306.65 17223.53 17140.6 17057.84 16975.28 16892.9 16810.71 16728.72 16646.92 16565.33 16483.93 16402.74 16321.76 16241 16160.45 16080.11
-9999 21242.65 21153.25 21063.95 20974.75 20885.64 20796.63 20707.73 20618.92 20530.22 20441.63 20353.13 20264.75 20176.47 20088.3 20000.25 19912.31 19824.48 19736.77 19649.17 19561.7 19474.34 19387.11 19300 19213.02 19126.16 19039.43 18952.84 18866.37 18780.04 18693.85 18607.79 18521.88 18436.11 18350.48 18264.99 18179.66 18094.47 18009.44 17924.56 17839.84 17755.28 17670.88 17586.64 17502.57 17418.67 17334.94 17251.38 17167.99 17084.79 17001.76 16918.92 16836.27 16753.8 16671.53 16589.46 16507.57 16425.89 16344.42 16263.15 16182.09 16101.24 16020.61
