InputData/dist_14.txt
ncols         192
nrows         185
xllcorner     521121.3274656
yllcorner     8193989.8049443
cellsize      100
NODATA_value  -9999
[rows 60 to 89 of 185, columns 0 to 67 of 192]
-9999 -9999 -9999 -9999 -9999 -9999 -9999 -9999 -9999 -9999 -9999 -9999 -9999 -9999 -9999 -9999 -9999 -9999 28095.91 27997.32 27898.75 27800.18 27701.63 27603.08 27504.54 27406.02 27307.51 27209.01 27110.51 27012.04 26913.56 26815.11 26716.66 26618.23 26519.8 26421.39 26322.99 26224.61 26126.23 26027.87 25929.52 25831.18 25732.86 25634.55 25536.25 25437.96 25339.69 25241.43 25143.19 25044.96 24946.74 24848.54 24750.35 24652.18 24554.02 24455.88 24357.75 24259.64 24161.54 24063.46 23965.39 23867.34 23769.31 23671.29 23573.29 23475.31 23377.34 23279.39
-9999 -9999 -9999 -9999 -9999 -9999 -9999 -9999 -9999 -9999 -9999 -9999 -9999 -9999 -9999 -9999 -9999 -9999 -9999 -9999 27882.07 27783.45 27684.83 27586.23 27487.63 27389.05 27290.47 27191.91 27093.36 26994.81 26896.28 26797.76 26699.25 26600.75 26502.26 26403.79 26305.32 26206.87 26108.43 26010 25911.58 25813.18 25714.78 25616.4 25518.03 25419.68 25321.33 25223.01 25124.69 25026.39 24928.1 24829.82 24731.56 24633.31 24535.08 24436.86 24338.65 24240.46 24142.29 24044.13 23945.98 23847.85 23749.74 23651.64 23553.56 23455.49 23357.44 23259.41
-9999 -9999 -9999 -9999 -9999 -9999 -9999 -9999 -9999 -9999 -9999 -9999 -9999 -9999 -9999 -9999 -9999 -9999 -9999 -9999 -9999 27767.07 27668.39 27569.73 27471.08 27372.43 27273.8 27175.17 27076.56 26977.95 26879.36 26780.78 26682.2 26583.64 26485.09 26386.55 26288.02 26189.5 26090.99 25992.5 25894.02 25795.54 25697.08 25598.63 25500.2 25401.77 25303.36 25204.96 25106.57 25008.2 24909.84 24811.49 24713.15 24614.83 24516.53 24418.23 24319.95 24221.68 24123.43 24025.2 23926.97 23828.76 23730.57 23632.39 23534.23 23436.08 23337.95 23239.84
-9999 -9999 -9999 -9999 -9999 -9999 -9999 -9999 -9999 -9999 -9999 -9999 -9999 -9999 -9999 -9999 -9999 -9999 -9999 -9999 -9999 -9999 -9999 27553.58 27454.87 27356.17 27257.48 27158.79 27060.12 26961.45 26862.8 26764.15 26665.52 26566.9 26468.28 26369.68 26271.09 26172.5 26073.93 25975.37 25876.82 25778.29 25679.76 25581.24 25482.74 25384.25 25285.77 25187.3 25088.84 24990.4 24891.97 24793.55 24695.14 24596.75 24498.37 24400 24301.65 24203.3 24104.98 24006.67 23908.37 23810.08 23711.81 23613.55 23515.31 23417.09 23318.88 23220.68
-9999 -9999 -9999 -9999 -9999 -9999 -9999 -9999 -9999 -9999 -9999 -9999 -9999 -9999 -9999 -9999 -9999 -9999 -9999 -9999 -9999 -9999 -9999 27537.79 27439.02 27340.26 27241.51 27142.77 27044.04 26945.31 26846.6 26747.9 26649.2 26550.52 26451.84 26353.18 26254.52 26155.88 26057.24 25958.62 25860.01 25761.4 25662.81 25564.23 25465.66 25367.11 25268.56 25170.02 25071.5 24972.99 24874.48 24776 24677.52 24579.06 24480.61 24382.17 24283.74 24185.33 24086.93 23988.54 23890.17 23791.8 23693.46 23595.13 23496.81 23398.5 23300.21 23201.94
-9999 -9999 -9999 -9999 -9999 -9999 -9999 -9999 -9999 -9999 -9999 -9999 -9999 -9999 -9999 -9999 -9999 -9999 -9999 -9999 -9999 -9999 -9999 -9999 27423.53 27324.71 27225.91 27127.11 27028.32 26929.54 26830.77 26732 26633.25 26534.51 26435.77 26337.05 26238.33 26139.63 26040.93 25942.24 25843.57 25744.9 25646.25 25547.6 25448.97 25350.35 25251.73 25153.13 25054.54 24955.96 24857.39 24758.84 24660.29 24561.76 24463.24 24364.73 24266.23 24167.75 24069.28 23970.82 23872.37 23773.94 23675.52 23577.11 23478.71 23380.33 23281.97 23183.62
-9999 -9999 -9999 -9999 -9999 -9999 -9999 -9999 -9999 -9999 -9999 -9999 -9999 -9999 -9999 -9999 -9999 -9999 -9999 -9999 -9999 -9999 -9999 -9999 27408.39 27309.52 27210.66 27111.8 27012.96 26914.12 26815.29 26716.47 26617.66 26518.86 26420.07 26321.28 26222.51 26123.74 26024.99 25926.24 25827.5 25728.78 25630.06 25531.35 25432.66 25333.97 25235.29 25136.63 25037.97 24939.33 24840.69 24742.07 24643.46 24544.86 24446.27 24347.69 24249.12 24150.57 24052.03 23953.5 23854.98 23756.47 23657.98 23559.5 23461.03 23362.58 23264.13 23165.71
-9999 -9999 -9999 -9999 -9999 -9999 -9999 -9999 -9999 -9999 -9999 -9999 -9999 -9999 -9999 -9999 -9999 -9999 -9999 -9999 -9999 -9999 -9999 -9999 27393.61 27294.69 27195.77 27096.86 26997.96 26899.07 26800.19 26701.31 26602.44 26503.58 26404.73 26305.89 26207.06 26108.24 26009.42 25910.62 25811.82 25713.03 25614.25 25515.49 25416.73 25317.98 25219.24 25120.51 25021.79 24923.08 24824.38 24725.7 24627.02 24528.35 24429.7 24331.05 24232.42 24133.79 24035.18 23936.58 23837.99 23739.42 23640.85 23542.3 23443.76 23345.23 23246.72 23148.22
-9999 -9999 -9999 -9999 -9999 -9999 -9999 -9999 -9999 -9999 -9999 -9999 -9999 -9999 -9999 -9999 -9999 -9999 -9999 -9999 -9999 -9999 -9999 -9999 27379.19 27280.21 27181.24 27082.28 26983.33 26884.38 26785.44 26686.51 26587.59 26488.68 26389.77 26290.87 26191.98 26093.1 25994.23 25895.37 25796.51 25697.67 25598.83 25500 25401.18 25302.37 25203.57 25104.78 25006 24907.23 24808.47 24709.71 24610.97 24512.24 24413.52 24314.81 24216.11 24117.42 24018.74 23920.08 23821.42 23722.77 23624.14 23525.52 23426.91 23328.31 23229.72 23131.15
-9999 -9999 -9999 -9999 -9999 -9999 -9999 -9999 -9999 -9999 -9999 -9999 -9999 -9999 -9999 -9999 -9999 -9999 -9999 -9999 -9999 -9999 -9999 -9999 27365.12 27266.1 27167.08 27068.06 26969.06 26870.06 26771.07 26672.08 26573.11 26474.14 26375.18 26276.22 26177.28 26078.34 25979.41 25880.49 25781.58 25682.68 25583.78 25484.9 25386.02 25287.15 25188.29 25089.44 24990.6 24891.77 24792.94 24694.13 24595.32 24496.53 24397.75 24298.97 24200.21 24101.45 24002.71 23903.97 23805.25 23706.54 23607.84 23509.15 23410.47 23311.8 23213.14 23114.5
-9999 -9999 -9999 -9999 -9999 -9999 -9999 -9999 -9999 -9999 -9999 -9999 -9999 -9999 -9999 -9999 -9999 -9999 -9999 -9999 -9999 -9999 -9999 27450.5 27351.42 27252.34 27153.27 27054.21 26955.15 26856.1 26757.05 26658.02 26558.99 26459.97 26360.96 26261.95 26162.95 26063.96 25964.98 25866 25767.03 25668.07 25569.12 25470.18 25371.24 25272.32 25173.4 25074.49 24975.59 24876.7 24777.81 24678.94 24580.07 24481.22 24382.37 24283.53 24184.71 24085.89 23987.08 23888.28 23789.49 23690.71 23591.95 23493.19 23394.44 23295.71 23196.98 23098.27
-9999 -9999 -9999 -9999 -9999 -9999 -9999 -9999 -9999 -9999 -9999 -9999 -9999 -9999 -9999 -9999 -9999 -9999 -9999 -9999 -9999 -9999 -9999 27437.2 27338.07 27238.94 27139.82 27040.71 26941.6 26842.5 26743.41 26644.32 26545.24 26446.17 26347.11 26248.05 26149 26049.95 25950.92 25851.89 25752.86 25653.85 25554.84 25455.84 25356.85 25257.87 25158.89 25059.93 24960.97 24862.02 24763.08 24664.14 24565.22 24466.3 24367.4 24268.5 24169.61 24070.73 23971.86 23873 23774.15 23675.3 23576.47 23477.65 23378.84 23280.04 23181.24 23082.46
-9999 -9999 -9999 -9999 -9999 -9999 -9999 -9999 -9999 -9999 -9999 -9999 -9999 -9999 -9999 -9999 -9999 -9999 -9999 -9999 -9999 -9999 -9999 27424.26 27325.08 27225.91 27126.74 27027.58 26928.42 26829.28 26730.13 26631 26531.87 26432.74 26333.63 26234.52 26135.42 26036.32 25937.23 25838.15 25739.08 25640.01 25540.95 25441.89 25342.85 25243.81 25144.78 25045.76 24946.74 24847.74 24748.74 24649.75 24550.76 24451.79 24352.82 24253.87 24154.92 24055.98 23957.04 23858.12 23759.21 23660.3 23561.41 23462.52 23363.65 23264.78 23165.92 23067.08
-9999 -9999 -9999 -9999 -9999 -9999 -9999 -9999 -9999 -9999 -9999 -9999 -9999 -9999 -9999 -9999 -9999 -9999 -9999 -9999 -9999 27610.14 27510.91 27411.68 27312.45 27213.23 27114.02 27014.81 26915.61 26816.41 26717.22 26618.04 26518.86 26419.69 26320.52 26221.37 26122.21 26023.07 25923.93 25824.79 25725.67 25626.55 25527.44 25428.33 25329.23 25230.14 25131.06 25031.98 24932.91 24833.85 24734.79 24635.75 24536.71 24437.68 24338.65 24239.64 24140.63 24041.63 23942.64 23843.66 23744.68 23645.72 23546.76 23447.81 23348.88 23249.95 23151.03 23052.12
-9999 -9999 -9999 -9999 -9999 -9999 -9999 -9999 -9999 -9999 -9999 -9999 -9999 -9999 -9999 -9999 -9999 -9999 -9999 -9999 27697.29 27598.01 27498.73 27399.45 27300.18 27200.92 27101.66 27002.41 26903.16 26803.92 26704.68 26605.45 26506.23 26407.01 26307.79 26208.59 26109.38 26010.19 25911 25811.82 25712.64 25613.47 25514.31 25415.15 25316 25216.86 25117.72 25018.59 24919.47 24820.36 24721.25 24622.14 24523.05 24423.96 24324.88 24225.81 24126.75 24027.69 23928.64 23829.6 23730.57 23631.55 23532.53 23433.52 23334.52 23235.53 23136.55 23037.58
-9999 -9999 -9999 -9999 -9999 -9999 -9999 -9999 -9999 -9999 -9999 -9999 -9999 -9999 -9999 -9999 -9999 -9999 -9999 -9999 27685.56 27586.23 27486.91 27387.59 27288.28 27188.97 27089.67 26990.37 26891.08 26791.79 26692.51 26593.23 26493.96 26394.7 26295.44 26196.18 26096.94 25997.69 25898.46 25799.22 25700 25600.78 25501.57 25402.36 25303.16 25203.97 25104.78 25005.6 24906.43 24807.26 24708.1 24608.94 24509.79 24410.65 24311.52 24212.39 24113.27 24014.16 23915.06 23815.96 23716.87 23617.79 23518.72 23419.65 23320.59 23221.54 23122.5 23023.47
-9999 -9999 -9999 -9999 -9999 -9999 -9999 -9999 -9999 -9999 -9999 -9999 -9999 -9999 -9999 -9999 -9999 -9999 -9999 -9999 27674.18 27574.81 27475.44 27376.08 27276.73 27177.38 27078.04 26978.7 26879.36 26780.03 26680.71 26581.38 26482.07 26382.76 26283.46 26184.16 26084.86 25985.57 25886.29 25787.01 25687.74 25588.47 25489.21 25389.96 25290.71 25191.47 25092.23 24993 24893.77 24794.56 24695.34 24596.14 24496.94 24397.75 24298.56 24199.38 24100.21 24001.04 23901.88 23802.73 23703.59 23604.45 23505.32 23406.2 23307.08 23207.97 23108.87 23009.78
-9999 -9999 -9999 -9999 -9999 -9999 -9999 -9999 -9999 -9999 -9999 -9999 -9999 -9999 -9999 -9999 -9999 -9999 -9999 -9999 27663.15 27563.74 27464.34 27364.94 27265.55 27166.16 27066.77 26967.39 26868.01 26768.64 26669.27 26569.91 26470.55 26371.2 26271.85 26172.5 26073.17 25973.83 25874.5 25775.18 25675.86 25576.55 25477.24 25377.94 25278.65 25179.36 25080.07 24980.79 24881.52 24782.25 24682.99 24583.73 24484.48 24385.24 24286 24186.77 24087.55 23988.33 23889.12 23789.91 23690.71 23591.52 23492.34 23393.16 23293.99 23194.83 23095.67 22996.52
-9999 -9999 -9999 -9999 -9999 -9999 -9999 -9999 -9999 -9999 -9999 -9999 -9999 -9999 -9999 -9999 -9999 -9999 -9999 27751.94 27652.49 27553.04 27453.6 27354.16 27254.72 27155.29 27055.87 26956.45 26857.03 26757.62 26658.21 26558.8 26459.4 26360.01 26260.62 26161.23 26061.85 25962.47 25863.1 25763.73 25664.37 25565.02 25465.66 25366.32 25266.97 25167.64 25068.31 24968.98 24869.66 24770.35 24671.04 24571.73 24472.43 24373.14 24273.85 24174.57 24075.3 23976.03 23876.77 23777.51 23678.26 23579.02 23479.78 23380.55 23281.32 23182.11 23082.89 22983.69
-9999 -9999 -9999 -9999 -9999 -9999 -9999 -9999 -9999 -9999 -9999 -9999 -9999 -9999 -9999 -9999 -9999 -9999 27841.16 27741.67 27642.18 27542.69 27443.21 27343.74 27244.27 27144.8 27045.33 26945.87 26846.41 26746.96 26647.51 26548.07 26448.63 26349.19 26249.76 26150.33 26050.91 25951.49 25852.08 25752.67 25653.27 25553.87 25454.47 25355.08 25255.69 25156.31 25056.94 24957.56 24858.2 24758.84 24659.48 24560.13 24460.79 24361.45 24262.11 24162.78 24063.46 23964.14 23864.83 23765.52 23666.22 23566.93 23467.64 23368.36 23269.08 23169.81 23070.54 22971.29
-9999 -9999 -9999 -9999 -9999 -9999 -9999 -9999 -9999 -9999 -9999 -9999 -9999 -9999 -9999 -9999 -9999 27930.81 27831.28 27731.75 27632.23 27532.71 27433.19 27333.68 27234.17 27134.66 27035.16 26935.66 26836.17 26736.68 26637.19 26537.71 26438.23 26338.75 26239.28 26139.82 26040.35 25940.89 25841.44 25741.99 25642.54 25543.1 25443.66 25344.23 25244.8 25145.38 25045.96 24946.54 24847.13 24747.73 24648.33 24548.93 24449.54 24350.15 24250.77 24151.4 24052.03 23952.66 23853.3 23753.95 23654.6 23555.25 23455.92 23356.58 23257.26 23157.94 23058.62 22959.31
-9999 -9999 -9999 -9999 -9999 -9999 -9999 -9999 -9999 -9999 -9999 -9999 -9999 -9999 -9999 -9999 28020.88 27921.32 27821.75 27722.19 27622.63 27523.08 27423.53 27323.98 27224.44 27124.9 27025.36 26925.82 26826.29 26726.77 26627.24 26527.72 26428.21 26328.69 26229.18 26129.68 26030.17 25930.68 25831.18 25731.69 25632.21 25532.72 25433.25 25333.77 25234.3 25134.84 25035.38 24935.92 24836.46 24737.02 24637.57 24538.13 24438.7 24339.27 24239.84 24140.42 24041.01 23941.6 23842.19 23742.79 23643.39 23544 23444.62 23345.23 23245.86 23146.49 23047.13 22947.77
-9999 -9999 -9999 -9999 -9999 -9999 -9999 -9999 -9999 -9999 -9999 -9999 -9999 -9999 28210.99 28111.38 28011.78 27912.18 27812.59 27712.99 27613.4 27513.81 27414.23 27314.65 27215.07 27115.49 27015.92 26916.35 26816.79 26717.22 26617.66 26518.11 26418.55 26319 26219.46 26119.92 26020.38 25920.84 25821.31 25721.78 25622.26 25522.73 25423.22 25323.71 25224.2 25124.69 25025.19 24925.69 24826.2 24726.71 24627.22 24527.74 24428.26 24328.79 24229.32 24129.86 24030.4 23930.94 23831.49 23732.04 23632.61 23533.17 23433.74 23334.31 23234.89 23135.47 23036.06 22936.65
-9999 -9999 -9999 -9999 -9999 -9999 -9999 -9999 -9999 -9999 -9999 -9999 -9999 -9999 28202.3 28102.67 28003.04 27903.4 27803.78 27704.15 27604.53 27504.91 27405.29 27305.68 27206.07 27106.46 27006.85 26907.25 26807.65 26708.05 26608.46 26508.87 26409.28 26309.69 26210.11 26110.54 26010.96 25911.39 25811.82 25712.25 25612.69 25513.13 25413.58 25314.03 25214.48 25114.94 25015.39 24915.86 24816.33 24716.8 24617.27 24517.75 24418.23 24318.72 24219.21 24119.7 24020.2 23920.7 23821.21 23721.72 23622.23 23522.76 23423.28 23323.81 23224.34 23124.88 23025.42 22925.97
-9999 -9999 -9999 -9999 -9999 -9999 -9999 -9999 -9999 -9999 -9999 -9999 -9999 28293.64 28193.97 28094.3 27994.64 27894.98 27795.32 27695.67 27596.01 27496.36 27396.71 27297.07 27197.43 27097.79 26998.15 26898.51 26798.88 26699.25 26599.63 26500 26400.38 26300.76 26201.14 26101.53 26001.92 25902.32 25802.71 25703.11 25603.52 25503.92 25404.33 25304.74 25205.16 25105.58 25006 24906.43 24806.85 24707.29 24607.72 24508.16 24408.61 24309.05 24209.5 24109.96 24010.41 23910.88 23811.34 23711.81 23612.29 23512.76 23413.24 23313.73 23214.22 23114.71 23015.21 22915.71
-9999 -9999 -9999 -9999 -9999 -9999 -9999 -9999 -9999 -9999 -9999 -9999 -9999 28285.69 28185.99 28086.29 27986.6 27886.91 27787.23 27687.54 27587.86 27488.18 27388.5 27288.83 27189.15 27089.48 26989.81 26890.15 26790.48 26690.82 26591.16 26491.51 26391.86 26292.21 26192.56 26092.91 25993.27 25893.63 25793.99 25694.36 25594.73 25495.1 25395.47 25295.85 25196.23 25096.61 24997 24897.39 24797.78 24698.18 24598.58 24498.98 24399.38 24299.79 24200.21 24100.62 24001.04 23901.46 23801.89 23702.32 23602.75 23503.19 23403.63 23304.08 23204.53 23104.98 23005.43 22905.89
-9999 -9999 -9999 -9999 -9999 -9999 -9999 -9999 -9999 -9999 -9999 -9999 -9999 28278.08 28178.36 28078.64 27978.92 27879.2 27779.49 27679.78 27580.06 27480.36 27380.65 27280.95 27181.24 27081.54 26981.85 26882.15 26782.46 26682.77 26583.08 26483.39 26383.71 26284.03 26184.35 26084.67 25985 25885.32 25785.65 25685.99 25586.32 25486.66 25387 25287.35 25187.7 25088.04 24988.4 24888.75 24789.11 24689.47 24589.84 24490.2 24390.57 24290.95 24191.32 24091.7 23992.08 23892.47 23792.86 23693.25 23593.64 23494.04 23394.44 23294.85 23195.26 23095.67 22996.09 22896.51
-9999 -9999 -9999 -9999 -9999 -9999 -9999 -9999 -9999 -9999 -9999 -9999 -9999 28270.83 28171.08 28071.34 27971.59 27871.85 27772.11 27672.37 27572.63 27472.9 27373.16 27273.43 27173.7 27073.97 26974.25 26874.52 26774.8 26675.08 26575.37 26475.65 26375.94 26276.22 26176.52 26076.81 25977.11 25877.4 25777.7 25678.01 25578.31 25478.62 25378.93 25279.24 25179.55 25079.87 24980.19 24880.51 24780.84 24681.17 24581.5 24481.83 24382.17 24282.5 24182.85 24083.19 23983.54 23883.89 23784.24 23684.59 23584.95 23485.31 23385.68 23286.05 23186.42 23086.79 22987.17 22887.55
-9999 -9999 -9999 -9999 -9999 -9999 -9999 -9999 -9999 -9999 -9999 -9999 -9999 28263.94 28164.16 28064.39 27964.62 27864.85 27765.09 27665.32 27565.56 27465.8 27366.04 27266.28 27166.52 27066.77 26967.02 26867.27 26767.52 26667.77 26568.03 26468.28 26368.54 26268.8 26169.07 26069.33 25969.6 25869.87 25770.14 25670.41 25570.69 25470.96 25371.24 25271.53 25171.81 25072.1 24972.38 24872.68 24772.97 24673.27 24573.56 24473.86 24374.17 24274.47 24174.78 24075.09 23975.4 23875.72 23776.04 23676.36 23576.68 23477.01 23377.34 23277.67 23178.01 23078.35 22978.69 22879.03
-9999 -9999 -9999 -9999 -9999 -9999 -9999 -9999 -9999 -9999 -9999 -9999 28357.19 28257.39 28157.59 28057.8 27958 27858.21 27758.42 27658.63 27558.85 27459.06 27359.28 27259.49 27159.71 27059.93 26960.16 26860.38 26760.61 26660.83 26561.06 26461.29 26361.53 26261.76 26162 26062.23 25962.47 25862.71 25762.96 25663.2 25563.45 25463.7 25363.95 25264.2 25164.46 25064.72 24964.97 24865.24 24765.5 24665.77 24566.03 24466.3 24366.58 24266.85 24167.13 24067.41 23967.69 23867.97 23768.26 23668.54 23568.84 23469.13 23369.42 23269.72 23170.02 23070.33 22970.63 22870.94
