InputData/dist_8.txt
ncols         283
nrows         124
xllcorner     557637.52107574
yllcorner     8184194.4671621
cellsize      100
NODATA_value  -9999
[rows 32 to 63 of 124, columns 0 to 72 of 283]
-9999 -9999 -9999 -9999 -9999 -9999 -9999 -9999 -9999 -9999 -9999 -9999 6152.235 6251.4 6350.59 6449.806 6549.046 6648.308 6747.592 6846.897 6946.222 7045.566 7144.928 7244.308 7343.705 7443.118 7542.546 7641.989 7741.447 7840.918 7940.403 8039.9 8139.41 8238.932 8338.465 8438.009 8537.564 8637.129 8736.704 8836.289 8935.883 9035.485 9135.097 9234.717 9334.345 9433.981 9533.625 9633.275 9732.934 9832.599 9932.271 10031.95 10131.63 10231.32 10331.02 10430.72 10530.43 10630.15 10729.87 10829.59 10929.32 11029.05 11128.79 11228.54 11328.28 11428.04 11527.79 11627.55 11727.32 11827.09 11926.86 12026.64 12126.42
-9999 -9999 -9999 -9999 -9999 -9999 -9999 -9999 -9999 -9999 -9999 -9999 6166.036 6264.982 6363.961 6462.972 6562.012 6661.081 6760.178 6859.3 6958.448 7057.62 7156.815 7256.032 7355.27 7454.529 7553.807 7653.104 7752.419 7851.751 7951.101 8050.466 8149.847 8249.242 8348.652 8448.077 8547.515 8646.965 8746.428 8845.903 8945.39 9044.888 9144.397 9243.917 9343.447 9442.986 9542.536 9642.095 9741.663 9841.24 9940.825 10040.42 10140.02 10239.63 10339.25 10438.87 10538.5 10638.14 10737.78 10837.44 10937.09 11036.76 11136.43 11236.1 11335.78 11435.47 11535.16 11634.86 11734.56 11834.27 11933.99 12033.7 12133.42
-9999 -9999 -9999 -9999 -9999 -9999 -9999 -9999 -9999 -9999 -9999 -9999 6181.424 6280.127 6378.872 6477.654 6576.473 6675.328 6774.216 6873.136 6972.087 7071.068 7170.077 7269.113 7368.175 7467.262 7566.373 7665.507 7764.664 7863.841 7963.04 8062.258 8161.495 8260.751 8360.023 8459.314 8558.621 8657.944 8757.282 8856.636 8956.004 9055.385 9154.78 9254.188 9353.609 9453.042 9552.486 9651.942 9751.41 9850.889 9950.377 10049.88 10149.38 10248.9 10348.43 10447.97 10547.51 10647.07 10746.63 10846.2 10945.78 11045.36 11144.95 11244.55 11344.16 11443.78 11543.4 11643.02 11742.66 11842.3 11941.94 12041.59 12141.25
-9999 -9999 -9999 -9999 -9999 -9999 -9999 -9999 -9999 -9999 -9999 -9999 6198.387 6296.825 6395.311 6493.843 6592.42 6691.039 6789.698 6888.396 6987.131 7085.901 7184.706 7283.543 7382.412 7481.31 7580.237 7679.193 7778.175 7877.182 7976.215 8075.271 8174.35 8273.451 8372.574 8471.718 8570.881 8670.063 8769.265 8868.483 8967.72 9066.973 9166.242 9265.527 9364.828 9464.143 9563.473 9662.815 9762.172 9861.541 9960.924 10060.32 10159.72 10259.14 10358.57 10458.01 10557.46 10656.92 10756.39 10855.87 10955.36 11054.86 11154.37 11253.89 11353.41 11452.95 11552.49 11652.04 11751.6 11851.16 11950.73 12050.31 12149.9
-9999 -9999 -9999 -9999 -9999 -9999 -9999 -9999 -9999 -9999 -9999 -9999 6216.913 6315.062 6413.268 6511.528 6609.841 6708.204 6806.614 6905.071 7003.57 7102.112 7200.694 7299.315 7397.973 7496.666 7595.394 7694.154 7792.945 7891.768 7990.62 8089.5 8188.406 8287.34 8386.299 8485.281 8584.288 8683.317 8782.369 8881.441 8980.534 9079.647 9178.78 9277.931 9377.1 9476.286 9575.489 9674.709 9773.945 9873.196 9972.462 10071.74 10171.04 10270.35 10369.67 10469 10568.35 10667.71 10767.08 10866.46 10965.86 11065.26 11164.68 11264.1 11363.54 11462.98 11562.44 11661.9 11761.38 11860.86 11960.35 12059.85 12159.36
-9999 -9999 -9999 -9999 -9999 -9999 -9999 -9999 -9999 -9999 -9999 -9999 6236.986 6334.824 6432.729 6530.697 6628.726 6726.812 6824.954 6923.149 7021.396 7119.691 7218.033 7316.42 7414.85 7513.321 7611.833 7710.383 7808.969 7907.591 8006.248 8104.937 8203.658 8302.409 8401.19 8500 8598.837 8697.701 8796.59 8895.505 8994.442 9093.404 9192.388 9291.394 9390.421 9489.468 9588.535 9687.621 9786.726 9885.849 9984.988 10084.15 10183.32 10282.51 10381.71 10480.94 10580.17 10679.42 10778.68 10877.96 10977.25 11076.55 11175.87 11275.19 11374.53 11473.88 11573.25 11672.62 11772 11871.39 11970.8 12070.21 12169.63
-9999 -9999 -9999 -9999 -9999 -9999 -9999 -9999 -9999 -9999 -9999 -9999 6258.594 6356.1 6453.681 6551.336 6649.06 6746.851 6844.706 6942.622 7040.597 7138.627 7236.712 7334.848 7433.034 7531.268 7629.548 7727.872 7826.238 7924.645 8023.092 8121.576 8220.098 8318.653 8417.244 8515.867 8614.522 8713.208 8811.924 8910.668 9009.439 9108.238 9207.063 9305.912 9404.786 9503.684 9602.604 9701.546 9800.51 9899.495 9998.5 10097.52 10196.57 10295.63 10394.71 10493.81 10592.92 10692.05 10791.2 10890.36 10989.54 11088.73 11187.94 11287.16 11386.4 11485.64 11584.9 11684.18 11783.46 11882.76 11982.07 12081.39 12180.72
-9999 -9999 -9999 -9999 -9999 -9999 -9999 -9999 -9999 -9999 -9999 -9999 -9999 6378.872 6476.11 6573.431 6670.832 6768.309 6865.857 6963.476 7061.162 7158.911 7256.721 7354.59 7452.516 7550.497 7648.529 7746.612 7844.744 7942.921 8041.144 8139.41 8237.718 8336.066 8434.453 8532.878 8631.338 8729.834 8828.363 8926.926 9025.52 9124.144 9222.798 9321.48 9420.191 9518.929 9617.692 9716.48 9815.294 9914.131 10012.99 10111.87 10210.78 10309.7 10408.65 10507.62 10606.6 10705.61 10804.63 10903.67 11002.73 11101.8 11200.89 11300 11399.12 11498.26 11597.41 11696.58 11795.76 11894.96 11994.17 12093.39 12192.62
-9999 -9999 -9999 -9999 -9999 -9999 -9999 -9999 -9999 -9999 -9999 -9999 -9999 6403.124 6500 6596.969 6694.027 6791.171 6888.396 6985.7 7083.079 7180.529 7278.049 7375.636 7473.286 7570.997 7668.768 7766.595 7864.477 7962.412 8060.397 8158.431 8256.513 8354.64 8452.811 8551.023 8649.277 8747.571 8845.903 8944.271 9042.677 9141.116 9239.589 9338.094 9436.631 9535.198 9633.795 9732.42 9831.073 9929.753 10028.46 10127.19 10225.95 10324.73 10423.53 10522.36 10621.21 10720.07 10818.96 10917.88 11016.81 11115.75 11214.72 11313.71 11412.71 11511.73 11610.77 11709.83 11808.89 11907.98 12007.08 12106.2 12205.33
-9999 -9999 -9999 -9999 -9999 -9999 -9999 -9999 -9999 -9999 -9999 -9999 -9999 6428.841 6525.335 6621.933 6718.631 6815.424 6912.308 7009.28 7106.335 7203.471 7300.685 7397.973 7495.332 7592.76 7690.253 7787.811 7885.43 7983.107 8080.841 8178.631 8276.473 8374.365 8472.308 8570.298 8668.333 8766.413 8864.536 8962.7 9060.905 9159.148 9257.43 9355.747 9454.1 9552.486 9650.906 9749.359 9847.843 9946.356 10044.9 10143.47 10242.07 10340.7 10439.35 10538.03 10636.73 10735.46 10834.21 10932.98 11031.77 11130.59 11229.43 11328.28 11427.16 11526.06 11624.97 11723.91 11822.86 11921.83 12020.82 12119.82 12218.84
-9999 -9999 -9999 -9999 -9999 -9999 -9999 -9999 -9999 -9999 -9999 -9999 -9999 6456.005 6552.099 6648.308 6744.627 6841.053 6937.579 7034.202 7130.918 7227.725 7324.616 7421.59 7518.644 7615.773 7712.976 7810.25 7907.591 8004.999 8102.469 8200 8297.59 8395.236 8492.938 8590.692 8688.498 8786.354 8884.256 8982.205 9080.198 9178.235 9276.313 9374.434 9472.592 9570.789 9669.022 9767.292 9865.597 9963.935 10062.31 10160.71 10259.14 10357.61 10456.1 10554.62 10653.17 10751.74 10850.35 10948.97 11047.62 11146.3 11245 11343.72 11442.46 11541.23 11640.02 11738.82 11837.65 11936.5 12035.36 12134.25 12233.15
-9999 -9999 -9999 -9999 -9999 -9999 -9999 -9999 -9999 -9999 -9999 -9999 -9999 6484.597 6580.273 6676.077 6772.001 6868.042 6964.194 7060.453 7156.815 7253.275 7349.83 7446.476 7543.209 7640.026 7736.924 7833.901 7930.952 8028.076 8125.269 8222.53 8319.855 8417.244 8514.693 8612.2 8709.765 8807.383 8905.055 9002.777 9100.55 9198.369 9296.235 9394.147 9492.102 9590.099 9688.137 9786.215 9884.331 9982.484 10080.67 10178.9 10277.16 10375.45 10473.78 10572.13 10670.52 10768.94 10867.38 10965.86 11064.36 11162.88 11261.44 11360.02 11458.62 11557.25 11655.9 11754.57 11853.27 11951.99 12050.73 12149.49 12248.27
-9999 -9999 -9999 -9999 -9999 -9999 -9999 -9999 -9999 -9999 -9999 -9999 -9999 6514.599 6609.841 6705.222 6800.735 6896.376 6992.139 7088.018 7184.01 7280.11 7376.313 7472.617 7569.016 7665.507 7762.087 7858.753 7955.501 8052.329 8149.233 8246.211 8343.261 8440.379 8537.564 8634.813 8732.125 8829.496 8926.926 9024.411 9121.951 9219.545 9317.188 9414.882 9512.623 9610.411 9708.244 9806.12 9904.04 10002 10100 10198.04 10296.12 10394.23 10492.38 10590.56 10688.78 10787.03 10885.31 10983.62 11081.97 11180.34 11278.74 11377.17 11475.63 11574.11 11672.62 11771.15 11869.71 11968.29 12066.9 12165.53 12264.18
-9999 -9999 -9999 -9999 -9999 -9999 -9999 -9999 -9999 -9999 -9999 -9999 -9999 6545.991 6640.783 6735.726 6830.813 6926.038 7021.396 7116.881 7212.489 7308.214 7404.053 7500 7596.052 7692.204 7788.453 7884.795 7981.228 8077.747 8174.35 8271.034 8367.795 8464.632 8561.542 8658.521 8755.569 8852.684 8949.86 9047.099 9144.397 9241.753 9339.165 9436.631 9534.149 9631.719 9729.337 9827.004 9924.717 10022.47 10120.28 10218.12 10316.01 10413.93 10511.9 10609.9 10707.94 10806.02 10904.13 11002.27 11100.45 11198.66 11296.9 11395.17 11493.48 11591.81 11690.17 11788.55 11886.97 11985.41 12083.87 12182.36 12280.88
-9999 -9999 -9999 -9999 -9999 -9999 -9999 -9999 -9999 -9999 -9999 -9999 -9999 6573.431 6670.832 6767.57 6862.215 6957.011 7051.95 7147.027 7242.237 7337.575 7433.034 7528.612 7624.303 7720.104 7816.009 7912.016 8008.121 8104.32 8200.609 8296.987 8393.45 8489.994 8586.617 8683.317 8780.091 8876.937 8973.851 9070.832 9167.879 9264.988 9362.158 9459.387 9556.673 9654.015 9751.41 9848.857 9946.356 10043.9 10141.5 10239.14 10336.83 10434.56 10532.33 10630.15 10728 10825.89 10923.83 11021.8 11119.8 11217.84 11315.92 11414.03 11512.17 11610.34 11708.54 11806.78 11905.04 12003.33 12101.65 12200 12298.37
-9999 -9999 -9999 -9999 -9999 -9999 -9999 -9999 -9999 -9999 -9999 -9999 -9999 6596.969 6694.027 6791.171 6888.396 6985.7 7083.079 7178.44 7273.239 7368.175 7463.243 7558.439 7653.757 7749.193 7844.744 7940.403 8036.168 8132.036 8228.001 8324.062 8420.214 8516.455 8612.781 8709.19 8805.68 8902.247 8998.889 9095.604 9192.388 9289.241 9386.16 9483.143 9580.188 9677.293 9774.456 9871.677 9968.952 10066.28 10163.66 10261.09 10358.57 10456.1 10553.67 10651.29 10748.95 10846.66 10944.41 11042.19 11140.02 11237.88 11335.78 11433.72 11531.7 11629.7 11727.75 11825.82 11923.93 12022.06 12120.23 12218.43 12316.66
-9999 -9999 -9999 -9999 -9999 -9999 -9999 -9999 -9999 -9999 -9999 -9999 -9999 6600 6700 6800 6900 7000 7100 7200 7300 7400 7494.665 7589.466 7684.4 7779.46 7874.643 7969.943 8065.358 8160.882 8256.513 8352.245 8448.077 8544.004 8640.023 8736.132 8832.327 8928.605 9024.966 9121.403 9217.917 9314.505 9411.164 9507.892 9604.687 9701.546 9798.47 9895.453 9992.497 10089.6 10186.76 10283.97 10381.23 10478.55 10575.92 10673.33 10770.79 10868.3 10965.86 11063.45 11161.09 11258.77 11356.5 11454.26 11552.06 11649.89 11747.77 11845.67 11943.62 12041.59 12139.6 12237.65 12335.72
-9999 -9999 -9999 -9999 -9999 -9999 -9999 -9999 -9999 -9999 -9999 -9999 -9999 6600 6700 6800 6900 7000 7100 7200 7300 7400 7500 7600 7700 7800 7900 8000 8095.678 8190.849 8286.133 8381.527 8477.027 8572.631 8668.333 8764.132 8860.022 8956.004 9052.071 9148.224 9244.458 9340.771 9437.16 9533.625 9630.161 9726.768 9823.441 9920.182 10016.99 10113.85 10210.78 10307.76 10404.81 10501.9 10599.06 10696.26 10793.52 10890.82 10988.18 11085.58 11183.02 11280.51 11378.05 11475.63 11573.25 11670.9 11768.6 11866.34 11964.11 12061.92 12159.77 12257.65 12355.57
-9999 -9999 -9999 -9999 -9999 -9999 -9999 -9999 -9999 -9999 -9999 -9999 6500 6600 6700 6800 6900 7000 7100 7200 7300 7400 7500 7600 7700 7800 7900 8000 8100 8200 8300 8400 8500 8600 8697.701 8793.179 8888.757 8984.431 9080.198 9176.056 9272.001 9368.03 9464.143 9560.335 9656.604 9752.948 9849.365 9945.854 10042.41 10139.03 10235.72 10332.47 10429.29 10526.16 10623.09 10720.07 10817.12 10914.21 11011.36 11108.56 11205.8 11303.1 11400.44 11497.83 11595.26 11692.73 11790.25 11887.81 11985.41 12083.05 12180.72 12278.44 12376.19
-9999 -9999 -9999 -9999 -9999 -9999 -9999 -9999 -9999 -9999 -9999 6400 6500 6600 6700 6800 6900 7000 7100 7200 7300 7400 7500 7600 7700 7800 7900 8000 8100 8200 8300 8400 8500 8600 8700 8800 8900 9000 9100 9200 9300 9396.275 9492.102 9588.014 9684.008 9780.082 9876.234 9972.462 10068.76 10165.14 10261.58 10358.09 10454.66 10551.3 10648 10744.77 10841.59 10938.46 11035.4 11132.38 11229.43 11326.52 11423.66 11520.85 11618.09 11715.38 11812.71 11910.08 12007.5 12104.96 12202.46 12300 12397.58
-9999 -9999 -9999 -9999 -9999 -9999 -9999 -9999 -9999 -9999 6300 6400 6500 6600 6700 6800 6900 7000 7100 7200 7300 7400 7500 7600 7700 7800 7900 8000 8100 8200 8300 8400 8500 8600 8700 8800 8900 9000 9100 9200 9300 9400 9500 9600 9700 9800 9900 10000 10096.04 10192.15 10288.34 10384.6 10480.94 10577.33 10673.8 10770.33 10866.92 10963.58 11060.29 11157.06 11253.89 11350.77 11447.71 11544.7 11641.74 11738.82 11835.96 11933.15 12030.38 12127.65 12224.97 12322.34 12419.74
-9999 -9999 -9999 -9999 -9999 -9999 -9999 -9999 -9999 -9999 6300 6400 6500 6600 6700 6800 6900 7000 7100 7200 7300 7400 7500 7600 7700 7800 7900 8000 8100 8200 8300 8400 8500 8600 8700 8800 8900 9000 9100 9200 9300 9400 9500 9600 9700 9800 9900 10000 10100 10200 10300 10400 10500 10600 10700 10796.76 10893.12 10989.54 11086.03 11182.58 11279.18 11375.85 11472.58 11569.36 11666.19 11763.08 11860.02 11957.01 12054.04 12151.13 12248.27 12345.44 12442.67
-9999 -9999 -9999 -9999 -9999 -9999 -9999 -9999 -9999 6200 6300 6400 6500 6600 6700 6800 6900 7000 7100 7200 7300 7400 7500 7600 7700 7800 7900 8000 8100 8200 8300 8400 8500 8600 8700 8800 8900 9000 9100 9200 9300 9400 9500 9600 9700 9800 9900 10000 10100 10200 10300 10400 10500 10600 10700 10800 10900 11000 11100 11200 11300 11400 11498.26 11594.83 11691.45 11788.13 11884.86 11981.65 12078.49 12175.38 12272.33 12369.32 12466.35
-9999 -9999 -9999 -9999 -9999 -9999 -9999 -9999 6100 6200 6300 6400 6500 6600 6700 6800 6900 7000 7100 7200 7300 7400 7500 7600 7700 7800 7900 8000 8100 8200 8300 8400 8500 8600 8700 8800 8900 9000 9100 9200 9300 9400 9500 9600 9700 9800 9900 10000 10100 10200 10300 10400 10500 10600 10700 10800 10900 11000 11100 11200 11300 11400 11500 11600 11700 11800 11900 12000 12100 12200 12297.15 12393.95 12490.8
-9999 -9999 -9999 -9999 -9999 -9999 -9999 -9999 6100 6200 6300 6400 6500 6600 6700 6800 6900 7000 7100 7200 7300 7400 7500 7600 7700 7800 7900 8000 8100 8200 8300 8400 8500 8600 8700 8800 8900 9000 9100 9200 9300 9400 9500 9600 9700 9800 9900 10000 10100 10200 10300 10400 10500 10600 10700 10800 10900 11000 11100 11200 11300 11400 11500 11600 11700 11800 11900 12000 12100 12200 12300 12400 12500
-9999 -9999 -9999 -9999 -9999 -9999 -9999 6000 6100 6200 6300 6400 6500 6600 6700 6800 6900 7000 7100 7200 7300 7400 7500 7600 7700 7800 7900 8000 8100 8200 8300 8400 8500 8600 8700 8800 8900 9000 9100 9200 9300 9400 9500 9600 9700 9800 9900 10000 10100 10200 10300 10400 10500 10600 10700 10800 10900 11000 11100 11200 11300 11400 11500 11600 11700 11800 11900 12000 12100 12200 12300 12400 12500
-9999 -9999 -9999 -9999 -9999 -9999 5900 6000 6100 6200 6300 6400 6500 6600 6700 6800 6900 7000 7100 7200 7300 7400 7500 7600 7700 7800 7900 8000 8100 8200 8300 8400 8500 8600 8700 8800 8900 9000 9100 9200 9300 9400 9500 9600 9700 9800 9900 10000 10100 10200 10300 10400 10500 10600 10700 10800 10900 11000 11100 11200 11300 11400 11500 11600 11700 11800 11900 12000 12100 12200 12300 12400 12500
-9999 -9999 -9999 -9999 -9999 -9999 5900 6000 6100 6200 6300 6400 6500 6600 6700 6800 6900 7000 7100 7200 7300 7400 7500 7600 7700 7800 7900 8000 8100 8200 8300 8400 8500 8600 8700 8800 8900 9000 9100 9200 9300 9400 9500 9600 9700 9800 9900 10000 10100 10200 10300 10400 10500 10600 10700 10800 10900 11000 11100 11200 11300 11400 11500 11600 11700 11800 11900 12000 12100 12200 12300 12400 12500
-9999 -9999 -9999 -9999 -9999 5800 5900 6000 6100 6200 6300 6400 6500 6600 6700 6800 6900 7000 7100 7200 7300 7400 7500 7600 7700 7800 7900 8000 8100 8200 8300 8400 8500 8600 8700 8800 8900 9000 9100 9200 9300 9400 9500 9600 9700 9800 9900 10000 10100 10200 10300 10400 10500 10600 10700 10800 10900 11000 11100 11200 11300 11400 11500 11600 11700 11800 11900 12000 12100 12200 12300 12400 12500
-9999 -9999 -9999 -9999 5700 5800 5900 6000 6100 6200 6300 6400 6500 6600 6700 6800 6900 7000 7100 7200 7300 7400 7500 7600 7700 7800 7900 8000 8100 8200 8300 8400 8500 8600 8700 8800 8900 9000 9100 9200 9300 9400 9500 9600 9700 9800 9900 10000 10100 10200 10300 10400 10500 10600 10700 10800 10900 11000 11100 11200 11300 11400 11500 11600 11700 11800 11900 12000 12100 12200 12300 12400 12500
-9999 -9999 -9999 -9999 5700 5800 5900 6000 6100 6200 6300 6400 6500 6600 6700 6800 6900 7000 7100 7200 7300 7400 7500 7600 7700 7800 7900 8000 8100 8200 8300 8400 8500 8600 8700 8800 8900 9000 9100 9200 9300 9400 9500 9600 9700 9800 9900 10000 10100 10200 10300 10400 10500 10600 10700 10800 10900 11000 11100 11200 11300 11400 11500 11600 11700 11800 11900 12000 12100 12200 12300 12400 12500
-9999 -9999 -9999 5600 5700 5800 5900 6000 6100 6200 6300 6400 6500 6600 6700 6800 6900 7000 7100 7200 7300 7400 7500 7600 7700 7800 7900 8000 8100 8200 8300 8400 8500 8600 8700 8800 8900 9000 9100 9200 9300 9400 9500 9600 9700 9800 9900 10000 10100 10200 10300 10400 10500 10600 10700 10800 10900 11000 11100 11200 11300 11400 11500 11600 11700 11800 11900 12000 12100 12200 12300 12400 12500
