InputData/dist_7.txt
ncols         213
nrows         268
xllcorner     539567.82534275
yllcorner     8201791.1215116
cellsize      100
NODATA_value  -9999
[rows 90 to 119 of 268, columns 136 to 203 of 213]
5800 5700 5600 5500 5400 5300 5200 5100 5000 4900 4800 4700 4600 4500 4400 4300 4200 4100 4000 3900 3800 3700 3600 3500 3400 3300 3200 3100 3000 2900 2800 2700 2600 2500 2400 2300 2200 2100 2000 1900 1800 1700 1600 1500 1400 1300 1200 1100 1000 900 800 700 600 500 400 300 200 100 0 100 200 -9999 -9999 -9999 -9999 -9999 -9999 -9999
5800 5700 5600 5500 5400 5300 5200 5100 5000 4900 4800 4700 4600 4500 4400 4300 4200 4100 4000 3900 3800 3700 3600 3500 3400 3300 3200 3100 3000 2900 2800 2700 2600 2500 2400 2300 2200 2100 2000 1900 1800 1700 1600 1500 1400 1300 1200 1100 1000 900 800 700 600 500 400 300 200 100 0 100 200 300 -9999 -9999 -9999 -9999 -9999 -9999
5800 5700 5600 5500 5400 5300 5200 5100 5000 4900 4800 4700 4600 4500 4400 4300 4200 4100 4000 3900 3800 3700 3600 3500 3400 3300 3200 3100 3000 2900 2800 2700 2600 2500 2400 2300 2200 2100 2000 1900 1800 1700 1600 1500 1400 1300 1200 1100 1000 900 800 700 600 500 400 300 200 100 0 100 200 300 -9999 -9999 -9999 -9999 -9999 -9999
5800 5700 5600 5500 5400 5300 5200 5100 5000 4900 4800 4700 4600 4500 4400 4300 4200 4100 4000 3900 3800 3700 3600 3500 3400 3300 3200 3100 3000 2900 2800 2700 2600 2500 2400 2300 2200 2100 2000 1900 1800 1700 1600 1500 1400 1300 1200 1100 1000 900 800 700 600 500 400 300 200 100 0 100 200 300 400 -9999 -9999 -9999 -9999 -9999
5800 5700 5600 5500 5400 5300 5200 5100 5000 4900 4800 4700 4600 4500 4400 4300 4200 4100 4000 3900 3800 3700 3600 3500 3400 3300 3200 3100 3000 2900 2800 2700 2600 2500 2400 2300 2200 2100 2000 1900 1800 1700 1600 1500 1400 1300 1200 1100 1000 900 800 700 600 500 400 300 200 100 0 100 200 300 400 -9999 -9999 -9999 -9999 -9999
5800 5700 5600 5500 5400 5300 5200 5100 5000 4900 4800 4700 4600 4500 4400 4300 4200 4100 4000 3900 3800 3700 3600 3500 3400 3300 3200 3100 3000 2900 2800 2700 2600 2500 2400 2300 2200 2100 2000 1900 1800 1700 1600 1500 1400 1300 1200 1100 1000 900 800 700 600 500 400 300 200 100 0 100 200 300 400 -9999 -9999 -9999 -9999 -9999
5800 5700 5600 5500 5400 5300 5200 5100 5000 4900 4800 4700 4600 4500 4400 4300 4200 4100 4000 3900 3800 3700 3600 3500 3400 3300 3200 3100 3000 2900 2800 2700 2600 2500 2400 2300 2200 2100 2000 1900 1800 1700 1600 1500 1400 1300 1200 1100 1000 900 800 700 600 500 400 300 200 100 0 100 200 300 400 500 -9999 -9999 -9999 -9999
5800 5700 5600 5500 5400 5300 5200 5100 5000 4900 4800 4700 4600 4500 4400 4300 4200 4100 4000 3900 3800 3700 3600 3500 3400 3300 3200 3100 3000 2900 2800 2700 2600 2500 2400 2300 2200 2100 2000 1900 1800 1700 1600 1500 1400 1300 1200 1100 1000 900 800 700 600 500 400 300 200 100 0 100 200 300 400 500 -9999 -9999 -9999 -9999
5800 5700 5600 5500 5400 5300 5200 5100 5000 4900 4800 4700 4600 4500 4400 4300 4200 4100 4000 3900 3800 3700 3600 3500 3400 3300 3200 3100 3000 2900 2800 2700 2600 2500 2400 2300 2200 2100 2000 1900 1800 1700 1600 1500 1400 1300 1200 1100 1000 900 800 700 600 500 400 300 200 100 0 100 200 300 400 500 600 -9999 -9999 -9999
5800 5700 5600 5500 5400 5300 5200 5100 5000 4900 4800 4700 4600 4500 4400 4300 4200 4100 4000 3900 3800 3700 3600 3500 3400 3300 3200 3100 3000 2900 2800 2700 2600 2500 2400 2300 2200 2100 2000 1900 1800 1700 1600 1500 1400 1300 1200 1100 1000 900 800 700 600 500 400 300 200 100 0 100 200 300 400 500 600 -9999 -9999 -9999
5800 5700 5600 5500 5400 5300 5200 5100 5000 4900 4800 4700 4600 4500 4400 4300 4200 4100 4000 3900 3800 3700 3600 3500 3400 3300 3200 3100 3000 2900 2800 2700 2600 2500 2400 2300 2200 2100 2000 1900 1800 1700 1600 1500 1400 1300 1200 1100 1000 900 800 700 600 500 400 300 200 100 0 100 200 300 400 500 600 700 -9999 -9999
5800 5700 5600 5500 5400 5300 5200 5100 5000 4900 4800 4700 4600 4500 4400 4300 4200 4100 4000 3900 3800 3700 3600 3500 3400 3300 3200 3100 3000 2900 2800 2700 2600 2500 2400 2300 2200 2100 2000 1900 1800 1700 1600 1500 1400 1300 1200 1100 1000 900 800 700 600 500 400 300 200 100 0 100 200 300 400 500 600 700 -9999 -9999
5800 5700 5600 5500 5400 5300 5200 5100 5000 4900 4800 4700 4600 4500 4400 4300 4200 4100 4000 3900 3800 3700 3600 3500 3400 3300 3200 3100 3000 2900 2800 2700 2600 2500 2400 2300 2200 2100 2000 1900 1800 1700 1600 1500 1400 1300 1200 1100 1000 900 800 700 600 500 400 300 200 100 0 100 200 300 400 500 600 700 800 -9999
5787.055 5692.1 5597.321 5500 5400 5300 5200 5100 5000 4900 4800 4700 4600 4500 4400 4300 4200 4100 4000 3900 3800 3700 3600 3500 3400 3300 3200 3100 3000 2900 2800 2700 2600 2500 2400 2300 2200 2100 2000 1900 1800 1700 1600 1500 1400 1300 1200 1100 1000 900 800 700 600 500 400 300 200 100 0 100 200 300 400 500 600 700 800 -9999
5742.822 5661.272 5565.968 5470.832 5375.872 5281.098 5186.521 5092.151 4998 4900 4800 4700 4600 4500 4400 4300 4200 4100 4000 3900 3800 3700 3600 3500 3400 3300 3200 3100 3000 2900 2800 2700 2600 2500 2400 2300 2200 2100 2000 1900 1800 1700 1600 1500 1400 1300 1200 1100 1000 900 800 700 600 500 400 300 200 100 0 100 200 300 400 500 600 700 800 -9999
5685.948 5603.57 5521.775 5440.588 5345.091 5249.762 5154.609 5059.644 4964.876 4870.318 4775.981 4681.88 4588.028 4491.103 4393.177 4295.346 4197.618 4100 4000 3900 3800 3700 3600 3500 3400 3300 3200 3100 3000 2900 2800 2700 2600 2500 2400 2300 2200 2100 2000 1900 1800 1700 1600 1500 1400 1300 1200 1100 1000 900 800 700 600 500 400 300 200 100 0 100 200 300 400 500 600 700 800 -9999
5630.275 5547.071 5464.431 5382.378 5300.943 5220.153 5124.451 5028.917 4933.559 4838.388 4743.417 4648.656 4554.119 4459.821 4365.776 4272.002 4177.32 4079.216 3981.206 3883.298 3785.499 3687.818 3590.265 3492.85 3395.585 3298.485 3200 3100 3000 2900 2800 2700 2600 2500 2400 2300 2200 2100 2000 1900 1800 1700 1600 1500 1400 1300 1200 1100 1000 900 800 700 600 500 400 300 200 100 0 100 200 300 400 500 600 700 800 -9999
5575.841 5491.812 5408.327 5325.411 5243.091 5161.395 5080.354 5000 4904.08 4808.326 4712.749 4617.358 4522.167 4427.189 4332.436 4237.924 4143.67 4049.691 3956.008 3862.642 3765.634 3667.424 3569.314 3471.311 3373.426 3275.668 3178.05 3080.584 2983.287 2886.174 2789.265 2692.583 2596.151 2500 2400 2300 2200 2100 2000 1900 1800 1700 1600 1500 1400 1300 1200 1100 1000 900 800 700 600 500 400 300 200 100 0 100 200 300 400 500 600 700 800 -9999
5521.775 5437.831 5353.503 5269.725 5186.521 5103.92 5021.952 4940.648 4860.041 4780.167 4684.015 4588.028 4492.215 4396.589 4301.163 4205.948 4110.961 4016.217 3921.734 3827.532 3733.631 3640.055 3544.009 3448.188 3352.611 3255.764 3157.531 3059.412 2961.418 2863.564 2765.863 2668.333 2570.992 2473.863 2376.973 2280.351 2184.033 2088.061 1992.486 1897.367 1800 1700 1600 1500 1400 1300 1200 1100 1000 900 800 700 600 500 400 300 200 100 0 100 200 300 400 500 600 700 -9999 -9999
5464.431 5382.378 5300 5215.362 5131.277 5047.772 4964.876 4882.622 4801.042 4720.169 4640.043 4560.702 4464.303 4368.066 4272.002 4176.123 4080.441 3984.972 3889.73 3794.733 3700 3605.551 3511.41 3417.602 3324.154 3228.002 3132.092 3036.445 2941.088 2844.292 2745.906 2647.64 2549.51 2451.53 2353.72 2256.103 2158.703 2061.553 1964.688 1868.154 1772.005 1676.305 1581.139 1486.607 1392.839 1300 1200 1100 1000 900 800 700 600 500 400 300 200 100 0 100 200 300 400 500 600 700 -9999 -9999
5408.327 5325.411 5243.091 5161.395 5077.401 4992.995 4909.175 4825.971 4743.417 4661.545 4580.393 4500 4420.407 4341.659 4244.997 4148.494 4052.16 3956.008 3860.052 3764.306 3668.787 3573.514 3478.505 3383.785 3289.377 3195.309 3101.613 3008.322 2912.044 2816.026 2720.294 2624.881 2529.822 2433.105 2334.523 2236.068 2137.756 2039.608 1941.649 1843.909 1746.425 1649.242 1552.417 1456.022 1360.147 1264.911 1170.47 1077.033 984.8858 894.4272 800 700 600 500 400 300 200 100 0 100 200 300 400 500 600 -9999 -9999 -9999
5353.503 5269.725 5186.521 5103.92 5021.952 4939.636 4854.895 4770.744 4687.217 4604.346 4522.167 4440.721 4360.046 4280.187 4201.19 4123.105 4026.164 3929.376 3832.754 3736.308 3640.055 3544.009 3448.188 3352.611 3257.3 3162.278 3067.572 2973.214 2879.236 2785.678 2692.583 2596.151 2500 2404.163 2308.679 2213.594 2118.962 2022.375 1923.538 1824.829 1726.268 1627.882 1529.706 1431.782 1334.166 1236.932 1140.175 1044.031 948.6833 854.4004 761.5773 670.8204 583.0952 500 400 300 200 100 0 100 200 300 400 500 600 -9999 -9999 -9999
5300 5215.362 5131.277 5047.772 4964.876 4882.622 4801.042 4716.991 4632.494 4548.626 4465.423 4382.921 4301.163 4220.189 4140.048 4060.788 3982.462 3905.125 3807.886 3710.795 3613.862 3517.101 3420.526 3324.154 3228.002 3132.092 3036.445 2941.088 2846.05 2751.363 2657.066 2563.201 2469.818 2376.973 2280.351 2184.033 2088.061 1992.486 1897.367 1802.776 1708.801 1612.452 1513.275 1414.214 1315.295 1216.552 1118.034 1019.804 921.9545 824.6212 728.011 632.4555 538.5165 447.2136 360.5551 282.8427 200 100 0 100 200 300 400 500 600 -9999 -9999 -9999
5243.091 5161.395 5077.401 4992.995 4909.175 4825.971 4743.417 4661.545 4579.301 4494.441 4410.215 4326.662 4243.819 4161.73 4080.441 4000 3920.459 3841.875 3764.306 3687.818 3590.265 3492.85 3395.585 3298.485 3201.562 3104.835 3008.322 2912.044 2816.026 2720.294 2624.881 2529.822 2435.159 2340.94 2247.22 2154.066 2061.553 1964.688 1868.154 1772.005 1676.305 1581.139 1486.607 1392.839 1300 1204.159 1104.536 1004.988 905.5385 806.2258 707.1068 608.2762 509.9019 412.3106 316.2278 223.6068 141.4214 100 0 100 200 300 400 500 -9999 -9999 -9999 -9999
5186.521 5103.92 5021.952 4939.636 4854.895 4770.744 4687.217 4604.346 4522.167 4440.721 4356.604 4272.002 4188.078 4104.875 4022.437 3940.812 3860.052 3780.212 3701.351 3623.534 3546.83 3466.987 3373.426 3275.668 3178.05 3080.584 2983.287 2886.174 2789.265 2692.583 2596.151 2500 2404.163 2308.679 2213.594 2118.962 2024.846 1931.321 1838.478 1746.425 1649.242 1552.417 1456.022 1360.147 1264.911 1170.47 1077.033 984.8858 894.4272 800 700 600 500 400 300 200 100 0 0 100 200 300 400 500 -9999 -9999 -9999 -9999
5131.277 5047.772 4964.876 4882.622 4801.042 4716.991 4632.494 4548.626 4465.423 4382.921 4301.163 4219.004 4134.005 4049.691 3966.106 3883.298 3801.316 3720.215 3640.055 3560.899 3482.815 3405.877 3328.663 3244.996 3157.531 3059.412 2961.418 2863.564 2765.863 2668.333 2570.992 2473.863 2376.973 2280.351 2184.033 2088.061 1992.486 1897.367 1802.776 1708.801 1615.549 1523.155 1431.782 1334.166 1236.932 1140.175 1044.031 948.6833 854.4004 761.5773 670.8204 583.0952 500 400 300 200 100 0 100 141.4214 223.6068 316.2278 412.3106 509.9019 -9999 -9999 -9999 -9999
5077.401 4992.995 4909.175 4825.971 4743.417 4661.545 4579.301 4494.441 4410.215 4326.662 4243.819 4161.73 4080.441 3996.248 3911.521 3827.532 3744.329 3661.967 3580.503 3500 3420.526 3342.155 3264.966 3189.044 3106.445 3023.243 2941.088 2844.292 2745.906 2647.64 2549.51 2451.53 2353.72 2256.103 2158.703 2061.553 1964.688 1868.154 1772.005 1676.305 1581.139 1486.607 1392.839 1300 1208.305 1118.034 1019.804 921.9545 824.6212 728.011 632.4555 538.5165 447.2136 360.5551 282.8427 200 100 0 100 200 282.8427 360.5551 447.2136 538.5165 -9999 -9999 -9999 -9999
5021.952 4939.636 4854.895 4770.744 4687.217 4604.346 4522.167 4440.721 4356.604 4272.002 4188.078 4104.875 4022.437 3940.812 3858.756 3773.593 3689.173 3605.551 3522.783 3440.93 3360.06 3280.244 3201.562 3124.1 3047.95 2968.164 2884.441 2801.785 2720.294 2624.881 2529.822 2433.105 2334.523 2236.068 2137.756 2039.608 1941.649 1843.909 1746.425 1649.242 1552.417 1456.022 1360.147 1264.911 1170.47 1077.033 984.8858 894.4272 806.2258 707.1068 608.2762 509.9019 412.3106 316.2278 223.6068 141.4214 100 0 100 200 300 400 500 583.0952 -9999 -9999 -9999 -9999
4964.876 4882.622 4801.042 4716.991 4632.494 4548.626 4465.423 4382.921 4301.163 4219.004 4134.005 4049.691 3966.106 3883.298 3801.316 3720.215 3635.932 3551.056 3466.987 3383.785 3301.515 3220.249 3140.064 3061.046 2983.287 2906.888 2830.194 2745.906 2662.705 2580.698 2500 2404.163 2308.679 2213.594 2118.962 2022.375 1923.538 1824.829 1726.268 1627.882 1529.706 1431.782 1334.166 1236.932 1140.175 1044.031 948.6833 854.4004 761.5773 670.8204 583.0952 500 400 300 200 100 0 0 100 200 300 400 500 600 -9999 -9999 -9999 -9999
4909.175 4825.971 4743.417 4661.545 4579.301 4494.441 4410.215 4326.662 4243.819 4161.73 4080.441 3996.248 3911.521 3827.532 3744.329 3661.967 3580.503 3498.571 3413.21 3328.663 3244.996 3162.278 3080.584 3000 2920.616 2842.534 2765.863 2690.725 2607.681 2523.886 2441.311 2360.085 2280.351 2184.033 2088.061 1992.486 1897.367 1802.776 1708.801 1612.452 1513.275 1414.214 1315.295 1216.552 1118.034 1019.804 921.9545 824.6212 728.011 632.4555 538.5165 447.2136 360.5551 282.8427 200 100 0 100 141.4214 223.6068 316.2278 412.3106 509.9019 608.2762 -9999 -9999 -9999 -9999
