InputData/dist_6.txt
ncols         261
nrows         227
xllcorner     499310.88880297
yllcorner     8193391.227492
cellsize      100
NODATA_value  -9999
[rows 145 to 173 of 227, columns 65 to 129 of 261]
43432.94 43354.47 43276.09 43197.8 43119.6 43041.49 42963.47 42885.55 42807.71 42729.96 42652.32 42574.76 42497.29 42419.93 42342.65 42265.47 42188.39 42111.4 42034.51 41957.72 41881.02 41804.43 41727.93 41651.53 41575.23 41499.04 41422.94 41346.95 41271.05 41195.27 41119.58 41044 40968.52 40893.15 40817.89 40742.73 40667.68 40592.73 40517.9 40443.17 40368.55 40294.04 40219.65 40145.36 40071.19 39997.13 39923.18 39849.34 39775.62 39702.02 39628.52 39555.15 39481.89 39408.75 39335.73 39262.83 39190.05 39100 39000 38900 38800 38700 38600 38500 38400
43371.07 43292.49 43214 43135.6 43057.29 42979.07 42900.93 42822.89 42744.94 42667.08 42589.32 42511.64 42434.07 42356.58 42279.19 42201.89 42124.7 42047.59 41970.59 41893.68 41816.86 41740.15 41663.54 41587.02 41510.6 41434.29 41358.07 41281.96 41205.95 41130.04 41054.23 40978.53 40902.93 40827.44 40752.05 40676.77 40601.6 40526.54 40451.57 40376.73 40301.98 40227.36 40152.83 40078.42 40004.13 39929.94 39855.87 39781.91 39708.06 39634.33 39560.71 39487.21 39413.83 39340.56 39267.42 39194.39 39121.48 39048.69 38976.02 38900.13 38800.13 38700.13 38600.13 38500.13 38400.13
43309.35 43230.66 43152.06 43073.54 42995.12 42916.78 42838.54 42760.38 42682.32 42604.34 42526.46 42448.68 42370.98 42293.38 42215.88 42138.46 42061.14 41983.93 41906.8 41829.77 41752.84 41676.01 41599.28 41522.64 41446.11 41369.68 41293.34 41217.11 41140.98 41064.95 40989.02 40913.2 40837.48 40761.87 40686.36 40610.96 40535.66 40460.47 40385.39 40310.42 40235.55 40160.8 40086.16 40011.63 39937.2 39862.89 39788.69 39714.61 39640.64 39566.78 39493.04 39419.41 39345.9 39272.51 39199.23 39126.08 39053.04 38980.13 38907.32 38834.65 38762.09 38689.66 38600.52 38500.52 38400.52
43247.77 43168.97 43090.25 43011.63 42933.09 42854.64 42776.28 42698.01 42619.83 42541.75 42463.75 42385.85 42308.04 42230.32 42152.7 42075.17 41997.74 41920.4 41843.16 41766.02 41688.97 41612.02 41535.16 41458.41 41381.76 41305.21 41228.75 41152.4 41076.15 41000 40923.95 40848.01 40772.17 40696.44 40620.81 40545.29 40469.87 40394.55 40319.35 40244.25 40169.27 40094.39 40019.62 39944.96 39870.41 39795.98 39721.66 39647.45 39573.35 39499.37 39425.5 39351.75 39278.11 39204.59 39131.19 39057.91 38984.74 38911.7 38838.77 38765.96 38693.28 38620.72 38548.28 38475.96 38401.17
43186.34 43107.43 43028.59 42949.86 42871.2 42792.64 42714.17 42635.78 42557.49 42479.29 42401.18 42323.16 42245.24 42167.41 42089.67 42012.02 41934.47 41857.02 41779.66 41702.4 41625.23 41548.16 41471.2 41394.32 41317.55 41240.88 41164.3 41087.83 41011.46 40935.19 40859.03 40782.96 40707 40631.14 40555.39 40479.75 40404.21 40328.77 40253.45 40178.23 40103.12 40028.11 39953.22 39878.44 39803.77 39729.21 39654.76 39580.43 39506.2 39432.09 39358.1 39284.22 39210.46 39136.81 39063.28 38989.87 38916.58 38843.4 38770.35 38697.41 38624.61 38551.91 38479.34 38406.9 38334.58
43125.05 43046.02 42967.08 42888.23 42809.46 42730.79 42652.2 42573.7 42495.29 42416.98 42338.75 42260.62 42182.58 42104.63 42026.78 41949.02 41871.35 41793.78 41716.3 41638.93 41561.64 41484.45 41407.37 41330.38 41253.48 41176.69 41100 41023.41 40946.92 40870.53 40794.24 40718.05 40641.97 40566 40490.12 40414.36 40338.69 40263.13 40187.68 40112.34 40037.11 39961.98 39886.96 39812.06 39737.26 39662.58 39588 39513.54 39439.2 39364.96 39290.84 39216.83 39142.94 39069.17 38995.51 38921.97 38848.55 38775.25 38702.07 38629 38556.06 38483.24 38410.55 38337.97 38265.52
43063.91 42984.77 42905.71 42826.74 42747.87 42669.07 42590.38 42511.76 42433.24 42354.81 42276.47 42198.22 42120.07 42042 41964.03 41886.16 41808.37 41730.68 41653.09 41575.59 41498.19 41420.89 41343.68 41266.57 41189.56 41112.65 41035.84 40959.13 40882.52 40806 40729.6 40653.29 40577.09 40500.99 40424.99 40349.1 40273.32 40197.64 40122.06 40046.6 39971.24 39895.99 39820.85 39745.82 39670.89 39596.09 39521.39 39446.8 39372.32 39297.96 39223.72 39149.59 39075.57 39001.67 38927.88 38854.21 38780.66 38707.23 38633.92 38560.73 38487.66 38414.71 38341.88 38269.18 38196.6
43002.91 42923.65 42844.48 42765.41 42686.41 42607.51 42528.7 42449.97 42371.34 42292.79 42214.34 42135.97 42057.7 41979.52 41901.43 41823.44 41745.54 41667.73 41590.02 41512.41 41434.89 41357.46 41280.14 41202.91 41125.78 41048.75 40971.82 40894.99 40818.25 40741.63 40665.09 40588.67 40512.34 40436.12 40360 40283.99 40208.08 40132.28 40056.59 39981 39905.51 39830.14 39754.88 39679.72 39604.67 39529.73 39454.91 39380.2 39305.6 39231.11 39156.74 39082.48 39008.33 38934.3 38860.39 38786.59 38712.92 38639.36 38565.92 38492.6 38419.39 38346.32 38273.36 38200.52 38127.81
42942.05 42862.69 42783.41 42704.21 42625.11 42546.09 42467.16 42388.32 42309.57 42230.91 42152.34 42073.86 41995.48 41917.18 41838.98 41760.87 41682.85 41604.93 41527.1 41449.37 41371.73 41294.19 41216.75 41139.4 41062.15 40985 40907.95 40830.99 40754.14 40677.39 40600.74 40524.19 40447.74 40371.4 40295.16 40219.02 40143 40067.07 39991.25 39915.54 39839.93 39764.43 39689.04 39613.76 39538.59 39463.53 39388.58 39313.74 39239.01 39164.4 39089.89 39015.51 38941.24 38867.08 38793.04 38719.12 38645.31 38571.62 38498.05 38424.6 38351.27 38278.06 38204.97 38132.01 38059.16
42881.35 42801.87 42722.48 42643.17 42563.95 42484.82 42405.78 42326.82 42247.96 42169.18 42090.5 42011.9 41933.4 41854.99 41776.67 41698.44 41620.31 41542.27 41464.32 41386.47 41308.71 41231.05 41153.49 41076.03 40998.66 40921.39 40844.21 40767.14 40690.17 40613.3 40536.53 40459.86 40383.29 40306.82 40230.46 40154.2 40078.05 40002 39926.06 39850.22 39774.49 39698.87 39623.35 39547.95 39472.65 39397.46 39322.39 39247.42 39172.57 39097.82 39023.2 38948.68 38874.29 38800 38725.83 38651.78 38577.84 38504.03 38430.33 38356.75 38283.29 38209.95 38136.73 38063.63 37990.66
42820.79 42741.2 42661.69 42582.27 42502.94 42423.7 42344.54 42265.47 42186.49 42107.6 42028.8 41950.09 41871.47 41792.94 41714.51 41636.16 41557.91 41479.75 41401.69 41323.72 41245.85 41168.07 41090.39 41012.8 40935.32 40857.93 40780.63 40703.44 40626.35 40549.35 40472.46 40395.67 40318.98 40242.39 40165.91 40089.52 40013.25 39937.07 39861.01 39785.05 39709.19 39633.45 39557.8 39482.27 39406.85 39331.54 39256.34 39181.25 39106.27 39031.4 38956.64 38882 38807.47 38733.06 38658.76 38584.58 38510.52 38436.57 38362.74 38289.03 38215.44 38141.97 38068.62 37995.39 37922.29
42760.38 42680.68 42601.05 42521.52 42442.08 42362.72 42283.45 42204.27 42125.17 42046.16 41967.25 41888.42 41809.69 41731.04 41652.49 41574.03 41495.66 41417.39 41339.21 41261.12 41183.13 41105.23 41027.43 40949.73 40872.12 40794.61 40717.2 40639.88 40562.67 40485.55 40408.54 40331.63 40254.81 40178.1 40101.5 40024.99 39948.59 39872.3 39796.11 39720.02 39644.04 39568.17 39492.41 39416.75 39341.2 39265.76 39190.43 39115.21 39040.11 38965.11 38890.23 38815.46 38740.8 38666.27 38591.84 38517.53 38443.34 38369.26 38295.3 38221.46 38147.74 38074.14 38000.66 37927.3 37854.06
42700.12 42620.3 42540.57 42460.92 42381.36 42301.89 42222.5 42143.21 42064 41984.88 41905.85 41826.91 41748.05 41669.29 41590.63 41512.05 41433.56 41355.17 41276.87 41198.66 41120.55 41042.54 40964.62 40886.8 40809.07 40731.44 40653.91 40576.47 40499.14 40421.9 40344.77 40267.73 40190.8 40113.96 40037.23 39960.61 39884.08 39807.66 39731.35 39655.14 39579.04 39503.04 39427.15 39351.37 39275.69 39200.13 39124.67 39049.33 38974.09 38898.97 38823.96 38749.07 38674.28 38599.61 38525.06 38450.62 38376.29 38302.09 38228 38154.03 38080.18 38006.45 37932.84 37859.34 37785.98
42640 42560.07 42480.23 42400.47 42320.8 42241.21 42161.71 42082.3 42002.98 41923.74 41844.59 41765.54 41686.57 41607.69 41528.91 41450.21 41371.61 41293.1 41214.68 41136.36 41058.13 40980 40901.96 40824.01 40746.16 40668.41 40590.76 40513.21 40435.75 40358.39 40281.14 40203.98 40126.92 40049.97 39973.12 39896.37 39819.72 39743.18 39666.74 39590.4 39514.18 39438.05 39362.04 39286.13 39210.33 39134.64 39059.06 38983.59 38908.23 38832.98 38757.84 38682.81 38607.9 38533.1 38458.42 38383.85 38309.4 38235.06 38160.84 38086.74 38012.76 37938.9 37865.16 37791.54 37718.03
42580.04 42500 42420.04 42340.17 42260.38 42180.68 42101.07 42021.54 41942.1 41862.75 41783.49 41704.32 41625.23 41546.24 41467.34 41388.52 41309.8 41231.18 41152.64 41074.2 40995.85 40917.6 40839.44 40761.38 40683.41 40605.54 40527.77 40450.09 40372.52 40295.04 40217.66 40140.38 40063.2 39986.12 39909.15 39832.27 39755.5 39678.84 39602.27 39525.81 39449.46 39373.21 39297.07 39221.04 39145.11 39069.3 38993.59 38917.99 38842.5 38767.13 38691.86 38616.71 38541.66 38466.74 38391.93 38317.23 38242.64 38168.18 38093.83 38019.6 37945.49 37871.49 37797.62 37723.86 37650.23
42520.23 42440.07 42360 42280.02 42200.12 42120.3 42040.57 41960.93 41881.38 41801.91 41722.54 41643.25 41564.05 41484.94 41405.92 41326.99 41248.15 41169.41 41090.75 41012.19 40933.73 40855.36 40777.08 40698.89 40620.81 40542.82 40464.92 40387.13 40309.43 40231.83 40154.33 40076.93 39999.63 39922.43 39845.32 39768.33 39691.43 39614.64 39537.96 39461.38 39384.89 39308.52 39232.26 39156.1 39080.05 39004.1 38928.27 38852.54 38776.93 38701.42 38626.03 38550.75 38475.58 38400.52 38325.58 38250.75 38176.04 38101.45 38026.96 37952.6 37878.36 37804.23 37730.23 37656.34 37582.57
42460.57 42380.3 42300.12 42220.02 42140 42060.07 41980.23 41900.48 41820.81 41741.23 41661.73 41582.33 41503.01 41423.79 41344.65 41265.6 41186.65 41107.79 41029.02 40950.34 40871.75 40793.26 40714.86 40636.56 40558.35 40480.24 40402.23 40324.31 40246.49 40168.77 40091.14 40013.62 39936.2 39858.88 39781.65 39704.54 39627.52 39550.6 39473.79 39397.08 39320.48 39243.98 39167.59 39091.3 39015.13 38939.05 38863.09 38787.24 38711.5 38635.86 38560.34 38484.93 38409.63 38334.45 38259.38 38184.42 38109.58 38034.85 37960.24 37885.75 37811.38 37737.12 37662.98 37588.96 37515.06
42401.06 42320.68 42240.38 42160.17 42080.04 42000 41920.04 41840.17 41760.39 41680.69 41601.08 41521.56 41442.13 41362.79 41283.53 41204.37 41125.3 41046.32 40967.43 40888.63 40809.93 40731.32 40652.8 40574.38 40496.05 40417.82 40339.68 40261.64 40183.7 40105.86 40028.11 39950.47 39872.92 39795.48 39718.13 39640.89 39563.75 39486.71 39409.77 39332.94 39256.21 39179.59 39103.07 39026.66 38950.35 38874.16 38798.07 38722.09 38646.21 38570.45 38494.8 38419.27 38343.84 38268.52 38193.32 38118.24 38043.27 37968.41 37893.67 37819.04 37744.54 37670.15 37595.88 37521.73 37447.7
42341.71 42261.21 42180.8 42100.48 42020.23 41940.08 41860 41780.02 41700.12 41620.31 41540.58 41460.95 41381.4 41301.94 41222.57 41143.29 41064.1 40985 40905.99 40827.07 40748.25 40669.52 40590.89 40512.34 40433.9 40355.54 40277.29 40199.13 40121.07 40043.1 39965.23 39887.46 39809.8 39732.23 39654.76 39577.39 39500.13 39422.96 39345.9 39268.95 39192.09 39115.34 39038.7 38962.16 38885.73 38809.41 38733.19 38657.08 38581.08 38505.2 38429.41 38353.75 38278.19 38202.75 38127.42 38052.2 37977.1 37902.11 37827.24 37752.48 37677.84 37603.32 37528.92 37454.64 37380.48
42282.5 42201.89 42121.37 42040.93 41960.58 41880.3 41800.12 41720.02 41640 41560.08 41480.23 41400.48 41320.82 41241.24 41161.75 41082.36 41003.05 40923.83 40844.71 40765.67 40686.73 40607.88 40529.13 40450.46 40371.89 40293.42 40215.05 40136.77 40058.58 39980.5 39902.51 39824.62 39746.82 39669.13 39591.54 39514.05 39436.66 39359.37 39282.18 39205.1 39128.12 39051.25 38974.48 38897.82 38821.26 38744.8 38668.46 38592.23 38516.1 38440.08 38364.18 38288.38 38212.7 38137.12 38061.66 37986.31 37911.08 37835.96 37760.96 37686.07 37611.3 37536.65 37462.11 37387.7 37313.4
42223.45 42142.73 42062.1 41981.54 41901.07 41820.69 41740.39 41660.17 41580.04 41500 41420.04 41340.18 41260.39 41180.7 41101.09 41021.58 40942.16 40862.82 40783.57 40704.42 40625.36 40546.39 40467.52 40388.73 40310.05 40231.46 40152.96 40074.55 39996.25 39918.04 39839.93 39761.92 39684 39606.19 39528.47 39450.86 39373.34 39295.93 39218.62 39141.41 39064.3 38987.3 38910.41 38833.62 38756.93 38680.36 38603.89 38527.52 38451.27 38375.12 38299.09 38223.16 38147.35 38071.64 37996.05 37920.57 37845.21 37769.96 37694.83 37619.81 37544.91 37470.12 37395.45 37320.91 37246.48
42164.56 42083.73 42002.98 41922.31 41841.73 41761.23 41680.81 41600.48 41520.23 41440.08 41360 41280.02 41200.12 41120.31 41040.59 40960.96 40881.41 40801.96 40722.6 40643.33 40564.15 40485.06 40406.06 40327.16 40248.36 40169.64 40091.02 40012.5 39934.07 39855.74 39777.51 39699.37 39621.33 39543.39 39465.55 39387.82 39310.18 39232.64 39155.2 39077.87 39000.64 38923.52 38846.49 38769.57 38692.77 38616.06 38539.46 38462.97 38386.59 38310.31 38234.15 38158.09 38082.15 38006.32 37930.59 37854.99 37779.49 37704.11 37628.84 37553.7 37478.66 37403.74 37328.94 37254.26 37179.7
42105.82 42024.88 41944.01 41863.23 41782.53 41701.92 41621.39 41540.95 41460.58 41380.31 41300.12 41220.02 41140 41060.08 40980.24 40900.49 40820.83 40741.26 40661.78 40582.39 40503.09 40423.88 40344.77 40265.74 40186.81 40107.98 40029.24 39950.59 39872.05 39793.59 39715.24 39636.98 39558.82 39480.75 39402.79 39324.93 39247.16 39169.5 39091.94 39014.48 38937.13 38859.88 38782.73 38705.68 38628.75 38551.91 38475.19 38398.57 38322.05 38245.65 38169.36 38093.18 38017.1 37941.14 37865.29 37789.55 37713.92 37638.41 37563.02 37487.73 37412.57 37337.52 37262.58 37187.77 37113.07
42047.23 41966.18 41885.2 41804.3 41723.5 41642.77 41562.12 41481.56 41401.09 41320.7 41240.39 41160.18 41080.04 41000 40920.04 40840.18 40760.4 40680.71 40601.11 40521.6 40442.18 40362.86 40283.62 40204.48 40125.43 40046.47 39967.61 39888.84 39810.18 39731.6 39653.12 39574.74 39496.46 39418.27 39340.18 39262.2 39184.31 39106.52 39028.84 38951.25 38873.77 38796.39 38719.12 38641.95 38564.88 38487.92 38411.07 38334.32 38257.68 38181.15 38104.72 38028.41 37952.21 37876.11 37800.13 37724.26 37648.51 37572.86 37497.33 37421.92 37346.62 37271.44 37196.37 37121.42 37046.59
41988.81 41907.64 41826.55 41745.54 41664.61 41583.77 41503.01 41422.34 41341.75 41261.24 41180.82 41100.49 41020.24 40940.08 40860 40780.02 40700.12 40620.32 40540.6 40460.97 40381.43 40301.98 40222.63 40143.37 40064.2 39985.12 39906.14 39827.25 39748.46 39669.76 39591.16 39512.66 39434.25 39355.94 39277.73 39199.62 39121.61 39043.7 38965.88 38888.17 38810.57 38733.06 38655.66 38578.36 38501.17 38424.08 38347.1 38270.22 38193.45 38116.79 38040.24 37963.8 37887.46 37811.24 37735.13 37659.13 37583.24 37507.46 37431.8 37356.26 37280.82 37205.51 37130.31 37055.23 36980.27
41930.54 41849.25 41768.05 41686.93 41605.89 41524.93 41444.06 41363.27 41282.56 41201.94 41121.41 41040.96 40960.59 40880.31 40800.12 40720.02 40640 40560.08 40480.24 40400.5 40320.84 40241.27 40161.8 40082.41 40003.13 39923.93 39844.82 39765.82 39686.9 39608.08 39529.36 39450.73 39372.2 39293.77 39215.43 39137.2 39059.06 38981.02 38903.09 38825.25 38747.52 38669.89 38592.36 38514.93 38437.61 38360.39 38283.29 38206.28 38129.39 38052.59 37975.91 37899.34 37822.88 37746.52 37670.28 37594.15 37518.13 37442.22 37366.43 37290.75 37215.18 37139.73 37064.4 36989.19 36914.09
41872.43 41791.03 41709.71 41628.48 41547.32 41466.25 41385.26 41304.36 41223.54 41142.8 41062.15 40981.58 40901.1 40820.71 40740.4 40660.18 40580.04 40500 40420.04 40340.18 40260.4 40180.71 40101.12 40021.62 39942.21 39862.89 39783.66 39704.54 39625.5 39546.55 39467.71 39388.96 39310.3 39231.75 39153.29 39074.93 38996.67 38918.5 38840.44 38762.48 38684.62 38606.86 38529.21 38451.66 38374.21 38296.87 38219.63 38142.5 38065.47 37988.55 37911.74 37835.04 37758.44 37681.96 37605.59 37529.32 37453.17 37377.13 37301.21 37225.39 37149.7 37074.11 36998.65 36923.3 36848.07
41814.47 41732.96 41651.53 41570.18 41488.91 41407.73 41326.63 41245.61 41164.67 41083.82 41003.05 40922.37 40841.77 40761.26 40680.83 40600.49 40520.24 40440.08 40360 40280.02 40200.13 40120.32 40040.61 39960.98 39881.45 39802.01 39722.66 39643.41 39564.25 39485.19 39406.22 39327.34 39248.57 39169.89 39091.3 39012.82 38934.43 38856.14 38777.96 38699.87 38621.89 38544 38466.22 38388.54 38310.96 38233.49 38156.13 38078.87 38001.71 37924.66 37847.72 37770.89 37694.16 37617.55 37541.04 37464.65 37388.37 37312.2 37236.14 37160.2 37084.36 37008.65 36933.05 36857.56 36782.2
41756.68 41675.05 41593.51 41512.05 41430.66 41349.36 41268.15 41187.01 41105.96 41024.99 40944.11 40863.31 40782.59 40701.96 40621.42 40540.97 40460.6 40380.32 40300.13 40220.02 40140 40060.08 39980.25 39900.5 39820.85 39741.29 39661.82 39582.45 39503.16 39423.98 39344.89 39265.89 39186.99 39108.18 39029.48 38950.87 38872.36 38793.94 38715.63 38637.42 38559.3 38481.29 38403.39 38325.58 38247.88 38170.28 38092.78 38015.39 37938.11 37860.93 37783.86 37706.89 37630.04 37553.3 37476.66 37400.13 37323.72 37247.42 37171.23 37095.15 37019.18 36943.34 36867.6 36791.98 36716.48
