InputData/dist_4.txt
ncols         148
nrows         143
xllcorner     528561.18512469
yllcorner     8206839.2004913
cellsize      100
NODATA_value  -9999
[rows 87 to 115 of 143, columns 66 to 131 of 148]
18507.57 18422.81 18338.21 18253.77 18169.48 18085.35 18001.39 17917.59 17833.96 17750.49 17667.2 17584.08 17501.14 17418.38 17334.94 17251.38 17167.99 17084.79 17001.76 16918.92 16835.97 16752.31 16668.83 16585.54 16502.42 16419.5 16336.77 16253.31 16169.72 16086.33 16003.13 15920.11 15837.3 15754.36 15670.67 15587.17 15503.87 15420.77 15337.86 15255.16 15171.68 15088.08 15004.67 14921.46 14838.46 14755.68 14672.76 14589.04 14505.52 14422.21 14339.11 14256.23 14173.57 14090.07 14006.43 13923 13839.8 13756.82 13674.06 13591.17 13507.41 13423.86 13340.54 13257.45 13174.6 13091.98
18454.81 18369.81 18284.97 18200.28 18115.74 18031.36 17947.14 17863.09 17779.2 17695.48 17611.93 17528.55 17445.34 17362.32 17279.47 17196.51 17112.86 17029.39 16946.09 16862.98 16780.05 16697.3 16613.85 16530.28 16446.88 16363.68 16280.66 16197.84 16114.9 16031.22 15947.73 15864.43 15781.32 15698.41 15615.7 15532.22 15448.63 15365.22 15282.02 15199.01 15116.22 15033.3 14949.58 14866.07 14782.76 14699.66 14616.77 14534.1 14450.61 14366.98 14283.56 14200.35 14117.37 14034.6 13951.7 13867.95 13784.41 13701.09 13618 13535.14 13452.51 13368.99 13285.33 13201.89 13118.69 13035.72
18402.45 18317.21 18232.12 18147.18 18062.39 17977.76 17893.29 17808.99 17724.84 17640.86 17557.05 17473.41 17389.94 17306.65 17223.53 17140.6 17057.84 16974.39 16890.83 16807.44 16724.23 16641.21 16558.38 16475.44 16391.77 16308.28 16224.98 16141.87 16058.95 15976.23 15892.77 15809.17 15725.78 15642.57 15559.56 15476.76 15393.83 15310.13 15226.62 15143.32 15060.21 14977.32 14894.63 14811.14 14727.53 14644.11 14560.91 14477.91 14395.14 14312.23 14228.49 14144.96 14061.65 13978.55 13895.68 13813.04 13729.53 13645.88 13562.45 13479.24 13396.27 13313.53 13230.65 13146.86 13063.31 12979.98
18350.48 18264.99 18179.66 18094.47 18009.44 17924.56 17839.84 17755.28 17670.88 17586.64 17502.57 17418.67 17334.94 17251.38 17167.99 17084.79 17001.76 16918.92 16835.97 16752.31 16668.83 16585.54 16502.42 16419.5 16336.77 16253.31 16169.72 16086.33 16003.13 15920.11 15837.3 15754.36 15670.67 15587.17 15503.87 15420.77 15337.86 15255.16 15171.68 15088.08 15004.67 14921.46 14838.46 14755.68 14672.76 14589.04 14505.52 14422.21 14339.11 14256.23 14173.57 14090.07 14006.43 13923 13839.8 13756.82 13674.06 13591.17 13507.41 13423.86 13340.54 13257.45 13174.6 13091.98 13008.46 12924.78
18298.91 18213.18 18127.6 18042.17 17956.89 17871.77 17786.79 17701.98 17617.32 17532.83 17448.5 17364.33 17280.34 17196.51 17112.86 17029.39 16946.09 16862.98 16780.05 16697.3 16613.85 16530.28 16446.88 16363.68 16280.66 16197.84 16114.9 16031.22 15947.73 15864.43 15781.32 15698.41 15615.7 15532.22 15448.63 15365.22 15282.02 15199.01 15116.22 15033.3 14949.58 14866.07 14782.76 14699.66 14616.77 14534.1 14450.61 14366.98 14283.56 14200.35 14117.37 14034.6 13951.7 13867.95 13784.41 13701.09 13618 13535.14 13452.51 13368.99 13285.33 13201.89 13118.69 13035.72 12952.99 12870.12
-9999 18161.77 18075.95 17990.28 17904.75 17819.37 17734.15 17649.08 17564.17 17479.42 17394.83 17310.4 17226.14 17142.05 17058.14 16974.39 16890.83 16807.44 16724.23 16641.21 16558.38 16475.44 16391.77 16308.28 16224.98 16141.87 16058.95 15976.23 15892.77 15809.17 15725.78 15642.57 15559.56 15476.76 15393.83 15310.13 15226.62 15143.32 15060.21 14977.32 14894.63 14811.14 14727.53 14644.11 14560.91 14477.91 14395.14 14312.23 14228.49 14144.96 14061.65 13978.55 13895.68 13813.04 13729.53 13645.88 13562.45 13479.24 13396.27 13313.53 13230.65 13146.86 13063.31 12979.98 12896.9 12814.05
-9999 -9999 18024.71 17938.79 17853.01 17767.39 17681.91 17596.59 17511.43 17426.42 17341.57 17256.88 17172.36 17088.01 17003.82 16919.81 16835.97 16752.31 16668.83 16585.54 16502.42 16419.5 16336.77 16253.31 16169.72 16086.33 16003.13 15920.11 15837.3 15754.36 15670.67 15587.17 15503.87 15420.77 15337.86 15255.16 15171.68 15088.08 15004.67 14921.46 14838.46 14755.68 14672.76 14589.04 14505.52 14422.21 14339.11 14256.23 14173.57 14090.07 14006.43 13923 13839.8 13756.82 13674.06 13591.17 13507.41 13423.86 13340.54 13257.45 13174.6 13091.98 13008.46 12924.78 12841.34 12758.13
-9999 -9999 -9999 17887.71 17801.69 17715.81 17630.09 17544.52 17459.1 17373.83 17288.72 17203.78 17119 17034.38 16949.93 16865.65 16781.54 16697.61 16613.85 16530.28 16446.88 16363.68 16280.66 16197.84 16114.9 16031.22 15947.73 15864.43 15781.32 15698.41 15615.7 15532.22 15448.63 15365.22 15282.02 15199.01 15116.22 15033.3 14949.58 14866.07 14782.76 14699.66 14616.77 14534.1 14450.61 14366.98 14283.56 14200.35 14117.37 14034.6 13951.7 13867.95 13784.41 13701.09 13618 13535.14 13452.51 13368.99 13285.33 13201.89 13118.69 13035.72 12952.99 12870.12 12786.32 12702.76
-9999 -9999 -9999 17837.04 17750.78 17664.65 17578.68 17492.86 17407.18 17321.66 17236.3 17151.09 17066.05 16981.17 16896.45 16811.9 16727.52 16643.32 16559.29 16475.44 16391.77 16308.28 16224.98 16141.87 16058.95 15976.23 15892.77 15809.17 15725.78 15642.57 15559.56 15476.76 15393.83 15310.13 15226.62 15143.32 15060.21 14977.32 14894.63 14811.14 14727.53 14644.11 14560.91 14477.91 14395.14 14312.23 14228.49 14144.96 14061.65 13978.55 13895.68 13813.04 13729.53 13645.88 13562.45 13479.24 13396.27 13313.53 13230.65 13146.86 13063.31 12979.98 12896.9 12814.05 12731.46 12647.92
-9999 -9999 -9999 17786.79 17700.28 17613.91 17527.69 17441.62 17355.69 17269.92 17184.29 17098.83 17013.52 16928.38 16843.4 16758.58 16673.93 16589.46 16505.15 16421.02 16337.07 16253.31 16169.72 16086.33 16003.13 15920.11 15837.3 15754.36 15670.67 15587.17 15503.87 15420.77 15337.86 15255.16 15171.68 15088.08 15004.67 14921.46 14838.46 14755.68 14672.76 14589.04 14505.52 14422.21 14339.11 14256.23 14173.57 14090.07 14006.43 13923 13839.8 13756.82 13674.06 13591.17 13507.41 13423.86 13340.54 13257.45 13174.6 13091.98 13008.46 12924.78 12841.34 12758.13 12675.17 12592.46
-9999 -9999 -9999 -9999 17650.21 17563.6 17477.13 17390.8 17304.62 17218.59 17132.72 17046.99 16961.43 16876.02 16790.77 16705.69 16620.77 16536.02 16451.44 16367.04 16282.81 16198.77 16114.9 16031.22 15947.73 15864.43 15781.32 15698.41 15615.7 15532.22 15448.63 15365.22 15282.02 15199.01 15116.22 15033.3 14949.58 14866.07 14782.76 14699.66 14616.77 14534.1 14450.61 14366.98 14283.56 14200.35 14117.37 14034.6 13951.7 13867.95 13784.41 13701.09 13618 13535.14 13452.51 13368.99 13285.33 13201.89 13118.69 13035.72 12952.99 12870.12 12786.32 12702.76 12619.43 12536.35
-9999 -9999 -9999 -9999 -9999 -9999 17426.99 17340.42 17253.98 17167.7 17081.57 16995.59 16909.76 16824.09 16738.58 16653.23 16568.04 16483.02 16398.17 16313.49 16228.99 16144.66 16060.51 15976.54 15892.77 15809.17 15725.78 15642.57 15559.56 15476.76 15393.83 15310.13 15226.62 15143.32 15060.21 14977.32 14894.63 14811.14 14727.53 14644.11 14560.91 14477.91 14395.14 14312.23 14228.49 14144.96 14061.65 13978.55 13895.68 13813.04 13729.53 13645.88 13562.45 13479.24 13396.27 13313.53 13230.65 13146.86 13063.31 12979.98 12896.9 12814.05 12731.46 12647.92 12564.24 12480.79
-9999 -9999 -9999 -9999 -9999 -9999 -9999 17290.46 17203.78 17117.24 17030.85 16944.62 16858.53 16772.6 16686.82 16601.21 16515.75 16430.46 16345.34 16260.38 16175.6 16090.99 16006.56 15922.31 15838.25 15754.36 15670.67 15587.17 15503.87 15420.77 15337.86 15255.16 15171.68 15088.08 15004.67 14921.46 14838.46 14755.68 14672.76 14589.04 14505.52 14422.21 14339.11 14256.23 14173.57 14090.07 14006.43 13923 13839.8 13756.82 13674.06 13591.17 13507.41 13423.86 13340.54 13257.45 13174.6 13091.98 13008.46 12924.78 12841.34 12758.13 12675.17 12592.46 12509.6 12425.78
-9999 -9999 -9999 -9999 -9999 -9999 -9999 -9999 -9999 17067.22 16980.58 16894.08 16807.74 16721.54 16635.5 16549.62 16463.9 16378.34 16292.94 16207.71 16122.66 16037.77 15953.06 15868.52 15784.17 15700 15616.02 15532.22 15448.63 15365.22 15282.02 15199.01 15116.22 15033.3 14949.58 14866.07 14782.76 14699.66 14616.77 14534.1 14450.61 14366.98 14283.56 14200.35 14117.37 14034.6 13951.7 13867.95 13784.41 13701.09 13618 13535.14 13452.51 13368.99 13285.33 13201.89 13118.69 13035.72 12952.99 12870.12 12786.32 12702.76 12619.43 12536.35 12453.51 12370.93
-9999 -9999 -9999 -9999 -9999 -9999 -9999 -9999 -9999 -9999 16930.74 16843.99 16757.39 16670.93 16584.63 16498.48 16412.5 16326.67 16241 16155.49 16070.16 15984.99 15900 15815.18 15730.54 15646.09 15561.81 15477.73 15393.83 15310.13 15226.62 15143.32 15060.21 14977.32 14894.63 14811.14 14727.53 14644.11 14560.91 14477.91 14395.14 14312.23 14228.49 14144.96 14061.65 13978.55 13895.68 13813.04 13729.53 13645.88 13562.45 13479.24 13396.27 13313.53 13230.65 13146.86 13063.31 12979.98 12896.9 12814.05 12731.46 12647.92 12564.24 12480.79 12397.58 12314.63
-9999 -9999 -9999 -9999 -9999 -9999 -9999 -9999 -9999 -9999 -9999 16794.34 16707.48 16620.77 16534.21 16447.8 16361.54 16275.44 16189.5 16103.73 16018.11 15932.67 15847.4 15762.3 15677.37 15592.63 15508.06 15423.68 15339.49 15255.49 15171.68 15088.08 15004.67 14921.46 14838.46 14755.68 14672.76 14589.04 14505.52 14422.21 14339.11 14256.23 14173.57 14090.07 14006.43 13923 13839.8 13756.82 13674.06 13591.17 13507.41 13423.86 13340.54 13257.45 13174.6 13091.98 13008.46 12924.78 12841.34 12758.13 12675.17 12592.46 12509.6 12425.78 12342.2 12258.87
-9999 -9999 -9999 -9999 -9999 -9999 -9999 -9999 -9999 -9999 -9999 -9999 16658.03 16571.06 16484.23 16397.56 16311.04 16224.67 16138.46 16052.41 15966.53 15880.81 15795.25 15709.87 15624.66 15539.63 15454.77 15370.1 15285.61 15201.32 15117.21 15033.3 14949.58 14866.07 14782.76 14699.66 14616.77 14534.1 14450.61 14366.98 14283.56 14200.35 14117.37 14034.6 13951.7 13867.95 13784.41 13701.09 13618 13535.14 13452.51 13368.99 13285.33 13201.89 13118.69 13035.72 12952.99 12870.12 12786.32 12702.76 12619.43 12536.35 12453.51 12370.93 12287.39 12203.69
-9999 -9999 -9999 -9999 -9999 -9999 -9999 -9999 -9999 -9999 -9999 -9999 16609.03 16521.8 16434.72 16347.78 16261 16174.36 16087.88 16001.56 15915.4 15829.4 15743.57 15657.91 15572.41 15487.09 15401.95 15316.98 15232.2 15147.61 15063.2 14978.99 14894.97 14811.14 14727.53 14644.11 14560.91 14477.91 14395.14 14312.23 14228.49 14144.96 14061.65 13978.55 13895.68 13813.04 13729.53 13645.88 13562.45 13479.24 13396.27 13313.53 13230.65 13146.86 13063.31 12979.98 12896.9 12814.05 12731.46 12647.92 12564.24 12480.79 12397.58 12314.63 12231.93 12149.07
-9999 -9999 -9999 -9999 -9999 -9999 -9999 -9999 -9999 -9999 -9999 -9999 -9999 16473.01 16385.66 16298.47 16211.42 16124.52 16037.77 15951.18 15864.74 15778.47 15692.35 15606.41 15520.63 15435.03 15349.59 15264.34 15179.26 15094.37 15009.66 14925.15 14840.82 14756.69 14672.76 14589.04 14505.52 14422.21 14339.11 14256.23 14173.57 14090.07 14006.43 13923 13839.8 13756.82 13674.06 13591.17 13507.41 13423.86 13340.54 13257.45 13174.6 13091.98 13008.46 12924.78 12841.34 12758.13 12675.17 12592.46 12509.6 12425.78 12342.2 12258.87 12175.8 12092.97
-9999 -9999 -9999 -9999 -9999 -9999 -9999 -9999 -9999 -9999 -9999 -9999 -9999 16424.68 16337.07 16249.62 16162.3 16075.14 15988.12 15901.26 15814.55 15728 15641.61 15555.38 15469.32 15383.43 15297.71 15212.17 15126.8 15041.61 14956.6 14871.79 14787.16 14702.72 14618.48 14534.44 14450.61 14366.98 14283.56 14200.35 14117.37 14034.6 13951.7 13867.95 13784.41 13701.09 13618 13535.14 13452.51 13368.99 13285.33 13201.89 13118.69 13035.72 12952.99 12870.12 12786.32 12702.76 12619.43 12536.35 12453.51 12370.93 12287.39 12203.69 12120.23 12037.03
-9999 -9999 -9999 -9999 -9999 -9999 -9999 -9999 -9999 -9999 -9999 -9999 -9999 -9999 16288.95 16201.23 16113.66 16026.23 15938.95 15851.81 15764.83 15678.01 15591.34 15504.84 15418.5 15332.32 15246.31 15160.47 15074.81 14989.33 14904.03 14818.91 14733.97 14649.23 14564.68 14480.33 14396.18 14312.23 14228.49 14144.96 14061.65 13978.55 13895.68 13813.04 13729.53 13645.88 13562.45 13479.24 13396.27 13313.53 13230.65 13146.86 13063.31 12979.98 12896.9 12814.05 12731.46 12647.92 12564.24 12480.79 12397.58 12314.63 12231.93 12149.07 12065.24 11981.65
-9999 -9999 -9999 -9999 -9999 -9999 -9999 -9999 -9999 -9999 -9999 -9999 -9999 -9999 -9999 16153.33 16065.49 15977.8 15890.25 15802.85 15715.6 15628.5 15541.56 15454.77 15368.15 15281.69 15195.39 15109.27 15023.32 14937.54 14851.94 14766.52 14681.28 14596.23 14511.38 14426.71 14342.25 14257.98 14173.92 14090.07 14006.43 13923 13839.8 13756.82 13674.06 13591.17 13507.41 13423.86 13340.54 13257.45 13174.6 13091.98 13008.46 12924.78 12841.34 12758.13 12675.17 12592.46 12509.6 12425.78 12342.2 12258.87 12175.8 12092.97 12010.41 11926.86
-9999 -9999 -9999 -9999 -9999 -9999 -9999 -9999 -9999 -9999 -9999 -9999 -9999 -9999 -9999 -9999 16017.8 15929.85 15842.03 15754.36 15666.84 15579.47 15492.26 15405.19 15318.29 15231.55 15144.97 15058.55 14972.31 14886.24 14800.34 14714.62 14629.08 14543.73 14458.56 14373.59 14288.81 14204.22 14119.84 14035.67 13951.7 13867.95 13784.41 13701.09 13618 13535.14 13452.51 13368.99 13285.33 13201.89 13118.69 13035.72 12952.99 12870.12 12786.32 12702.76 12619.43 12536.35 12453.51 12370.93 12287.39 12203.69 12120.23 12037.03 11954.08 11871.39
-9999 -9999 -9999 -9999 -9999 -9999 -9999 -9999 -9999 -9999 -9999 -9999 -9999 -9999 -9999 -9999 -9999 15882.38 15794.3 15706.37 15618.58 15530.94 15443.45 15356.11 15268.92 15181.9 15095.03 15008.33 14921.8 14835.43 14749.24 14663.22 14577.38 14491.72 14406.25 14320.96 14235.87 14150.97 14066.27 13981.77 13897.48 13813.4 13729.53 13645.88 13562.45 13479.24 13396.27 13313.53 13230.65 13146.86 13063.31 12979.98 12896.9 12814.05 12731.46 12647.92 12564.24 12480.79 12397.58 12314.63 12231.93 12149.07 12065.24 11981.65 11898.32 11815.24
-9999 -9999 -9999 -9999 -9999 -9999 -9999 -9999 -9999 -9999 -9999 -9999 -9999 -9999 -9999 -9999 -9999 -9999 15747.06 15658.86 15570.81 15482.89 15395.13 15307.51 15220.05 15132.75 15045.6 14958.61 14871.79 14785.13 14698.64 14612.32 14526.18 14440.22 14354.44 14268.85 14183.44 14098.23 14013.21 13928.39 13843.77 13759.36 13675.16 13591.17 13507.41 13423.86 13340.54 13257.45 13174.6 13091.98 13008.46 12924.78 12841.34 12758.13 12675.17 12592.46 12509.6 12425.78 12342.2 12258.87 12175.8 12092.97 12010.41 11926.86 11843.14 11759.68
-9999 -9999 -9999 -9999 -9999 -9999 -9999 -9999 -9999 -9999 -9999 -9999 -9999 -9999 -9999 -9999 -9999 -9999 -9999 -9999 15523.53 15435.35 15347.31 15259.42 15171.68 15084.1 14996.67 14909.39 14822.28 14735.33 14648.55 14561.94 14475.5 14389.23 14303.15 14217.24 14131.53 14046 13960.66 13875.52 13790.58 13705.84 13621.31 13536.99 13452.88 13368.99 13285.33 13201.89 13118.69 13035.72 12952.99 12870.12 12786.32 12702.76 12619.43 12536.35 12453.51 12370.93 12287.39 12203.69 12120.23 12037.03 11954.08 11871.39 11788.55 11704.7
-9999 -9999 -9999 -9999 -9999 -9999 -9999 -9999 -9999 -9999 -9999 -9999 -9999 -9999 -9999 -9999 -9999 -9999 -9999 -9999 -9999 15388.31 15300 15211.84 15123.82 15035.96 14948.24 14860.69 14773.29 14686.05 14598.97 14512.06 14425.33 14338.76 14252.37 14166.16 14080.13 13994.28 13908.63 13823.17 13737.9 13652.84 13567.98 13483.32 13398.88 13314.65 13230.65 13146.86 13063.31 12979.98 12896.9 12814.05 12731.46 12647.92 12564.24 12480.79 12397.58 12314.63 12231.93 12149.07 12065.24 11981.65 11898.32 11815.24 11732.43 11649.89
-9999 -9999 -9999 -9999 -9999 -9999 -9999 -9999 -9999 -9999 -9999 -9999 -9999 -9999 -9999 -9999 -9999 -9999 -9999 -9999 -9999 -9999 15253.2 15164.76 15076.47 14988.33 14900.34 14812.5 14724.81 14637.28 14549.91 14462.71 14375.67 14288.81 14202.11 14115.59 14029.25 13943.1 13857.13 13771.35 13685.76 13600.37 13515.18 13430.19 13345.41 13260.84 13176.49 13092.36 13008.46 12924.78 12841.34 12758.13 12675.17 12592.46 12509.6 12425.78 12342.2 12258.87 12175.8 12092.97 12010.41 11926.86 11843.14 11759.68 11676.47 11593.53
-9999 -9999 -9999 -9999 -9999 -9999 -9999 -9999 -9999 -9999 -9999 -9999 -9999 -9999 -9999 -9999 -9999 -9999 -9999 -9999 -9999 -9999 -9999 15118.2 15029.64 14941.22 14852.95 14764.82 14676.85 14589.04 14501.38 14413.88 14326.55 14239.38 14152.38 14065.56 13978.91 13892.44 13806.16 13720.06 13634.15 13548.43 13462.91 13377.59 13292.48 13207.57 13122.88 13038.41 12954.15 12870.12 12786.32 12702.76 12619.43 12536.35 12453.51 12370.93 12287.39 12203.69 12120.23 12037.03 11954.08 11871.39 11788.55 11704.7 11621.1 11537.76
