InputData/dist_3.txt
ncols         217
nrows         221
xllcorner     533400.95843018
yllcorner     8211474.3266709
cellsize      100
NODATA_value  -9999
[rows 64 to 95 of 221, columns 73 to 145 of 217]
18797.07 18700.27 18603.49 18506.76 18410.05 18313.38 18216.75 18120.15 18023.6 17927.07 17830.59 17734.15 17637.74 17541.38 17445.06 17348.78 17252.54 17156.34 17060.19 16964.08 16868.02 16772 16676.03 16580.11 16484.23 16388.41 16292.64 16196.91 16101.24 16005.62 15910.06 15814.55 15719.1 15623.7 15528.36 15433.08 15337.86 15242.7 15147.61 15052.57 14957.61 14862.71 14767.87 14673.1 14578.41 14483.78 14389.23 14294.05 14198.94 14103.9 14008.93 13914.02 13819.19 13724.43 13629.75 13535.14 13440.61 13345.41 13250.28 13155.23 13060.25 12965.34 12870.51 12775.76 12681.09 12586.5 12492 12396.77 12301.63 12206.56 12111.56 12016.66 11921.83
18772.32 18675.38 18578.48 18481.61 18384.78 18287.97 18191.21 18094.47 17997.78 17901.12 17804.49 17707.91 17611.36 17514.85 17418.38 17321.95 17225.56 17129.21 17032.91 16936.65 16840.43 16744.25 16648.12 16552.04 16456 16360.01 16264.07 16168.18 16072.34 15976.54 15880.81 15785.12 15689.49 15593.91 15498.39 15402.92 15307.51 15212.17 15116.88 15021.65 14926.49 14831.39 14736.35 14641.38 14546.48 14451.64 14356.88 14262.19 14167.57 14073.02 13977.84 13882.72 13787.68 13692.7 13597.79 13502.96 13408.21 13313.53 13218.93 13124.4 13029.2 12934.06 12839 12744.02 12649.11 12554.28 12459.53 12364.87 12270.29 12175.8 12080.56 11985.41 11890.33
18748.07 18651.01 18553.97 18456.98 18360.01 18263.08 18166.18 18069.31 17972.48 17875.68 17778.92 17682.2 17585.51 17488.85 17392.24 17295.66 17199.13 17102.63 17006.18 16909.76 16813.39 16717.06 16620.77 16524.53 16428.33 16332.18 16236.07 16140.01 16044 15948.04 15852.13 15756.27 15660.46 15564.7 15469 15373.35 15277.76 15182.23 15086.75 14991.33 14895.97 14800.68 14705.44 14610.27 14515.16 14420.13 14325.15 14230.25 14135.42 14040.66 13945.97 13851.35 13756.82 13661.63 13566.5 13471.45 13376.47 13281.57 13186.74 13091.98 12997.31 12902.71 12808.2 12712.99 12617.84 12522.78 12427.79 12332.88 12238.06 12143.31 12048.65 11954.08 11859.6
18724.32 18627.13 18529.98 18432.85 18335.76 18238.7 18141.66 18044.67 17947.7 17850.77 17753.87 17657.01 17560.18 17463.39 17366.63 17269.92 17173.23 17076.59 16979.99 16883.42 16786.9 16690.42 16593.97 16497.58 16401.22 16304.91 16208.64 16112.42 16016.24 15920.11 15824.03 15728 15632.02 15536.09 15440.21 15344.38 15248.61 15152.89 15057.22 14961.62 14866.07 14770.58 14675.15 14579.78 14484.47 14389.23 14294.05 14198.94 14103.9 14008.93 13914.02 13819.19 13724.43 13629.75 13535.14 13440.61 13345.41 13250.28 13155.23 13060.25 12965.34 12870.51 12775.76 12681.09 12586.5 12492 12396.77 12301.63 12206.56 12111.56 12016.66 11921.83 11827.09
18701.07 18603.76 18506.48 18409.24 18312.02 18214.83 18117.67 18020.54 17923.45 17826.38 17729.35 17632.36 17535.39 17438.46 17341.57 17244.71 17147.89 17051.1 16954.35 16857.64 16760.97 16664.33 16567.74 16471.19 16374.68 16278.21 16181.78 16085.4 15989.06 15892.77 15796.52 15700.32 15604.17 15508.06 15412.01 15316 15220.05 15124.15 15028.31 14932.51 14836.78 14741.1 14645.48 14549.91 14454.41 14358.97 14263.59 14168.27 14073.02 13977.84 13882.72 13787.68 13692.7 13597.79 13502.96 13408.21 13313.53 13218.93 13124.4 13029.2 12934.06 12839 12744.02 12649.11 12554.28 12459.53 12364.87 12270.29 12175.8 12080.56 11985.41 11890.33 11795.34
18678.33 18580.9 18483.51 18386.14 18288.79 18191.48 18094.2 17996.94 17899.72 17802.53 17705.37 17608.24 17511.14 17414.07 17317.04 17220.05 17123.08 17026.16 16929.26 16832.41 16735.59 16638.81 16542.07 16445.36 16348.7 16252.08 16155.49 16058.95 15962.46 15866 15769.59 15673.23 15576.91 15480.63 15384.41 15288.23 15192.1 15096.03 15000 14904.03 14808.11 14712.24 14616.43 14520.67 14424.98 14329.34 14233.76 14138.25 14042.79 13947.4 13852.08 13756.82 13661.63 13566.5 13471.45 13376.47 13281.57 13186.74 13091.98 12997.31 12902.71 12808.2 12712.99 12617.84 12522.78 12427.79 12332.88 12238.06 12143.31 12048.65 11954.08 11859.6 11764.35
18656.1 18558.56 18461.04 18363.55 18266.09 18168.65 18071.25 17973.87 17876.52 17779.2 17681.91 17584.65 17487.42 17390.23 17293.06 17195.93 17098.83 17001.76 16904.73 16807.74 16710.78 16613.85 16516.96 16420.11 16323.3 16226.52 16129.79 16033.09 15936.44 15839.82 15743.25 15646.72 15550.24 15453.8 15357.41 15261.06 15164.76 15068.51 14972.31 14876.16 14780.05 14684 14588.01 14492.07 14396.18 14300.35 14204.58 14108.86 14013.21 13917.61 13822.08 13726.62 13631.21 13535.88 13440.61 13345.41 13250.28 13155.23 13060.25 12965.34 12870.51 12775.76 12681.09 12586.5 12492 12396.77 12301.63 12206.56 12111.56 12016.66 11921.83 11827.09 11732.43
18634.38 18536.72 18439.09 18341.48 18243.9 18146.35 18048.82 17951.32 17853.85 17756.41 17658.99 17561.61 17464.25 17366.92 17269.63 17172.36 17075.13 16977.93 16880.76 16783.62 16686.52 16589.46 16492.42 16395.43 16298.47 16201.54 16104.66 16007.81 15911 15814.23 15717.51 15620.82 15524.17 15427.57 15331.01 15234.5 15138.03 15041.61 14945.23 14848.91 14752.63 14656.4 14560.22 14464.09 14368.02 14272 14176.04 14080.13 13984.28 13888.48 13792.75 13697.08 13601.47 13505.92 13410.44 13315.03 13219.68 13124.4 13029.2 12934.06 12839 12744.02 12649.11 12554.28 12459.53 12364.87 12270.29 12175.8 12080.56 11985.41 11890.33 11795.34 11700.43
18613.17 18515.4 18417.65 18319.93 18222.24 18124.57 18026.92 17929.3 17831.71 17734.15 17636.61 17539.1 17441.62 17344.16 17246.74 17149.34 17051.98 16954.64 16857.34 16760.07 16662.83 16565.63 16468.46 16371.32 16274.21 16177.14 16080.11 15983.12 15886.16 15789.24 15692.35 15595.51 15498.71 15401.95 15305.23 15208.55 15111.92 15015.33 14918.78 14822.28 14725.83 14629.42 14533.07 14436.76 14340.5 14244.3 14148.14 14052.05 13956 13860.01 13764.08 13668.21 13572.4 13476.65 13380.96 13285.33 13189.77 13094.27 12998.85 12903.49 12808.2 12712.99 12617.84 12522.78 12427.79 12332.88 12238.06 12143.31 12048.65 11954.08 11859.6 11764.35 11669.19
18592.47 18494.59 18396.74 18298.91 18201.1 18103.31 18005.55 17907.82 17810.11 17712.43 17614.77 17517.13 17419.53 17321.95 17224.4 17126.88 17029.39 16931.92 16834.49 16737.08 16639.71 16542.37 16445.06 16347.78 16250.54 16153.33 16056.15 15959.01 15861.9 15764.83 15667.8 15570.81 15473.85 15376.93 15280.05 15183.21 15086.42 14989.66 14892.95 14796.28 14699.66 14603.08 14506.55 14410.07 14313.63 14217.24 14120.91 14024.62 13928.39 13832.21 13736.08 13640.01 13544 13448.05 13352.15 13256.32 13160.55 13064.84 12969.19 12873.62 12778.11 12682.67 12587.29 12492 12396.77 12301.63 12206.56 12111.56 12016.66 11921.83 11827.09 11732.43 11637.87
18572.29 18474.31 18376.34 18278.4 18180.48 18082.59 17984.71 17886.87 17789.04 17691.24 17593.46 17495.71 17397.99 17300.29 17202.62 17104.97 17007.35 16909.76 16812.2 16714.66 16617.16 16519.69 16422.24 16324.83 16227.45 16130.1 16032.78 15935.5 15838.25 15741.03 15643.85 15546.7 15449.6 15352.52 15255.49 15158.5 15061.54 14964.63 14867.75 14770.92 14674.13 14577.38 14480.68 14384.02 14287.41 14190.84 14094.33 13997.86 13901.44 13805.07 13708.76 13612.49 13516.29 13420.13 13324.04 13228 13132.02 13036.1 12940.25 12844.45 12748.73 12653.06 12557.47 12461.94 12366.49 12271.1 12175.8 12080.56 11985.41 11890.33 11795.34 11700.43 11605.6
18552.63 18454.54 18356.47 18258.42 18160.4 18062.39 17964.41 17866.45 17768.51 17670.6 17572.71 17474.84 17377 17279.18 17181.38 17083.62 16985.88 16888.16 16790.47 16692.81 16595.18 16497.58 16400 16302.45 16204.94 16107.45 16010 15912.57 15815.18 15717.82 15620.5 15523.21 15425.95 15328.73 15231.55 15134.4 15037.29 14940.21 14843.18 14746.19 14649.23 14552.32 14455.45 14358.62 14261.84 14165.1 14068.4 13971.76 13875.16 13778.61 13682.11 13585.65 13489.25 13392.91 13296.62 13200.38 13104.2 13008.07 12912.01 12816.01 12720.06 12624.18 12528.37 12432.62 12336.94 12241.32 12145.78 12050.31 11954.92 11859.6 11764.35 11669.19 11574.11
18533.48 18435.29 18337.12 18238.97 18140.84 18042.73 17944.64 17846.57 17748.52 17650.5 17552.49 17454.51 17356.55 17258.62 17160.71 17062.82 16964.96 16867.13 16769.32 16671.53 16573.78 16476.04 16378.34 16280.66 16183.02 16085.4 15987.81 15890.25 15792.72 15695.22 15597.76 15500.32 15402.92 15305.55 15208.22 15110.92 15013.66 14916.43 14819.24 14722.09 14624.98 14527.9 14430.87 14333.88 14236.92 14140.01 14043.15 13946.33 13849.55 13752.82 13656.13 13559.5 13462.91 13366.38 13269.89 13173.46 13077.08 12980.75 12884.49 12788.28 12692.12 12596.03 12500 12404.03 12308.13 12212.29 12116.52 12020.82 11925.18 11829.62 11734.14 11638.73 11543.4
18514.86 18416.57 18318.3 18220.04 18121.81 18023.6 17925.4 17827.23 17729.07 17630.94 17532.83 17434.74 17336.67 17238.62 17140.6 17042.59 16944.62 16846.66 16748.73 16650.83 16552.95 16455.09 16357.26 16259.46 16161.68 16063.93 15966.21 15868.52 15770.86 15673.23 15575.62 15478.05 15380.51 15283 15185.52 15088.08 14990.66 14893.29 14795.95 14698.64 14601.37 14504.14 14406.94 14309.79 14212.67 14115.59 14018.56 13921.57 13824.62 13727.71 13630.85 13534.03 13437.26 13340.54 13243.87 13147.24 13050.67 12954.15 12857.68 12761.27 12664.91 12568.61 12472.37 12376.19 12280.07 12184.01 12088.01 11992.08 11896.22 11800.42 11704.7 11609.05 11513.47
18496.76 18398.37 18300 18201.65 18103.31 18005 17906.7 17808.43 17710.17 17611.93 17513.71 17415.51 17317.33 17219.18 17121.04 17022.93 16924.83 16826.76 16728.72 16630.7 16532.7 16434.72 16336.77 16238.84 16140.94 16043.07 15945.22 15847.4 15749.6 15651.84 15554.1 15456.39 15358.71 15261.06 15163.44 15065.86 14968.3 14870.78 14773.29 14675.83 14578.41 14481.02 14383.67 14286.36 14189.08 14091.84 13994.64 13897.48 13800.36 13703.28 13606.25 13509.26 13412.31 13315.4 13218.55 13121.74 13024.98 12928.26 12831.6 12734.99 12638.43 12541.93 12445.48 12349.09 12252.75 12156.48 12060.27 11964.11 11868.02 11772 11676.04 11580.16 11484.34
18479.18 18380.7 18282.23 18183.78 18085.35 17986.94 17888.54 17790.17 17691.81 17593.46 17495.14 17396.84 17298.55 17200.29 17102.05 17003.82 16905.62 16807.44 16709.28 16611.14 16513.03 16414.93 16316.86 16218.82 16120.79 16022.8 15924.82 15826.88 15728.95 15631.06 15533.19 15435.35 15337.54 15239.75 15141.99 15044.27 14946.57 14848.91 14751.27 14653.67 14556.1 14458.56 14361.06 14263.59 14166.16 14068.76 13971.4 13874.08 13776.79 13679.55 13582.34 13485.18 13388.05 13290.97 13193.94 13096.95 13000 12903.1 12806.25 12709.45 12612.69 12515.99 12419.34 12322.74 12226.2 12129.72 12033.29 11936.92 11840.61 11744.36 11648.18 11552.06 11456
18462.12 18363.55 18264.99 18166.45 18067.93 17969.42 17870.93 17772.45 17673.99 17575.55 17477.13 17378.72 17280.34 17181.97 17083.62 16985.29 16886.98 16788.69 16690.42 16592.17 16493.94 16395.73 16297.55 16199.38 16101.24 16003.13 15905.03 15806.96 15708.92 15610.89 15512.9 15414.93 15316.98 15219.07 15121.18 15023.32 14925.48 14827.68 14729.9 14632.16 14534.44 14436.76 14339.11 14241.49 14143.9 14046.35 13948.83 13851.35 13753.91 13656.5 13559.13 13461.8 13364.5 13267.25 13170.04 13072.87 12975.75 12878.66 12781.63 12684.64 12587.69 12490.8 12393.95 12297.15 12200.41 12103.72 12007.08 11910.5 11813.97 11717.51 11621.1 11524.76 11428.47
18445.6 18346.93 18248.29 18149.66 18051.04 17952.44 17853.85 17755.28 17656.73 17558.19 17459.67 17361.16 17262.68 17164.21 17065.76 16967.32 16868.91 16770.51 16672.13 16573.78 16475.44 16377.12 16278.82 16180.54 16082.29 15984.05 15885.84 15787.65 15689.49 15591.34 15493.22 15395.13 15297.06 15199.01 15100.99 15003 14905.03 14807.09 14709.18 14611.3 14513.44 14415.62 14317.82 14220.06 14122.32 14024.62 13926.95 13829.32 13731.71 13634.15 13536.62 13439.12 13341.66 13244.24 13146.86 13049.52 12952.22 12854.96 12757.74 12660.57 12563.44 12466.35 12369.32 12272.33 12175.38 12078.49 11981.65 11884.86 11788.13 11691.45 11594.83 11498.26 11401.75
18429.6 18330.85 18232.12 18133.39 18034.69 17936 17837.32 17738.66 17640.01 17541.38 17442.76 17344.16 17245.58 17147.01 17048.46 16949.93 16851.41 16752.91 16654.43 16555.96 16457.52 16359.1 16260.69 16162.3 16063.93 15965.59 15867.26 15768.96 15670.67 15572.41 15474.17 15375.96 15277.76 15179.59 15081.45 14983.32 14885.23 14787.16 14689.11 14591.09 14493.1 14395.14 14297.2 14199.3 14101.42 14003.57 13905.75 13807.97 13710.21 13612.49 13514.81 13417.15 13319.53 13221.95 13124.4 13026.9 12929.42 12831.99 12734.6 12637.25 12539.94 12442.67 12345.44 12248.27 12151.13 12054.04 11957.01 11860.02 11763.08 11666.19 11569.36 11472.58 11375.85
18414.13 18315.29 18216.48 18117.67 18018.88 17920.1 17821.34 17722.58 17623.85 17525.13 17426.42 17327.72 17229.04 17130.38 17031.73 16933.1 16834.49 16735.89 16637.31 16538.74 16440.2 16341.66 16243.15 16144.66 16046.18 15947.73 15849.29 15750.87 15652.48 15554.1 15455.74 15357.41 15259.1 15160.8 15062.54 14964.29 14866.07 14767.87 14669.7 14571.55 14473.42 14375.33 14277.25 14179.21 14081.19 13983.2 13885.24 13787.31 13689.41 13591.54 13493.7 13395.89 13298.12 13200.38 13102.67 13005 12907.36 12809.76 12712.2 12614.67 12517.19 12419.74 12322.34 12224.97 12127.65 12030.38 11933.15 11835.96 11738.82 11641.74 11544.7 11447.71 11350.77
18399.19 18300.27 18201.37 18102.49 18003.61 17904.75 17805.9 17707.06 17608.24 17509.43 17410.63 17311.85 17213.08 17114.32 17015.58 16916.86 16818.14 16719.45 16620.77 16522.11 16423.46 16324.83 16226.21 16127.62 16029.04 15930.47 15831.93 15733.4 15634.9 15536.41 15437.94 15339.49 15241.06 15142.66 15044.27 14945.9 14847.56 14749.24 14650.94 14552.66 14454.41 14356.18 14257.98 14159.8 14061.65 13963.52 13865.42 13767.35 13669.31 13571.29 13473.31 13375.35 13277.42 13179.53 13081.67 12983.84 12886.04 12788.28 12690.55 12592.86 12495.2 12397.58 12300 12202.46 12104.96 12007.5 11910.08 11812.71 11715.38 11618.09 11520.85 11423.66 11326.52
18384.78 18285.79 18186.81 18087.84 17988.88 17889.94 17791.01 17692.09 17593.18 17494.29 17395.4 17296.53 17197.67 17098.83 17000 16901.18 16802.38 16703.59 16604.82 16506.06 16407.32 16308.59 16209.87 16111.18 16012.5 15913.83 15815.18 15716.55 15617.94 15519.34 15420.77 15322.21 15223.67 15125.14 15026.64 14928.16 14829.7 14731.26 14632.84 14534.44 14436.07 14337.71 14239.38 14141.08 14042.79 13944.53 13846.3 13748.09 13649.91 13551.75 13453.62 13355.52 13257.45 13159.41 13061.39 12963.41 12865.46 12767.54 12669.65 12571.79 12473.97 12376.19 12278.44 12180.72 12083.05 11985.41 11887.81 11790.25 11692.73 11595.26 11497.83 11400.44 11303.1
18370.9 18271.84 18172.78 18073.74 17974.71 17875.68 17776.67 17677.67 17578.68 17479.7 17380.74 17281.78 17182.84 17083.91 16984.99 16886.09 16787.2 16688.32 16589.46 16490.6 16391.77 16292.94 16194.13 16095.34 15996.56 15897.8 15799.05 15700.32 15601.6 15502.9 15404.22 15305.55 15206.91 15108.28 15009.66 14911.07 14812.5 14713.94 14615.4 14516.89 14418.39 14319.92 14221.46 14123.03 14024.62 13926.23 13827.87 13729.53 13631.21 13532.92 13434.66 13336.42 13238.2 13140.02 13041.86 12943.72 12845.62 12747.55 12649.51 12551.49 12453.51 12355.57 12257.65 12159.77 12061.92 11964.11 11866.34 11768.6 11670.9 11573.25 11475.63 11378.05 11280.51
18357.56 18258.42 18159.29 18060.18 17961.07 17861.97 17762.88 17663.8 17564.74 17465.68 17366.63 17267.6 17168.58 17069.56 16970.56 16871.57 16772.6 16673.63 16574.68 16475.74 16376.81 16277.9 16179 16080.11 15981.24 15882.38 15783.54 15684.71 15585.89 15487.09 15388.31 15289.54 15190.79 15092.05 14993.33 14894.63 14795.95 14697.28 14598.63 14500 14401.39 14302.8 14204.22 14105.67 14007.14 13908.63 13810.14 13711.67 13613.23 13514.81 13416.41 13318.03 13219.68 13121.36 13023.06 12924.78 12826.54 12728.31 12630.12 12531.96 12433.83 12335.72 12237.65 12139.6 12041.59 11943.62 11845.67 11747.77 11649.89 11552.06 11454.26 11356.5 11258.77
18344.75 18245.55 18146.35 18047.16 17947.98 17848.81 17749.65 17650.5 17551.35 17452.22 17353.1 17253.98 17154.88 17055.79 16956.71 16857.64 16758.58 16659.53 16560.5 16461.47 16362.46 16263.46 16164.47 16065.49 15966.53 15867.58 15768.64 15669.72 15570.81 15471.91 15373.03 15274.16 15175.31 15076.47 14977.65 14878.84 14780.05 14681.28 14582.52 14483.78 14385.06 14286.36 14187.67 14089 13990.35 13891.72 13793.11 13694.52 13595.96 13497.41 13398.88 13300.38 13201.89 13103.43 13005 12906.59 12808.2 12709.84 12611.5 12513.19 12414.91 12316.66 12218.43 12120.23 12022.06 11923.93 11825.82 11727.75 11629.7 11531.7 11433.72 11335.78 11237.88
18332.48 18233.21 18133.95 18034.69 17935.44 17836.2 17736.97 17637.74 17538.53 17439.32 17340.13 17240.94 17141.76 17042.59 16943.44 16844.29 16745.15 16646.02 16546.9 16447.8 16348.7 16249.62 16150.54 16051.48 15952.43 15853.39 15754.36 15655.35 15556.35 15457.36 15358.39 15259.42 15160.47 15061.54 14962.62 14863.71 14764.82 14665.95 14567.09 14468.24 14369.41 14270.6 14171.8 14073.02 13974.26 13875.52 13776.79 13678.08 13579.4 13480.73 13382.08 13283.45 13184.84 13086.25 12987.69 12889.14 12790.62 12692.12 12593.65 12495.2 12396.77 12298.37 12200 12101.65 12003.33 11905.04 11806.78 11708.54 11610.34 11512.17 11414.03 11315.92 11217.84
18320.75 18221.42 18122.09 18022.76 17923.45 17824.14 17724.84 17625.55 17526.27 17426.99 17327.72 17228.46 17129.21 17029.97 16930.74 16831.52 16732.3 16633.1 16533.9 16434.72 16335.54 16236.38 16137.22 16038.08 15938.95 15839.82 15740.71 15641.61 15542.52 15443.45 15344.38 15245.33 15146.29 15047.26 14948.24 14849.24 14750.25 14651.28 14552.32 14453.37 14354.44 14255.53 14156.62 14057.74 13958.87 13860.01 13761.18 13662.36 13563.55 13464.77 13366 13267.25 13168.52 13069.81 12971.12 12872.45 12773.8 12675.17 12576.57 12477.98 12379.42 12280.88 12182.36 12083.87 11985.41 11886.97 11788.55 11690.17 11591.81 11493.48 11395.17 11296.9 11198.66
18309.56 18210.16 18110.77 18011.38 17912.01 17812.64 17713.27 17613.91 17514.56 17415.22 17315.89 17216.56 17117.24 17017.93 16918.63 16819.33 16720.05 16620.77 16521.5 16422.24 16322.99 16223.75 16124.52 16025.29 15926.08 15826.88 15727.68 15628.5 15529.33 15430.17 15331.01 15231.87 15132.75 15033.63 14934.52 14835.43 14736.35 14637.28 14538.23 14439.18 14340.15 14241.14 14142.14 14043.15 13944.17 13845.22 13746.27 13647.34 13548.43 13449.54 13350.66 13251.79 13152.95 13054.12 12955.31 12856.52 12757.74 12658.99 12560.25 12461.54 12362.85 12264.18 12165.53 12066.9 11968.29 11869.71 11771.15 11672.62 11574.11 11475.63 11377.17 11278.74 11180.34
18298.91 18199.45 18100 18000.55 17901.12 17801.69 17702.26 17602.84 17503.43 17404.02 17304.62 17205.23 17105.85 17006.47 16907.1 16807.74 16708.38 16609.03 16509.69 16410.36 16311.04 16211.72 16112.42 16013.12 15913.83 15814.55 15715.28 15616.02 15516.76 15417.52 15318.29 15219.07 15119.85 15020.65 14921.46 14822.28 14723.11 14623.95 14524.81 14425.67 14326.55 14227.44 14128.34 14029.25 13930.18 13831.12 13732.08 13633.05 13534.03 13435.03 13336.04 13237.07 13138.11 13039.17 12940.25 12841.34 12742.45 12643.58 12544.72 12445.88 12347.06 12248.27 12149.49 12050.73 11951.99 11853.27 11754.57 11655.9 11557.25 11458.62 11360.02 11261.44 11162.88
18288.79 18189.28 18089.78 17990.28 17890.78 17791.29 17691.81 17592.33 17492.86 17393.39 17293.93 17194.48 17095.03 16995.59 16896.15 16796.73 16697.3 16597.89 16498.48 16399.09 16299.69 16200.31 16100.93 16001.56 15902.2 15802.85 15703.5 15604.17 15504.84 15405.52 15306.21 15206.91 15107.61 15008.33 14909.06 14809.79 14710.54 14611.3 14512.06 14412.84 14313.63 14214.43 14115.24 14016.06 13916.9 13817.74 13718.6 13619.47 13520.36 13421.25 13322.16 13223.09 13124.02 13024.98 12925.94 12826.92 12727.92 12628.93 12529.96 12431.01 12332.07 12233.15 12134.25 12035.36 11936.5 11837.65 11738.82 11640.02 11541.23 11442.46 11343.72 11245 11146.3
18279.22 18179.66 18080.1 17980.54 17881 17781.45 17681.91 17582.38 17482.85 17383.33 17283.81 17184.29 17084.79 16985.29 16885.79 16786.3 16686.82 16587.34 16487.88 16388.41 16288.95 16189.5 16090.06 15990.62 15891.19 15791.77 15692.35 15592.95 15493.55 15394.15 15294.77 15195.39 15096.03 14996.67 14897.32 14797.97 14698.64 14599.32 14500 14400.69 14301.4 14202.11 14102.84 14003.57 13904.32 13805.07 13705.84 13606.62 13507.41 13408.21 13309.02 13209.84 13110.68 13011.53 12912.4 12813.27 12714.17 12615.07 12515.99 12416.92 12317.87 12218.84 12119.82 12020.82 11921.83 11822.86 11723.91 11624.97 11526.06 11427.16 11328.28 11229.43 11130.59
18270.19 18170.58 18070.97 17971.37 17871.77 17772.17 17672.58 17572.99 17473.41 17373.83 17274.26 17174.69 17075.13 16975.57 16876.02 16776.47 16676.93 16577.39 16477.86 16378.34 16278.82 16179.31 16079.8 15980.3 15880.81 15781.32 15681.84 15582.36 15482.89 15383.43 15283.98 15184.53 15085.09 14985.66 14886.24 14786.82 14687.41 14588.01 14488.62 14389.23 14289.86 14190.49 14091.13 13991.78 13892.44 13793.11 13693.79 13594.48 13495.18 13395.89 13296.62 13197.35 13098.09 12998.85 12899.61 12800.39 12701.18 12601.98 12502.8 12403.63 12304.47 12205.33 12106.2 12007.08 11907.98 11808.89 11709.83 11610.77 11511.73 11412.71 11313.71 11214.72 11115.75
