InputData/dist_4.txt
ncols         148
nrows         143
xllcorner     528561.18512469
yllcorner     8206839.2004913
cellsize      100
NODATA_value  -9999
[rows 58 to 86 of 143, columns 66 to 131 of 148]
20107.96 20024.98 19942.17 19858.75 19775.24 19691.88 19608.67 19525.63 19442.74 19359.75 19276.15 19192.71 19109.42 19026.3 18943.34 18860.54 18777.11 18693.58 18610.21 18527.01 18443.97 18361.1 18278.13 18194.5 18111.05 18027.76 17944.64 17861.69 17778.92 17695.48 17611.93 17528.55 17445.34 17362.32 17279.47 17196.51 17112.86 17029.39 16946.09 16862.98 16780.05 16697.3 16613.85 16530.28 16446.88 -9999 -9999 -9999 -9999 -9999 -9999 -9999 -9999 -9999 -9999 -9999 -9999 -9999 -9999 -9999 -9999 -9999 -9999 -9999 -9999 -9999
20052.43 19969.23 19886.18 19803.28 19720.29 19636.7 19553.26 19469.98 19386.85 19303.88 19221.08 19137.66 19054.13 18970.77 18887.56 18804.52 18721.64 18638.67 18555.05 18471.6 18388.31 18305.19 18222.24 18139.46 18056.02 17972.48 17889.1 17805.9 17722.87 17640.01 17557.05 17473.41 17389.94 17306.65 17223.53 17140.6 17057.84 16974.39 16890.83 16807.44 16724.23 16641.21 16558.38 16475.44 16391.77 16308.28 -9999 -9999 -9999 -9999 -9999 -9999 -9999 -9999 -9999 -9999 -9999 -9999 -9999 -9999 -9999 -9999 -9999 -9999 -9999 -9999
19997.25 19913.81 19830.53 19747.4 19664.44 19581.63 19498.21 19414.69 19331.32 19248.12 19165.07 19082.19 18999.21 18915.6 18832.15 18748.87 18665.74 18582.79 18500 18416.57 18333.03 18249.66 18166.45 18083.42 18000.55 17917.59 17833.96 17750.49 17667.2 17584.08 17501.14 17418.38 17334.94 17251.38 17167.99 17084.79 17001.76 16918.92 16835.97 16752.31 16668.83 16585.54 16502.42 16419.5 16336.77 16253.31 16169.72 -9999 -9999 -9999 -9999 -9999 -9999 -9999 -9999 -9999 -9999 -9999 -9999 -9999 -9999 -9999 -9999 -9999 -9999 -9999
19942.17 19858.75 19775.24 19691.88 19608.67 19525.63 19442.74 19359.75 19276.15 19192.71 19109.42 19026.3 18943.34 18860.54 18777.11 18693.58 18610.21 18527.01 18443.97 18361.1 18278.13 18194.5 18111.05 18027.76 17944.64 17861.69 17778.92 17695.48 17611.93 17528.55 17445.34 17362.32 17279.47 17196.51 17112.86 17029.39 16946.09 16862.98 16780.05 16697.3 16613.85 16530.28 16446.88 16363.68 16280.66 16197.84 16114.9 16031.22 -9999 -9999 -9999 -9999 -9999 -9999 -9999 -9999 -9999 -9999 -9999 -9999 -9999 -9999 -9999 -9999 -9999 -9999
19886.18 19803.28 19720.29 19636.7 19553.26 19469.98 19386.85 19303.88 19221.08 19137.66 19054.13 18970.77 18887.56 18804.52 18721.64 18638.67 18555.05 18471.6 18388.31 18305.19 18222.24 18139.46 18056.02 17972.48 17889.1 17805.9 17722.87 17640.01 17557.05 17473.41 17389.94 17306.65 17223.53 17140.6 17057.84 16974.39 16890.83 16807.44 16724.23 16641.21 16558.38 16475.44 16391.77 16308.28 16224.98 16141.87 16058.95 15976.23 15892.77 15809.17 -9999 -9999 -9999 -9999 -9999 -9999 -9999 -9999 -9999 -9999 -9999 -9999 -9999 -9999 -9999 -9999
19830.53 19747.4 19664.44 19581.63 19498.21 19414.69 19331.32 19248.12 19165.07 19082.19 18999.21 18915.6 18832.15 18748.87 18665.74 18582.79 18500 18416.57 18333.03 18249.66 18166.45 18083.42 18000.55 17917.59 17833.96 17750.49 17667.2 17584.08 17501.14 17418.38 17334.94 17251.38 17167.99 17084.79 17001.76 16918.92 16835.97 16752.31 16668.83 16585.54 16502.42 16419.5 16336.77 16253.31 16169.72 16086.33 16003.13 15920.11 15837.3 15754.36 15670.67 15587.17 15503.87 -9999 -9999 -9999 -9999 -9999 -9999 -9999 -9999 -9999 -9999 -9999 -9999 -9999
19775.24 19691.88 19608.67 19525.63 19442.74 19359.75 19276.15 19192.71 19109.42 19026.3 18943.34 18860.54 18777.11 18693.58 18610.21 18527.01 18443.97 18361.1 18278.13 18194.5 18111.05 18027.76 17944.64 17861.69 17778.92 17695.48 17611.93 17528.55 17445.34 17362.32 17279.47 17196.51 17112.86 17029.39 16946.09 16862.98 16780.05 16697.3 16613.85 16530.28 16446.88 16363.68 16280.66 16197.84 16114.9 16031.22 15947.73 15864.43 15781.32 15698.41 15615.7 15532.22 15448.63 15365.22 15282.02 -9999 -9999 -9999 -9999 -9999 -9999 -9999 -9999 -9999 -9999 -9999
19720.29 19636.7 19553.26 19469.98 19386.85 19303.88 19221.08 19137.66 19054.13 18970.77 18887.56 18804.52 18721.64 18638.67 18555.05 18471.6 18388.31 18305.19 18222.24 18139.46 18056.02 17972.48 17889.1 17805.9 17722.87 17640.01 17557.05 17473.41 17389.94 17306.65 17223.53 17140.6 17057.84 16974.39 16890.83 16807.44 16724.23 16641.21 16558.38 16475.44 16391.77 16308.28 16224.98 16141.87 16058.95 15976.23 15892.77 15809.17 15725.78 15642.57 15559.56 15476.76 15393.83 15310.13 15226.62 15143.32 -9999 -9999 -9999 -9999 -9999 -9999 -9999 -9999 -9999 -9999
19664.44 19581.63 19498.21 19414.69 19331.32 19248.12 19165.07 19082.19 18999.21 18915.6 18832.15 18748.87 18665.74 18582.79 18500 18416.57 18333.03 18249.66 18166.45 18083.42 18000.55 17917.59 17833.96 17750.49 17667.2 17584.08 17501.14 17418.38 17334.94 17251.38 17167.99 17084.79 17001.76 16918.92 16835.97 16752.31 16668.83 16585.54 16502.42 16419.5 16336.77 16253.31 16169.72 16086.33 16003.13 15920.11 15837.3 15754.36 15670.67 15587.17 15503.87 15420.77 15337.86 15255.16 15171.68 15088.08 -9999 -9999 -9999 -9999 -9999 -9999 -9999 -9999 -9999 -9999
19608.67 19525.63 19442.74 19359.75 19276.15 19192.71 19109.42 19026.3 18943.34 18860.54 18777.11 18693.58 18610.21 18527.01 18443.97 18361.1 18278.13 18194.5 18111.05 18027.76 17944.64 17861.69 17778.92 17695.48 17611.93 17528.55 17445.34 17362.32 17279.47 17196.51 17112.86 17029.39 16946.09 16862.98 16780.05 16697.3 16613.85 16530.28 16446.88 16363.68 16280.66 16197.84 16114.9 16031.22 15947.73 15864.43 15781.32 15698.41 15615.7 15532.22 15448.63 15365.22 15282.02 15199.01 15116.22 15033.3 14949.58 -9999 -9999 -9999 -9999 -9999 -9999 -9999 -9999 -9999
19553.26 19469.98 19386.85 19303.88 19221.08 19137.66 19054.13 18970.77 18887.56 18804.52 18721.64 18638.67 18555.05 18471.6 18388.31 18305.19 18222.24 18139.46 18056.02 17972.48 17889.1 17805.9 17722.87 17640.01 17557.05 17473.41 17389.94 17306.65 17223.53 17140.6 17057.84 16974.39 16890.83 16807.44 16724.23 16641.21 16558.38 16475.44 16391.77 16308.28 16224.98 16141.87 16058.95 15976.23 15892.77 15809.17 15725.78 15642.57 15559.56 15476.76 15393.83 15310.13 15226.62 15143.32 15060.21 14977.32 14894.63 -9999 -9999 -9999 -9999 -9999 -9999 -9999 -9999 -9999
19498.21 19414.69 19331.32 19248.12 19165.07 19082.19 18999.21 18915.6 18832.15 18748.87 18665.74 18582.79 18500 18416.57 18333.03 18249.66 18166.45 18083.42 18000.55 17917.59 17833.96 17750.49 17667.2 17584.08 17501.14 17418.38 17334.94 17251.38 17167.99 17084.79 17001.76 16918.92 16835.97 16752.31 16668.83 16585.54 16502.42 16419.5 16336.77 16253.31 16169.72 16086.33 16003.13 15920.11 15837.3 15754.36 15670.67 15587.17 15503.87 15420.77 15337.86 15255.16 15171.68 15088.08 15004.67 14921.46 14838.46 14755.68 -9999 -9999 -9999 -9999 -9999 -9999 -9999 -9999
19442.74 19359.75 19276.15 19192.71 19109.42 19026.3 18943.34 18860.54 18777.11 18693.58 18610.21 18527.01 18443.97 18361.1 18278.13 18194.5 18111.05 18027.76 17944.64 17861.69 17778.92 17695.48 17611.93 17528.55 17445.34 17362.32 17279.47 17196.51 17112.86 17029.39 16946.09 16862.98 16780.05 16697.3 16613.85 16530.28 16446.88 16363.68 16280.66 16197.84 16114.9 16031.22 15947.73 15864.43 15781.32 15698.41 15615.7 15532.22 15448.63 15365.22 15282.02 15199.01 15116.22 15033.3 14949.58 14866.07 14782.76 14699.66 -9999 -9999 -9999 -9999 -9999 -9999 -9999 -9999
19386.85 19303.88 19221.08 19137.66 19054.13 18970.77 18887.56 18804.52 18721.64 18638.67 18555.05 18471.6 18388.31 18305.19 18222.24 18139.46 18056.02 17972.48 17889.1 17805.9 17722.87 17640.01 17557.05 17473.41 17389.94 17306.65 17223.53 17140.6 17057.84 16974.39 16890.83 16807.44 16724.23 16641.21 16558.38 16475.44 16391.77 16308.28 16224.98 16141.87 16058.95 15976.23 15892.77 15809.17 15725.78 15642.57 15559.56 15476.76 15393.83 15310.13 15226.62 15143.32 15060.21 14977.32 14894.63 14811.14 14727.53 14644.11 14560.91 -9999 -9999 -9999 -9999 -9999 -9999 -9999
19331.32 19248.12 19165.07 19082.19 18999.21 18915.6 18832.15 18748.87 18665.74 18582.79 18500 18416.57 18333.03 18249.66 18166.45 18083.42 18000.55 17917.59 17833.96 17750.49 17667.2 17584.08 17501.14 17418.38 17334.94 17251.38 17167.99 17084.79 17001.76 16918.92 16835.97 16752.31 16668.83 16585.54 16502.42 16419.5 16336.77 16253.31 16169.72 16086.33 16003.13 15920.11 15837.3 15754.36 15670.67 15587.17 15503.87 15420.77 15337.86 15255.16 15171.68 15088.08 15004.67 14921.46 14838.46 14755.68 14672.76 14589.04 14505.52 -9999 -9999 -9999 -9999 -9999 -9999 -9999
19276.15 19192.71 19109.42 19026.3 18943.34 18860.54 18777.11 18693.58 18610.21 18527.01 18443.97 18361.1 18278.13 18194.5 18111.05 18027.76 17944.64 17861.69 17778.92 17695.48 17611.93 17528.55 17445.34 17362.32 17279.47 17196.51 17112.86 17029.39 16946.09 16862.98 16780.05 16697.3 16613.85 16530.28 16446.88 16363.68 16280.66 16197.84 16114.9 16031.22 15947.73 15864.43 15781.32 15698.41 15615.7 15532.22 15448.63 15365.22 15282.02 15199.01 15116.22 15033.3 14949.58 14866.07 14782.76 14699.66 14616.77 14534.1 14450.61 14366.98 -9999 -9999 -9999 -9999 -9999 -9999
19221.08 19137.66 19054.13 18970.77 18887.56 18804.52 18721.64 18638.67 18555.05 18471.6 18388.31 18305.19 18222.24 18139.46 18056.02 17972.48 17889.1 17805.9 17722.87 17640.01 17557.05 17473.41 17389.94 17306.65 17223.53 17140.6 17057.84 16974.39 16890.83 16807.44 16724.23 16641.21 16558.38 16475.44 16391.77 16308.28 16224.98 16141.87 16058.95 15976.23 15892.77 15809.17 15725.78 15642.57 15559.56 15476.76 15393.83 15310.13 15226.62 15143.32 15060.21 14977.32 14894.63 14811.14 14727.53 14644.11 14560.91 14477.91 14395.14 14312.23 -9999 -9999 -9999 -9999 -9999 -9999
19165.07 19082.19 18999.21 18915.6 18832.15 18748.87 18665.74 18582.79 18500 18416.57 18333.03 18249.66 18166.45 18083.42 18000.55 17917.59 17833.96 17750.49 17667.2 17584.08 17501.14 17418.38 17334.94 17251.38 17167.99 17084.79 17001.76 16918.92 16835.97 16752.31 16668.83 16585.54 16502.42 16419.5 16336.77 16253.31 16169.72 16086.33 16003.13 15920.11 15837.3 15754.36 15670.67 15587.17 15503.87 15420.77 15337.86 15255.16 15171.68 15088.08 15004.67 14921.46 14838.46 14755.68 14672.76 14589.04 14505.52 14422.21 14339.11 14256.23 14173.57 -9999 -9999 -9999 -9999 -9999
19109.42 19026.3 18943.34 18860.54 18777.11 18693.58 18610.21 18527.01 18443.97 18361.1 18278.13 18194.5 18111.05 18027.76 17944.64 17861.69 17778.92 17695.48 17611.93 17528.55 17445.34 17362.32 17279.47 17196.51 17112.86 17029.39 16946.09 16862.98 16780.05 16697.3 16613.85 16530.28 16446.88 16363.68 16280.66 16197.84 16114.9 16031.22 15947.73 15864.43 15781.32 15698.41 15615.7 15532.22 15448.63 15365.22 15282.02 15199.01 15116.22 15033.3 14949.58 14866.07 14782.76 14699.66 14616.77 14534.1 14450.61 14366.98 14283.56 14200.35 14117.37 -9999 -9999 -9999 -9999 -9999
19054.13 18970.77 18887.56 18804.52 18721.64 18638.67 18555.05 18471.6 18388.31 18305.19 18222.24 18139.46 18056.02 17972.48 17889.1 17805.9 17722.87 17640.01 17557.05 17473.41 17389.94 17306.65 17223.53 17140.6 17057.84 16974.39 16890.83 16807.44 16724.23 16641.21 16558.38 16475.44 16391.77 16308.28 16224.98 16141.87 16058.95 15976.23 15892.77 15809.17 15725.78 15642.57 15559.56 15476.76 15393.83 15310.13 15226.62 15143.32 15060.21 14977.32 14894.63 14811.14 14727.53 14644.11 14560.91 14477.91 14395.14 14312.23 14228.49 14144.96 14061.65 13978.55 -9999 -9999 -9999 -9999
18999.21 18915.6 18832.15 18748.87 18665.74 18582.79 18500 18416.57 18333.03 18249.66 18166.45 18083.42 18000.55 17917.59 17833.96 17750.49 17667.2 17584.08 17501.14 17418.38 17334.94 17251.38 17167.99 17084.79 17001.76 16918.92 16835.97 16752.31 16668.83 16585.54 16502.42 16419.5 16336.77 16253.31 16169.72 16086.33 16003.13 15920.11 15837.3 15754.36 15670.67 15587.17 15503.87 15420.77 15337.86 15255.16 15171.68 15088.08 15004.67 14921.46 14838.46 14755.68 14672.76 14589.04 14505.52 14422.21 14339.11 14256.23 14173.57 14090.07 14006.43 13923 13839.8 -9999 -9999 -9999
18943.34 18860.54 18777.11 18693.58 18610.21 18527.01 18443.97 18361.1 18278.13 18194.5 18111.05 18027.76 17944.64 17861.69 17778.92 17695.48 17611.93 17528.55 17445.34 17362.32 17279.47 17196.51 17112.86 17029.39 16946.09 16862.98 16780.05 16697.3 16613.85 16530.28 16446.88 16363.68 16280.66 16197.84 16114.9 16031.22 15947.73 15864.43 15781.32 15698.41 15615.7 15532.22 15448.63 15365.22 15282.02 15199.01 15116.22 15033.3 14949.58 14866.07 14782.76 14699.66 14616.77 14534.1 14450.61 14366.98 14283.56 14200.35 14117.37 14034.6 13951.7 13867.95 13784.41 13701.09 -9999 -9999
18887.56 18804.52 18721.64 18638.67 18555.05 18471.6 18388.31 18305.19 18222.24 18139.46 18056.02 17972.48 17889.1 17805.9 17722.87 17640.01 17557.05 17473.41 17389.94 17306.65 17223.53 17140.6 17057.84 16974.39 16890.83 16807.44 16724.23 16641.21 16558.38 16475.44 16391.77 16308.28 16224.98 16141.87 16058.95 15976.23 15892.77 15809.17 15725.78 15642.57 15559.56 15476.76 15393.83 15310.13 15226.62 15143.32 15060.21 14977.32 14894.63 14811.14 14727.53 14644.11 14560.91 14477.91 14395.14 14312.23 14228.49 14144.96 14061.65 13978.55 13895.68 13813.04 13729.53 13645.88 13562.45 -9999
18832.15 18748.87 18665.74 18582.79 18500 18416.57 18333.03 18249.66 18166.45 18083.42 18000.55 17917.59 17833.96 17750.49 17667.2 17584.08 17501.14 17418.38 17334.94 17251.38 17167.99 17084.79 17001.76 16918.92 16835.97 16752.31 16668.83 16585.54 16502.42 16419.5 16336.77 16253.31 16169.72 16086.33 16003.13 15920.11 15837.3 15754.36 15670.67 15587.17 15503.87 15420.77 15337.86 15255.16 15171.68 15088.08 15004.67 14921.46 14838.46 14755.68 14672.76 14589.04 14505.52 14422.21 14339.11 14256.23 14173.57 14090.07 14006.43 13923 13839.8 13756.82 13674.06 13591.17 13507.41 13423.86
18777.11 18693.58 18610.21 18527.01 18443.97 18361.1 18278.13 18194.5 18111.05 18027.76 17944.64 17861.69 17778.92 17695.48 17611.93 17528.55 17445.34 17362.32 17279.47 17196.51 17112.86 17029.39 16946.09 16862.98 16780.05 16697.3 16613.85 16530.28 16446.88 16363.68 16280.66 16197.84 16114.9 16031.22 15947.73 15864.43 15781.32 15698.41 15615.7 15532.22 15448.63 15365.22 15282.02 15199.01 15116.22 15033.3 14949.58 14866.07 14782.76 14699.66 14616.77 14534.1 14450.61 14366.98 14283.56 14200.35 14117.37 14034.6 13951.7 13867.95 13784.41 13701.09 13618 13535.14 13452.51 13368.99
18722.45 18638.67 18555.05 18471.6 18388.31 18305.19 18222.24 18139.46 18056.02 17972.48 17889.1 17805.9 17722.87 17640.01 17557.05 17473.41 17389.94 17306.65 17223.53 17140.6 17057.84 16974.39 16890.83 16807.44 16724.23 16641.21 16558.38 16475.44 16391.77 16308.28 16224.98 16141.87 16058.95 15976.23 15892.77 15809.17 15725.78 15642.57 15559.56 15476.76 15393.83 15310.13 15226.62 15143.32 15060.21 14977.32 14894.63 14811.14 14727.53 14644.11 14560.91 14477.91 14395.14 14312.23 14228.49 14144.96 14061.65 13978.55 13895.68 13813.04 13729.53 13645.88 13562.45 13479.24 13396.27 13313.53
18668.15 18584.13 18500.27 18416.57 18333.03 18249.66 18166.45 18083.42 18000.55 17917.59 17833.96 17750.49 17667.2 17584.08 17501.14 17418.38 17334.94 17251.38 17167.99 17084.79 17001.76 16918.92 16835.97 16752.31 16668.83 16585.54 16502.42 16419.5 16336.77 16253.31 16169.72 16086.33 16003.13 15920.11 15837.3 15754.36 15670.67 15587.17 15503.87 15420.77 15337.86 15255.16 15171.68 15088.08 15004.67 14921.46 14838.46 14755.68 14672.76 14589.04 14505.52 14422.21 14339.11 14256.23 14173.57 14090.07 14006.43 13923 13839.8 13756.82 13674.06 13591.17 13507.41 13423.86 13340.54 13257.45
18614.24 18529.98 18445.87 18361.92 18278.13 18194.5 18111.05 18027.76 17944.64 17861.69 17778.92 17695.48 17611.93 17528.55 17445.34 17362.32 17279.47 17196.51 17112.86 17029.39 16946.09 16862.98 16780.05 16697.3 16613.85 16530.28 16446.88 16363.68 16280.66 16197.84 16114.9 16031.22 15947.73 15864.43 15781.32 15698.41 15615.7 15532.22 15448.63 15365.22 15282.02 15199.01 15116.22 15033.3 14949.58 14866.07 14782.76 14699.66 14616.77 14534.1 14450.61 14366.98 14283.56 14200.35 14117.37 14034.6 13951.7 13867.95 13784.41 13701.09 13618 13535.14 13452.51 13368.99 13285.33 13201.89
18560.71 18476.2 18391.85 18307.65 18223.61 18139.74 18056.02 17972.48 17889.1 17805.9 17722.87 17640.01 17557.05 17473.41 17389.94 17306.65 17223.53 17140.6 17057.84 16974.39 16890.83 16807.44 16724.23 16641.21 16558.38 16475.44 16391.77 16308.28 16224.98 16141.87 16058.95 15976.23 15892.77 15809.17 15725.78 15642.57 15559.56 15476.76 15393.83 15310.13 15226.62 15143.32 15060.21 14977.32 14894.63 14811.14 14727.53 14644.11 14560.91 14477.91 14395.14 14312.23 14228.49 14144.96 14061.65 13978.55 13895.68 13813.04 13729.53 13645.88 13562.45 13479.24 13396.27 13313.53 13230.65 13146.86
