InputData/dist_14.txt
ncols         192
nrows         185
xllcorner     521121.3274656
yllcorner     8193989.8049443
cellsize      100
NODATA_value  -9999
[rows 0 to 29 of 185, columns 68 to 135 of 192]
-9999 -9999 -9999 -9999 -9999 -9999 -9999 -9999 -9999 -9999 -9999 -9999 -9999 -9999 -9999 -9999 -9999 -9999 -9999 -9999 -9999 -9999 -9999 -9999 -9999 -9999 -9999 -9999 -9999 -9999 -9999 -9999 -9999 -9999 -9999 -9999 -9999 -9999 -9999 -9999 -9999 -9999 -9999 -9999 -9999 -9999 -9999 -9999 -9999 -9999 -9999 -9999 -9999 -9999 -9999 -9999 20019.24 19932.38 19845.65 19759.05 19672.57 -9999 -9999 -9999 -9999 -9999 -9999 -9999
-9999 -9999 -9999 -9999 -9999 -9999 -9999 -9999 -9999 -9999 -9999 -9999 -9999 -9999 -9999 -9999 -9999 -9999 -9999 -9999 -9999 -9999 -9999 -9999 -9999 -9999 -9999 -9999 -9999 -9999 -9999 -9999 -9999 -9999 -9999 -9999 -9999 -9999 -9999 -9999 -9999 -9999 -9999 -9999 -9999 -9999 -9999 -9999 -9999 -9999 -9999 -9999 -9999 -9999 20144.48 20057.17 19969.98 19882.91 19795.96 19709.13 19622.44 19535.87 19449.42 19363.11 -9999 -9999 -9999 -9999
-9999 -9999 -9999 -9999 -9999 -9999 -9999 -9999 -9999 -9999 -9999 -9999 -9999 -9999 -9999 -9999 -9999 -9999 -9999 -9999 -9999 -9999 -9999 -9999 -9999 -9999 -9999 -9999 -9999 -9999 -9999 -9999 -9999 -9999 -9999 -9999 -9999 -9999 -9999 -9999 -9999 -9999 -9999 -9999 -9999 -9999 -9999 -9999 -9999 -9999 -9999 -9999 20271.41 20183.66 20096.02 20008.5 19921.09 19833.81 19746.64 19659.6 19572.69 19485.89 19399.23 19312.69 19226.28 19140.01 19053.87 -9999
-9999 -9999 -9999 -9999 -9999 -9999 -9999 -9999 -9999 -9999 -9999 -9999 -9999 -9999 -9999 -9999 -9999 -9999 -9999 -9999 -9999 -9999 -9999 -9999 -9999 -9999 -9999 -9999 -9999 -9999 -9999 -9999 -9999 -9999 -9999 -9999 -9999 -9999 -9999 -9999 -9999 -9999 -9999 -9999 -9999 -9999 -9999 -9999 -9999 -9999 20400 20311.82 20223.75 20135.79 20047.94 19960.21 19872.59 19785.1 19697.71 19610.46 19523.32 19436.31 19349.42 19262.66 19176.03 19089.53 19003.16 18916.92
-9999 -9999 -9999 -9999 -9999 -9999 -9999 -9999 -9999 -9999 -9999 -9999 -9999 -9999 -9999 -9999 -9999 -9999 -9999 -9999 -9999 -9999 -9999 -9999 -9999 -9999 -9999 -9999 -9999 -9999 -9999 -9999 -9999 -9999 -9999 -9999 -9999 -9999 -9999 -9999 -9999 -9999 -9999 -9999 -9999 -9999 -9999 -9999 20530.22 20441.63 20353.13 20264.75 20176.47 20088.3 20000.25 19912.31 19824.48 19736.77 19649.17 19561.7 19474.34 19387.11 19300 19213.02 19126.16 19039.43 18952.84 18866.37
-9999 -9999 -9999 -9999 -9999 -9999 -9999 -9999 -9999 -9999 -9999 -9999 -9999 -9999 -9999 -9999 -9999 -9999 -9999 -9999 -9999 -9999 -9999 -9999 -9999 -9999 -9999 -9999 -9999 -9999 -9999 -9999 -9999 -9999 -9999 -9999 -9999 -9999 -9999 -9999 -9999 -9999 -9999 -9999 -9999 -9999 20662.04 20573.04 20484.14 20395.34 20306.65 20218.06 20129.58 20041.21 19952.95 19864.79 19776.75 19688.83 19601.02 19513.33 19425.76 19338.3 19250.97 19163.77 19076.69 18989.73 18902.91 18816.22
-9999 -9999 -9999 -9999 -9999 -9999 -9999 -9999 -9999 -9999 -9999 -9999 -9999 -9999 -9999 -9999 -9999 -9999 -9999 -9999 -9999 -9999 -9999 -9999 -9999 -9999 -9999 -9999 -9999 -9999 -9999 -9999 -9999 -9999 -9999 -9999 -9999 -9999 -9999 -9999 -9999 -9999 -9999 -9999 20795.43 20706.04 20616.74 20527.54 20438.44 20349.45 20260.55 20171.76 20083.08 19994.5 19906.03 19817.67 19729.42 19641.28 19553.26 19465.35 19377.56 19289.89 19202.34 19114.92 19027.61 18940.43 18853.38 18766.46
-9999 -9999 -9999 -9999 -9999 -9999 -9999 -9999 -9999 -9999 -9999 -9999 -9999 -9999 -9999 -9999 -9999 -9999 -9999 -9999 -9999 -9999 -9999 -9999 -9999 -9999 -9999 -9999 -9999 -9999 -9999 -9999 -9999 -9999 -9999 -9999 21466.25 21376.86 21287.55 21198.11 21108.53 21019.04 -9999 20840.35 20750.9 20661.32 20571.83 20482.43 20393.14 20303.94 20214.85 20125.85 20036.97 19948.18 19859.51 19770.94 19682.48 19594.13 19505.9 19417.78 19329.77 19241.88 19154.11 19066.46 18978.94 18891.53 18804.25 18717.1
-9999 -9999 -9999 -9999 -9999 -9999 -9999 -9999 -9999 -9999 -9999 -9999 -9999 -9999 -9999 -9999 -9999 -9999 -9999 -9999 -9999 -9999 -9999 -9999 -9999 -9999 -9999 -9999 -9999 -9999 -9999 -9999 21780.96 21691.01 21601.16 21511.39 21421.72 21332.13 21242.65 21153.25 21063.95 20974.51 20884.92 20795.43 20706.04 20616.74 20527.3 20437.71 20348.22 20258.83 20169.53 20080.34 19991.25 19902.26 19813.38 19724.6 19635.94 19547.38 19458.93 19370.6 19282.38 19194.27 19106.28 19018.41 18930.66 18843.04 18755.53 18668.15
-9999 -9999 -9999 -9999 -9999 -9999 -9999 -9999 -9999 -9999 -9999 -9999 -9999 -9999 -9999 -9999 -9999 -9999 -9999 -9999 22825.42 22734.34 22643.32 22552.38 22461.52 22370.74 22280.04 22189.41 22098.87 22008.41 21918.03 21827.73 21737.53 21647.4 21557.37 21467.42 21377.56 21287.79 21198.11 21108.53 21019.04 20929.64 20840.35 20750.9 20661.32 20571.83 20482.43 20393.14 20303.69 20214.1 20124.61 20035.22 19945.93 19856.74 19767.65 19678.67 19589.79 19501.03 19412.37 19323.82 19235.38 19147.06 19058.86 18970.77 18882.8 18794.95 18707.22 18619.61
-9999 -9999 -9999 -9999 -9999 -9999 -9999 -9999 -9999 -9999 -9999 -9999 -9999 -9999 -9999 -9999 -9999 -9999 22967.15 22875.75 22784.42 22693.17 22601.99 22510.89 22419.86 22328.9 22238.03 22147.23 22056.52 21965.88 21875.33 21784.86 21694.47 21604.17 21513.95 21423.82 21333.78 21243.82 21153.96 21064.19 20974.51 20884.92 20795.43 20706.04 20616.74 20527.3 20437.71 20348.22 20258.83 20169.53 20080.09 19990.5 19901.01 19811.61 19722.32 19633.13 19544.05 19455.08 19366.21 19277.45 19188.8 19100.26 19011.84 18923.53 18835.34 18747.27 18659.31 18571.48
-9999 -9999 -9999 -9999 -9999 -9999 -9999 -9999 -9999 -9999 -9999 -9999 -9999 -9999 -9999 23201.94 23110.17 23018.47 22926.84 22835.28 22743.79 22652.37 22561.03 22469.76 22378.56 22287.44 22196.4 22105.43 22014.54 21923.73 21833 21742.36 21651.79 21561.31 21470.91 21380.6 21290.37 21200.24 21110.19 21020.23 20930.36 20840.59 20750.9 20661.32 20571.83 20482.43 20393.14 20303.69 20214.1 20124.61 20035.22 19945.93 19856.48 19766.89 19677.4 19588.01 19498.72 19409.53 19320.46 19231.48 19142.62 19053.87 18965.23 18876.71 18788.29 18700 18611.82 18523.77
-9999 -9999 -9999 -9999 -9999 -9999 -9999 -9999 -9999 -9999 -9999 -9999 -9999 23346.52 23254.46 23162.47 23070.54 22978.69 22886.9 22795.18 22703.52 22611.94 22520.44 22429 22337.64 22246.35 22155.13 22064 21972.94 21881.96 21791.05 21700.23 21609.49 21518.83 21428.25 21337.76 21247.35 21157.03 21066.8 20976.65 20886.6 20796.63 20706.76 20616.98 20527.3 20437.71 20348.22 20258.83 20169.53 20080.09 19990.5 19901.01 19811.61 19722.32 19632.88 19543.29 19453.79 19364.4 19275.11 19185.93 19096.86 19007.89 18919.04 18830.29 18741.66 18653.15 18564.75 18476.47
-9999 -9999 -9999 -9999 -9999 -9999 -9999 -9999 -9999 -9999 23584.74 23492.34 23400 23307.72 23215.51 23123.37 23031.28 22939.27 22847.32 22755.44 22663.63 22571.88 22480.21 22388.61 22297.09 22205.63 22114.25 22022.94 21931.71 21840.56 21749.48 21658.49 21567.57 21476.73 21385.98 21295.3 21204.72 21114.21 21023.8 20933.47 20843.22 20753.07 20663.01 20573.04 20483.16 20393.38 20303.69 20214.1 20124.61 20035.22 19945.93 19856.48 19766.89 19677.4 19588.01 19498.72 19409.28 19319.68 19230.19 19140.79 19051.51 18962.33 18873.26 18784.3 18695.45 18606.72 18518.1 18429.6
-9999 -9999 -9999 -9999 -9999 -9999 -9999 -9999 23732.04 23639.37 23546.76 23454.21 23361.72 23269.29 23176.93 23084.63 22992.39 22900.22 22808.11 22716.07 22624.1 22532.2 22440.37 22348.6 22256.91 22165.29 22073.74 21982.27 21890.87 21799.54 21708.29 21617.12 21526.03 21435.02 21344.09 21253.23 21162.47 21071.78 20981.18 20890.67 20800.24 20709.9 20619.65 20529.49 20439.42 20349.45 20259.57 20169.78 20080.09 19990.5 19901.01 19811.61 19722.32 19632.88 19543.29 19453.79 19364.4 19275.11 19185.67 19096.07 19006.58 18917.19 18827.9 18738.73 18649.66 18560.71 18471.87 18383.14
-9999 -9999 -9999 -9999 -9999 23973.53 23880.54 23787.6 23694.72 23601.91 23509.15 23416.45 23323.81 23231.23 23138.71 23046.26 22953.87 22861.54 22769.28 22677.08 22584.95 22492.89 22400.89 22308.97 22217.11 22125.32 22033.61 21941.97 21850.4 21758.91 21667.49 21576.14 21484.88 21393.69 21302.58 21211.55 21120.61 21029.74 20938.96 20848.26 20757.65 20667.12 20576.69 20486.34 20396.08 20305.91 20215.84 20125.85 20035.97 19946.18 19856.48 19766.89 19677.4 19588.01 19498.72 19409.28 19319.68 19230.19 19140.79 19051.51 18962.07 18872.47 18782.97 18693.58 18604.3 18515.13 18426.07 18337.12
-9999 -9999 -9999 24123.43 24030.19 23937 23843.87 23750.79 23657.77 23564.8 23471.9 23379.05 23286.26 23193.53 23100.87 23008.26 22915.71 22823.23 22730.82 22638.46 22546.18 22453.95 22361.8 22269.71 22177.69 22085.74 21993.86 21902.05 21810.32 21718.66 21627.07 21535.55 21444.11 21352.75 21261.47 21170.26 21079.14 20988.09 20897.13 20806.25 20715.45 20624.74 20534.12 20443.58 20353.13 20262.77 20172.51 20082.33 19992.25 19902.26 19812.37 19722.58 19632.88 19543.29 19453.79 19364.4 19275.11 19185.67 19096.07 19006.58 18917.19 18827.9 18738.46 18648.86 18559.36 18469.98 18380.7 18291.53
24368.01 24274.47 24180.98 24087.55 23994.17 23900.84 23807.56 23714.34 23621.18 23528.07 23435.02 23342.02 23249.09 23156.21 23063.39 22970.63 22877.94 22785.3 22692.73 22600.22 22507.78 22415.4 22323.08 22230.83 22138.65 22046.54 21954.5 21862.53 21770.62 21678.79 21587.03 21495.35 21403.74 21312.2 21220.74 21129.36 21038.06 20946.84 20855.7 20764.63 20673.65 20582.76 20491.95 20401.22 20310.59 20220.04 20129.58 20039.21 19948.94 19858.75 19768.66 19678.67 19588.77 19498.97 19409.28 19319.68 19230.19 19140.79 19051.51 18962.07 18872.47 18782.97 18693.58 18604.3 18514.86 18425.25 18335.76 18246.37
24332.9 24239.22 24145.6 24052.03 23958.51 23865.04 23771.62 23678.26 23584.95 23491.7 23398.5 23305.36 23212.28 23119.26 23026.29 22933.38 22840.53 22747.75 22655.02 22562.36 22469.76 22377.22 22284.75 22192.34 22100 22007.73 21915.52 21823.38 21731.31 21639.32 21547.39 21455.54 21363.75 21272.05 21180.42 21088.86 20997.38 20905.98 20814.66 20723.42 20632.26 20541.18 20450.18 20359.27 20268.45 20177.71 20087.06 19996.5 19906.03 19815.65 19725.37 19635.17 19545.08 19455.08 19365.18 19275.37 19185.67 19096.07 19006.58 18917.19 18827.9 18738.46 18648.86 18559.36 18469.98 18380.7 18291.25 18201.65
24298.15 24204.34 24110.58 24016.87 23923.21 23829.6 23736.05 23642.55 23549.1 23455.7 23362.36 23269.08 23175.85 23082.68 22989.56 22896.51 22803.51 22710.57 22617.69 22524.88 22432.12 22339.43 22246.8 22154.23 22061.73 21969.3 21876.93 21784.63 21692.39 21600.23 21508.14 21416.12 21324.16 21232.29 21140.48 21048.75 20957.1 20865.52 20774.02 20682.6 20591.26 20500 20408.82 20317.73 20226.71 20135.79 20044.95 19954.2 19863.54 19772.96 19682.48 19592.09 19501.79 19411.59 19321.49 19231.48 19141.58 19051.77 18962.07 18872.47 18782.97 18693.58 18604.3 18514.86 18425.25 18335.76 18246.37 18157.09
24263.76 24169.82 24075.92 23982.08 23888.28 23794.54 23700.84 23607.2 23513.61 23420.08 23326.59 23233.17 23139.79 23046.47 22953.21 22860.01 22766.86 22673.77 22580.74 22487.78 22394.87 22302.02 22209.23 22116.51 22023.85 21931.26 21838.73 21746.26 21653.87 21561.54 21469.28 21377.09 21284.97 21192.92 21100.95 21009.04 20917.22 20825.46 20733.79 20642.19 20550.67 20459.23 20367.87 20276.59 20185.39 20094.28 20003.25 19912.31 19821.45 19730.69 19640.01 19549.42 19458.93 19368.53 19278.23 19188.02 19097.91 19007.89 18917.98 18828.17 18738.46 18648.86 18559.36 18469.98 18380.7 18291.25 18201.65 18112.15
24229.73 24135.66 24041.63 23947.65 23853.72 23759.84 23666.01 23572.23 23478.5 23384.82 23291.2 23197.63 23104.11 23010.65 22917.24 22823.89 22730.6 22637.36 22544.18 22451.06 22358 22264.99 22172.05 22079.18 21986.36 21893.61 21800.92 21708.29 21615.73 21523.24 21430.82 21338.46 21246.18 21153.96 21061.81 20969.74 20877.74 20785.81 20693.96 20602.18 20510.48 20418.86 20327.32 20235.86 20144.48 20053.18 19961.96 19870.83 19779.79 19688.83 19597.96 19507.18 19416.49 19325.89 19235.38 19144.97 19054.66 18964.44 18874.32 18784.3 18694.38 18604.57 18514.86 18425.25 18335.76 18246.37 18157.09 18067.65
24196.07 24101.87 24007.71 23913.59 23819.53 23725.51 23631.55 23537.63 23443.76 23349.95 23256.18 23162.47 23068.81 22975.2 22881.65 22788.15 22694.71 22601.33 22508 22414.73 22321.51 22228.36 22135.27 22042.23 21949.26 21856.35 21763.5 21670.72 21578 21485.34 21392.76 21300.23 21207.78 21115.4 21023.08 20930.84 20838.67 20746.57 20654.54 20562.59 20470.71 20378.91 20287.19 20195.54 20103.98 20012.5 19921.09 19829.78 19738.54 19647.39 19556.33 19465.35 19374.47 19283.67 19192.97 19102.36 19011.84 18921.42 18831.09 18740.87 18650.74 18560.71 18470.79 18380.97 18291.25 18201.65 18112.15 18022.76
24162.78 24068.44 23974.15 23879.91 23785.71 23691.56 23597.46 23503.4 23409.4 23315.45 23221.54 23127.69 23033.89 22940.14 22846.44 22752.8 22659.21 22565.68 22472.21 22378.79 22285.42 22192.12 22098.87 22005.68 21912.55 21819.49 21726.48 21633.54 21540.66 21447.84 21355.09 21262.41 21169.79 21077.24 20984.76 20892.34 20800 20707.73 20615.53 20523.4 20431.35 20339.37 20247.47 20155.64 20063.9 19972.23 19880.64 19789.14 19697.71 19606.38 19515.12 19423.96 19332.87 19241.88 19150.98 19060.17 18969.45 18878.82 18788.29 18697.86 18607.53 18517.29 18427.15 18337.12 18247.19 18157.37 18067.65 17978.04
24129.86 24035.39 23940.97 23846.59 23752.26 23657.98 23563.74 23469.55 23375.41 23281.32 23187.28 23093.29 22999.35 22905.46 22811.62 22717.83 22624.1 22530.42 22436.8 22343.23 22249.72 22156.26 22062.87 21969.52 21876.24 21783.02 21689.86 21596.76 21503.72 21410.74 21317.83 21224.98 21132.2 21039.49 20946.84 20854.26 20761.74 20669.3 20576.93 20484.63 20392.4 20300.25 20208.17 20116.16 20024.23 19932.38 19840.62 19748.92 19657.31 19565.79 19474.34 19382.98 19291.71 19200.52 19109.42 19018.41 18927.49 18836.67 18745.93 18655.29 18564.75 18474.31 18383.96 18293.71 18203.57 18113.53 18023.6 17933.77
24097.3 24002.71 23908.16 23813.65 23719.19 23624.78 23530.41 23436.08 23341.81 23247.58 23153.4 23059.27 22965.19 22871.16 22777.18 22683.25 22589.38 22495.55 22401.79 22308.07 22214.41 22120.8 22027.26 21933.76 21840.33 21746.95 21653.64 21560.38 21467.18 21374.05 21280.98 21187.97 21095.02 21002.14 20909.33 20816.58 20723.9 20631.29 20538.74 20446.27 20353.87 20261.54 20169.28 20077.1 19984.99 19892.96 19801.01 19709.13 19617.34 19525.63 19433.99 19342.44 19250.97 19159.59 19068.3 18977.09 18885.97 18794.95 18704.01 18613.17 18522.42 18431.77 18341.21 18250.75 18160.4 18070.14 17979.99 17889.94
24065.12 23970.4 23875.72 23781.08 23686.49 23591.95 23497.45 23402.99 23308.58 23214.22 23119.9 23025.64 22931.42 22837.25 22743.13 22649.06 22555.04 22461.08 22367.16 22273.3 22179.49 22085.74 21992.04 21898.4 21804.82 21711.29 21617.82 21524.4 21431.05 21337.76 21244.53 21151.36 21058.25 20965.21 20872.23 20779.32 20686.47 20593.69 20500.98 20408.33 20315.76 20223.25 20130.82 20038.46 19946.18 19853.97 19761.83 19669.77 19577.79 19485.89 19394.07 19302.33 19210.67 19119.1 19027.61 18936.21 18844.89 18753.67 18662.53 18571.48 18480.53 18389.67 18298.91 18208.24 18117.67 18027.2 17936.83 17846.57
24033.31 23938.46 23843.66 23748.89 23654.18 23559.5 23464.87 23370.28 23275.74 23181.24 23086.79 22992.39 22898.04 22803.73 22709.47 22615.26 22521.1 22426.99 22332.94 22238.93 22144.98 22051.08 21957.23 21863.44 21769.7 21676.02 21582.4 21488.83 21395.33 21301.88 21208.49 21115.16 21021.89 20928.69 20835.55 20742.47 20649.46 20556.51 20463.63 20370.81 20278.07 20185.39 20092.79 20000.25 19907.79 19815.4 19723.08 19630.84 19538.68 19446.59 19354.59 19262.66 19170.81 19079.05 18987.36 18895.77 18804.25 18712.83 18621.49 18530.25 18439.09 18348.03 18257.05 18166.18 18075.4 17984.71 17894.13 17803.65
24001.88 23906.9 23811.97 23717.08 23622.23 23527.43 23432.67 23337.95 23243.28 23148.65 23054.07 22959.53 22865.04 22770.6 22676.2 22581.85 22487.55 22393.3 22299.1 22204.96 22110.86 22016.81 21922.82 21828.88 21734.99 21641.16 21547.39 21453.67 21360.01 21266.41 21172.86 21079.37 20985.95 20892.58 20799.28 20706.04 20612.86 20519.75 20426.7 20333.72 20240.8 20147.95 20055.17 19962.46 19869.83 19777.26 19684.77 19592.35 19500 19407.73 19315.54 19223.42 19131.39 19039.43 18947.56 18855.77 18764.06 18672.44 18580.9 18489.46 18398.1 18306.83 18215.65 18124.57 18033.58 17942.69 17851.89 17761.19
23970.82 23875.72 23780.66 23685.65 23590.68 23495.74 23400.86 23306.01 23211.21 23116.45 23021.73 22927.06 22832.43 22737.85 22643.32 22548.84 22454.4 22360.01 22265.67 22171.38 22077.14 21982.95 21888.81 21794.72 21700.69 21606.71 21512.79 21418.92 21325.1 21231.35 21137.64 21044 20950.42 20856.89 20763.43 20670.03 20576.69 20483.41 20390.19 20297.04 20203.96 20110.94 20017.99 19925.11 19832.3 19739.55 19646.88 19554.28 19461.76 19369.3 19276.93 19184.63 19092.41 19000.26 18908.2 18816.22 18724.32 18632.5 18540.77 18449.12 18357.56 18266.09 18174.71 18083.42 17992.22 17901.12 17810.11 17719.2
