InputData/dist_13.txt
ncols         100
nrows         161
xllcorner     532010.43400391
yllcorner     8192889.1159634
cellsize      100
NODATA_value  -9999
[rows 30 to 59 of 161, columns 0 to 65 of 100]
-9999 -9999 -9999 -9999 -9999 -9999 -9999 -9999 -9999 -9999 -9999 -9999 -9999 -9999 17705.37 17608.24 17511.14 17414.07 17317.04 17220.05 17123.08 17026.16 16929.26 16832.41 16735.59 16638.81 16542.07 16445.06 16347.78 16250.54 16153.33 16056.15 15959.01 15861.9 15764.83 15667.8 15570.81 15473.85 15376.93 15280.05 15183.21 15086.42 14989.66 14892.95 14796.28 14699.66 14603.08 14506.55 14410.07 14313.63 14217.24 14120.91 14024.62 13928.39 13832.21 13736.08 13640.01 13544 13448.05 13352.15 13256.32 13160.55 13064.84 12969.19 12873.62 12778.11
-9999 -9999 -9999 -9999 -9999 -9999 -9999 -9999 -9999 -9999 -9999 -9999 -9999 -9999 17681.91 17584.65 17487.42 17390.23 17293.06 17195.93 17098.83 17001.76 16904.73 16807.74 16710.78 16613.85 16516.96 16420.11 16323.3 16226.52 16129.79 16032.78 15935.5 15838.25 15741.03 15643.85 15546.7 15449.6 15352.52 15255.49 15158.5 15061.54 14964.63 14867.75 14770.92 14674.13 14577.38 14480.68 14384.02 14287.41 14190.84 14094.33 13997.86 13901.44 13805.07 13708.76 13612.49 13516.29 13420.13 13324.04 13228 13132.02 13036.1 12940.25 12844.45 12748.73
-9999 -9999 -9999 -9999 -9999 -9999 -9999 -9999 -9999 -9999 -9999 -9999 -9999 17756.41 17658.99 17561.61 17464.25 17366.92 17269.63 17172.36 17075.13 16977.93 16880.76 16783.62 16686.52 16589.46 16492.42 16395.43 16298.47 16201.54 16104.66 16007.81 15911 15814.23 15717.51 15620.5 15523.21 15425.95 15328.73 15231.55 15134.4 15037.29 14940.21 14843.18 14746.19 14649.23 14552.32 14455.45 14358.62 14261.84 14165.1 14068.4 13971.76 13875.16 13778.61 13682.11 13585.65 13489.25 13392.91 13296.62 13200.38 13104.2 13008.07 12912.01 12816.01 12720.06
-9999 -9999 -9999 -9999 -9999 -9999 -9999 -9999 -9999 -9999 -9999 -9999 -9999 17734.15 17636.61 17539.1 17441.62 17344.16 17246.74 17149.34 17051.98 16954.64 16857.34 16760.07 16662.83 16565.63 16468.46 16371.32 16274.21 16177.14 16080.11 15983.12 15886.16 15789.24 15692.35 15595.51 15498.71 15401.95 15305.23 15208.22 15110.92 15013.66 14916.43 14819.24 14722.09 14624.98 14527.9 14430.87 14333.88 14236.92 14140.01 14043.15 13946.33 13849.55 13752.82 13656.13 13559.5 13462.91 13366.38 13269.89 13173.46 13077.08 12980.75 12884.49 12788.28 12692.12
-9999 -9999 -9999 -9999 -9999 -9999 -9999 -9999 -9999 -9999 -9999 -9999 -9999 17712.43 17614.77 17517.13 17419.53 17321.95 17224.4 17126.88 17029.39 16931.92 16834.49 16737.08 16639.71 16542.37 16445.06 16347.78 16250.54 16153.33 16056.15 15959.01 15861.9 15764.83 15667.8 15570.81 15473.85 15376.93 15280.05 15183.21 15086.42 14989.66 14892.95 14795.95 14698.64 14601.37 14504.14 14406.94 14309.79 14212.67 14115.59 14018.56 13921.57 13824.62 13727.71 13630.85 13534.03 13437.26 13340.54 13243.87 13147.24 13050.67 12954.15 12857.68 12761.27 12664.91
-9999 -9999 -9999 -9999 -9999 -9999 -9999 -9999 -9999 -9999 -9999 -9999 -9999 17691.24 17593.46 17495.71 17397.99 17300.29 17202.62 17104.97 17007.35 16909.76 16812.2 16714.66 16617.16 16519.69 16422.24 16324.83 16227.45 16130.1 16032.78 15935.5 15838.25 15741.03 15643.85 15546.7 15449.6 15352.52 15255.49 15158.5 15061.54 14964.63 14867.75 14770.92 14674.13 14577.38 14480.68 14383.67 14286.36 14189.08 14091.84 13994.64 13897.48 13800.36 13703.28 13606.25 13509.26 13412.31 13315.4 13218.55 13121.74 13024.98 12928.26 12831.6 12734.99 12638.43
-9999 -9999 -9999 -9999 -9999 -9999 -9999 -9999 -9999 -9999 -9999 -9999 17768.51 17670.6 17572.71 17474.84 17377 17279.18 17181.38 17083.62 16985.88 16888.16 16790.47 16692.81 16595.18 16497.58 16400 16302.45 16204.94 16107.45 16010 15912.57 15815.18 15717.82 15620.5 15523.21 15425.95 15328.73 15231.55 15134.4 15037.29 14940.21 14843.18 14746.19 14649.23 14552.32 14455.45 14358.62 14261.84 14165.1 14068.4 13971.4 13874.08 13776.79 13679.55 13582.34 13485.18 13388.05 13290.97 13193.94 13096.95 13000 12903.1 12806.25 12709.45 12612.69
-9999 -9999 -9999 -9999 -9999 -9999 -9999 -9999 -9999 -9999 -9999 -9999 -9999 17650.5 17552.49 17454.51 17356.55 17258.62 17160.71 17062.82 16964.96 16867.13 16769.32 16671.53 16573.78 16476.04 16378.34 16280.66 16183.02 16085.4 15987.81 15890.25 15792.72 15695.22 15597.76 15500.32 15402.92 15305.55 15208.22 15110.92 15013.66 14916.43 14819.24 14722.09 14624.98 14527.9 14430.87 14333.88 14236.92 14140.01 14043.15 13946.33 13849.55 13752.82 13656.13 13559.13 13461.8 13364.5 13267.25 13170.04 13072.87 12975.75 12878.66 12781.63 12684.64 12587.69
-9999 -9999 -9999 -9999 -9999 -9999 -9999 -9999 -9999 -9999 -9999 -9999 -9999 17630.94 17532.83 17434.74 17336.67 17238.62 17140.6 17042.59 16944.62 16846.66 16748.73 16650.83 16552.95 16455.09 16357.26 16259.46 16161.68 16063.93 15966.21 15868.52 15770.86 15673.23 15575.62 15478.05 15380.51 15283 15185.52 15088.08 14990.66 14893.29 14795.95 14698.64 14601.37 14504.14 14406.94 14309.79 14212.67 14115.59 14018.56 13921.57 13824.62 13727.71 13630.85 13534.03 13437.26 13340.54 13243.87 13146.86 13049.52 12952.22 12854.96 12757.74 12660.57 12563.44
-9999 -9999 -9999 -9999 -9999 -9999 -9999 -9999 -9999 -9999 -9999 -9999 -9999 17611.93 17513.71 17415.51 17317.33 17219.18 17121.04 17022.93 16924.83 16826.76 16728.72 16630.7 16532.7 16434.72 16336.77 16238.84 16140.94 16043.07 15945.22 15847.4 15749.6 15651.84 15554.1 15456.39 15358.71 15261.06 15163.44 15065.86 14968.3 14870.78 14773.29 14675.83 14578.41 14481.02 14383.67 14286.36 14189.08 14091.84 13994.64 13897.48 13800.36 13703.28 13606.25 13509.26 13412.31 13315.4 13218.55 13121.74 13024.98 12928.26 12831.6 12734.6 12637.25 12539.94
-9999 -9999 -9999 -9999 -9999 -9999 -9999 -9999 -9999 -9999 -9999 -9999 -9999 17593.46 17495.14 17396.84 17298.55 17200.29 17102.05 17003.82 16905.62 16807.44 16709.28 16611.14 16513.03 16414.93 16316.86 16218.82 16120.79 16022.8 15924.82 15826.88 15728.95 15631.06 15533.19 15435.35 15337.54 15239.75 15141.99 15044.27 14946.57 14848.91 14751.27 14653.67 14556.1 14458.56 14361.06 14263.59 14166.16 14068.76 13971.4 13874.08 13776.79 13679.55 13582.34 13485.18 13388.05 13290.97 13193.94 13096.95 13000 12903.1 12806.25 12709.45 12612.69 12515.99
-9999 -9999 -9999 -9999 -9999 -9999 -9999 -9999 -9999 -9999 -9999 -9999 -9999 -9999 17477.13 17378.72 17280.34 17181.97 17083.62 16985.29 16886.98 16788.69 16690.42 16592.17 16493.94 16395.73 16297.55 16199.38 16101.24 16003.13 15905.03 15806.96 15708.92 15610.89 15512.9 15414.93 15316.98 15219.07 15121.18 15023.32 14925.48 14827.68 14729.9 14632.16 14534.44 14436.76 14339.11 14241.49 14143.9 14046.35 13948.83 13851.35 13753.91 13656.5 13559.13 13461.8 13364.5 13267.25 13170.04 13072.87 12975.75 12878.66 12781.63 12684.64 12587.69 12490.8
-9999 -9999 -9999 -9999 -9999 -9999 -9999 -9999 -9999 -9999 -9999 -9999 -9999 -9999 17459.67 17361.16 17262.68 17164.21 17065.76 16967.32 16868.91 16770.51 16672.13 16573.78 16475.44 16377.12 16278.82 16180.54 16082.29 15984.05 15885.84 15787.65 15689.49 15591.34 15493.22 15395.13 15297.06 15199.01 15100.99 15003 14905.03 14807.09 14709.18 14611.3 14513.44 14415.62 14317.82 14220.06 14122.32 14024.62 13926.95 13829.32 13731.71 13634.15 13536.62 13439.12 13341.66 13244.24 13146.86 13049.52 12952.22 12854.96 12757.74 12660.57 12563.44 12466.35
-9999 -9999 -9999 -9999 -9999 -9999 -9999 -9999 -9999 -9999 -9999 -9999 -9999 -9999 -9999 17344.16 17245.58 17147.01 17048.46 16949.93 16851.41 16752.91 16654.43 16555.96 16457.52 16359.1 16260.69 16162.3 16063.93 15965.59 15867.26 15768.96 15670.67 15572.41 15474.17 15375.96 15277.76 15179.59 15081.45 14983.32 14885.23 14787.16 14689.11 14591.09 14493.1 14395.14 14297.2 14199.3 14101.42 14003.57 13905.75 13807.97 13710.21 13612.49 13514.81 13417.15 13319.53 13221.95 13124.4 13026.9 12929.42 12831.99 12734.6 12637.25 12539.94 12442.67
-9999 -9999 -9999 -9999 -9999 -9999 -9999 -9999 -9999 -9999 -9999 -9999 -9999 -9999 -9999 17327.72 17229.04 17130.38 17031.73 16933.1 16834.49 16735.89 16637.31 16538.74 16440.2 16341.66 16243.15 16144.66 16046.18 15947.73 15849.29 15750.87 15652.48 15554.1 15455.74 15357.41 15259.1 15160.8 15062.54 14964.29 14866.07 14767.87 14669.7 14571.55 14473.42 14375.33 14277.25 14179.21 14081.19 13983.2 13885.24 13787.31 13689.41 13591.54 13493.7 13395.89 13298.12 13200.38 13102.67 13005 12907.36 12809.76 12712.2 12614.67 12517.19 12419.74
-9999 -9999 -9999 -9999 -9999 -9999 -9999 -9999 -9999 -9999 -9999 -9999 -9999 -9999 -9999 -9999 17213.08 17114.32 17015.58 16916.86 16818.14 16719.45 16620.77 16522.11 16423.46 16324.83 16226.21 16127.62 16029.04 15930.47 15831.93 15733.4 15634.9 15536.41 15437.94 15339.49 15241.06 15142.66 15044.27 14945.9 14847.56 14749.24 14650.94 14552.66 14454.41 14356.18 14257.98 14159.8 14061.65 13963.52 13865.42 13767.35 13669.31 13571.29 13473.31 13375.35 13277.42 13179.53 13081.67 12983.84 12886.04 12788.28 12690.55 12592.86 12495.2 12397.58
-9999 -9999 -9999 -9999 -9999 -9999 -9999 -9999 -9999 -9999 -9999 -9999 -9999 -9999 -9999 -9999 -9999 17098.83 17000 16901.18 16802.38 16703.59 16604.82 16506.06 16407.32 16308.59 16209.87 16111.18 16012.5 15913.83 15815.18 15716.55 15617.94 15519.34 15420.77 15322.21 15223.67 15125.14 15026.64 14928.16 14829.7 14731.26 14632.84 14534.44 14436.07 14337.71 14239.38 14141.08 14042.79 13944.53 13846.3 13748.09 13649.91 13551.75 13453.62 13355.52 13257.45 13159.41 13061.39 12963.41 12865.46 12767.54 12669.65 12571.79 12473.97 12376.19
-9999 -9999 -9999 -9999 -9999 -9999 -9999 -9999 -9999 -9999 -9999 -9999 -9999 -9999 -9999 -9999 -9999 -9999 16984.99 16886.09 16787.2 16688.32 16589.46 16490.6 16391.77 16292.94 16194.13 16095.34 15996.56 15897.8 15799.05 15700.32 15601.6 15502.9 15404.22 15305.55 15206.91 15108.28 15009.66 14911.07 14812.5 14713.94 14615.4 14516.89 14418.39 14319.92 14221.46 14123.03 14024.62 13926.23 13827.87 13729.53 13631.21 13532.92 13434.66 13336.42 13238.2 13140.02 13041.86 12943.72 12845.62 12747.55 12649.51 12551.49 12453.51 12355.57
-9999 -9999 -9999 -9999 -9999 -9999 -9999 -9999 -9999 -9999 -9999 -9999 -9999 -9999 -9999 -9999 -9999 -9999 -9999 16871.57 16772.6 16673.63 16574.68 16475.74 16376.81 16277.9 16179 16080.11 15981.24 15882.38 15783.54 15684.71 15585.89 15487.09 15388.31 15289.54 15190.79 15092.05 14993.33 14894.63 14795.95 14697.28 14598.63 14500 14401.39 14302.8 14204.22 14105.67 14007.14 13908.63 13810.14 13711.67 13613.23 13514.81 13416.41 13318.03 13219.68 13121.36 13023.06 12924.78 12826.54 12728.31 12630.12 12531.96 12433.83 12335.72
-9999 -9999 -9999 -9999 -9999 -9999 -9999 -9999 -9999 -9999 -9999 -9999 -9999 -9999 -9999 -9999 -9999 -9999 -9999 16857.64 16758.58 16659.53 16560.5 16461.47 16362.46 16263.46 16164.47 16065.49 15966.53 15867.58 15768.64 15669.72 15570.81 15471.91 15373.03 15274.16 15175.31 15076.47 14977.65 14878.84 14780.05 14681.28 14582.52 14483.78 14385.06 14286.36 14187.67 14089 13990.35 13891.72 13793.11 13694.52 13595.96 13497.41 13398.88 13300.38 13201.89 13103.43 13005 12906.59 12808.2 12709.84 12611.5 12513.19 12414.91 12316.66
-9999 -9999 -9999 -9999 -9999 -9999 -9999 -9999 -9999 -9999 -9999 -9999 -9999 -9999 -9999 -9999 -9999 -9999 16943.44 16844.29 16745.15 16646.02 16546.9 16447.8 16348.7 16249.62 16150.54 16051.48 15952.43 15853.39 15754.36 15655.35 15556.35 15457.36 15358.39 15259.42 15160.47 15061.54 14962.62 14863.71 14764.82 14665.95 14567.09 14468.24 14369.41 14270.6 14171.8 14073.02 13974.26 13875.52 13776.79 13678.08 13579.4 13480.73 13382.08 13283.45 13184.84 13086.25 12987.69 12889.14 12790.62 12692.12 12593.65 12495.2 12396.77 12298.37
-9999 -9999 -9999 -9999 -9999 -9999 -9999 -9999 -9999 -9999 -9999 -9999 -9999 -9999 -9999 -9999 -9999 -9999 16930.74 16831.52 16732.3 16633.1 16533.9 16434.72 16335.54 16236.38 16137.22 16038.08 15938.95 15839.82 15740.71 15641.61 15542.52 15443.45 15344.38 15245.33 15146.29 15047.26 14948.24 14849.24 14750.25 14651.28 14552.32 14453.37 14354.44 14255.53 14156.62 14057.74 13958.87 13860.01 13761.18 13662.36 13563.55 13464.77 13366 13267.25 13168.52 13069.81 12971.12 12872.45 12773.8 12675.17 12576.57 12477.98 12379.42 12280.88
-9999 -9999 -9999 -9999 -9999 -9999 -9999 -9999 -9999 -9999 -9999 -9999 -9999 -9999 -9999 -9999 -9999 -9999 16918.63 16819.33 16720.05 16620.77 16521.5 16422.24 16322.99 16223.75 16124.52 16025.29 15926.08 15826.88 15727.68 15628.5 15529.33 15430.17 15331.01 15231.87 15132.75 15033.63 14934.52 14835.43 14736.35 14637.28 14538.23 14439.18 14340.15 14241.14 14142.14 14043.15 13944.17 13845.22 13746.27 13647.34 13548.43 13449.54 13350.66 13251.79 13152.95 13054.12 12955.31 12856.52 12757.74 12658.99 12560.25 12461.54 12362.85 12264.18
-9999 -9999 -9999 -9999 -9999 -9999 -9999 -9999 -9999 -9999 -9999 -9999 -9999 -9999 -9999 -9999 -9999 -9999 16907.1 16807.74 16708.38 16609.03 16509.69 16410.36 16311.04 16211.72 16112.42 16013.12 15913.83 15814.55 15715.28 15616.02 15516.76 15417.52 15318.29 15219.07 15119.85 15020.65 14921.46 14822.28 14723.11 14623.95 14524.81 14425.67 14326.55 14227.44 14128.34 14029.25 13930.18 13831.12 13732.08 13633.05 13534.03 13435.03 13336.04 13237.07 13138.11 13039.17 12940.25 12841.34 12742.45 12643.58 12544.72 12445.88 12347.06 12248.27
-9999 -9999 -9999 -9999 -9999 -9999 -9999 -9999 -9999 -9999 -9999 -9999 -9999 -9999 -9999 -9999 -9999 16995.59 16896.15 16796.73 16697.3 16597.89 16498.48 16399.09 16299.69 16200.31 16100.93 16001.56 15902.2 15802.85 15703.5 15604.17 15504.84 15405.52 15306.21 15206.91 15107.61 15008.33 14909.06 14809.79 14710.54 14611.3 14512.06 14412.84 14313.63 14214.43 14115.24 14016.06 13916.9 13817.74 13718.6 13619.47 13520.36 13421.25 13322.16 13223.09 13124.02 13024.98 12925.94 12826.92 12727.92 12628.93 12529.96 12431.01 12332.07 12233.15
-9999 -9999 -9999 -9999 -9999 -9999 -9999 -9999 -9999 -9999 -9999 -9999 -9999 -9999 -9999 -9999 -9999 16985.29 16885.79 16786.3 16686.82 16587.34 16487.88 16388.41 16288.95 16189.5 16090.06 15990.62 15891.19 15791.77 15692.35 15592.95 15493.55 15394.15 15294.77 15195.39 15096.03 14996.67 14897.32 14797.97 14698.64 14599.32 14500 14400.69 14301.4 14202.11 14102.84 14003.57 13904.32 13805.07 13705.84 13606.62 13507.41 13408.21 13309.02 13209.84 13110.68 13011.53 12912.4 12813.27 12714.17 12615.07 12515.99 12416.92 12317.87 12218.84
-9999 -9999 -9999 -9999 -9999 -9999 -9999 -9999 -9999 -9999 -9999 -9999 -9999 -9999 -9999 -9999 -9999 16975.57 16876.02 16776.47 16676.93 16577.39 16477.86 16378.34 16278.82 16179.31 16079.8 15980.3 15880.81 15781.32 15681.84 15582.36 15482.89 15383.43 15283.98 15184.53 15085.09 14985.66 14886.24 14786.82 14687.41 14588.01 14488.62 14389.23 14289.86 14190.49 14091.13 13991.78 13892.44 13793.11 13693.79 13594.48 13495.18 13395.89 13296.62 13197.35 13098.09 12998.85 12899.61 12800.39 12701.18 12601.98 12502.8 12403.63 12304.47 12205.33
-9999 -9999 -9999 -9999 -9999 -9999 -9999 -9999 -9999 -9999 -9999 -9999 -9999 -9999 -9999 -9999 -9999 16966.44 16866.83 16767.23 16667.63 16568.04 16468.46 16368.87 16269.3 16169.72 16070.16 15970.6 15871.04 15771.49 15671.95 15572.41 15472.88 15373.35 15273.83 15174.32 15074.81 14975.31 14875.82 14776.33 14676.85 14577.38 14477.91 14378.46 14279.01 14179.56 14080.13 13980.7 13881.28 13781.87 13682.47 13583.08 13483.69 13384.32 13284.95 13185.6 13086.25 12986.92 12887.59 12788.28 12688.97 12589.68 12490.4 12391.13 12291.87 12192.62
-9999 -9999 -9999 -9999 -9999 -9999 -9999 -9999 -9999 -9999 -9999 -9999 -9999 -9999 -9999 -9999 17057.55 16957.89 16858.23 16758.58 16658.93 16559.29 16459.65 16360.01 16260.38 16160.75 16061.13 15961.52 15861.9 15762.3 15662.69 15563.1 15463.51 15363.92 15264.34 15164.76 15065.19 14965.63 14866.07 14766.52 14666.97 14567.43 14467.9 14368.37 14268.85 14169.33 14069.83 13970.33 13870.83 13771.35 13671.87 13572.4 13472.94 13373.48 13274.04 13174.6 13075.17 12975.75 12876.33 12776.93 12677.54 12578.16 12478.78 12379.42 12280.07 12180.72
-9999 -9999 -9999 -9999 -9999 -9999 -9999 -9999 -9999 -9999 -9999 -9999 -9999 -9999 -9999 -9999 17049.63 16949.93 16850.22 16750.52 16650.83 16551.13 16451.44 16351.76 16252.08 16152.4 16052.73 15953.06 15853.39 15753.73 15654.07 15554.42 15454.77 15355.13 15255.49 15155.86 15056.23 14956.6 14856.99 14757.37 14657.76 14558.16 14458.56 14358.97 14259.38 14159.8 14060.23 13960.66 13861.1 13761.54 13661.99 13562.45 13462.91 13363.38 13263.86 13164.35 13064.84 12965.34 12865.85 12766.36 12666.89 12567.42 12467.96 12368.51 12269.07 12169.63
