InputData/dist_8.txt
ncols         283
nrows         124
xllcorner     557637.52107574
yllcorner     8184194.4671621
cellsize      100
NODATA_value  -9999
[rows 64 to 95 of 124, columns 0 to 72 of 283]
-9999 -9999 5500 5600 5700 5800 5900 6000 6100 6200 6300 6400 6500 6600 6700 6800 6900 7000 7100 7200 7300 7400 7500 7600 7700 7800 7900 8000 8100 8200 8300 8400 8500 8600 8700 8800 8900 9000 9100 9200 9300 9400 9500 9600 9700 9800 9900 10000 10100 10200 10300 10400 10500 10600 10700 10800 10900 11000 11100 11200 11300 11400 11500 11600 11700 11800 11900 12000 12100 12200 12300 12400 12500
-9999 5400 5500 5600 5700 5800 5900 6000 6100 6200 6300 6400 6500 6600 6700 6800 6900 7000 7100 7200 7300 7400 7500 7600 7700 7800 7900 8000 8100 8200 8300 8400 8500 8600 8700 8800 8900 9000 9100 9200 9300 9400 9500 9600 9700 9800 9900 10000 10100 10200 10300 10400 10500 10600 10700 10800 10900 11000 11100 11200 11300 11400 11500 11600 11700 11800 11900 12000 12100 12200 12300 12400 12500
-9999 5400 5500 5600 5700 5800 5900 6000 6100 6200 6300 6400 6500 6600 6700 6800 6900 7000 7100 7200 7300 7400 7500 7600 7700 7800 7900 8000 8100 8200 8300 8400 8500 8600 8700 8800 8900 9000 9100 9200 9300 9400 9500 9600 9700 9800 9900 10000 10100 10200 10300 10400 10500 10600 10700 10800 10900 11000 11100 11200 11300 11400 11500 11600 11700 11800 11900 12000 12100 12200 12300 12400 12500
5300 5400 5500 5600 5700 5800 5900 6000 6100 6200 6300 6400 6500 6600 6700 6800 6900 7000 7100 7200 7300 7400 7500 7600 7700 7800 7900 8000 8100 8200 8300 8400 8500 8600 8700 8800 8900 9000 9100 9200 9300 9400 9500 9600 9700 9800 9900 10000 10100 10200 10300 10400 10500 10600 10700 10800 10900 11000 11100 11200 11300 11400 11500 11600 11700 11800 11900 12000 12100 12200 12300 12400 12500
5300 5400 5500 5600 5700 5800 5900 6000 6100 6200 6300 6400 6500 6600 6700 6800 6900 7000 7100 7200 7300 7400 7500 7600 7700 7800 7900 8000 8100 8200 8300 8400 8500 8600 8700 8800 8900 9000 9100 9200 9300 9400 9500 9600 9700 9800 9900 10000 10100 10200 10300 10400 10500 10600 10700 10800 10900 11000 11100 11200 11300 11400 11500 11600 11700 11800 11900 12000 12100 12200 12300 12400 12500
5300 5400 5500 5600 5700 5800 5900 6000 6100 6200 6300 6400 6500 6600 6700 6800 6900 7000 7100 7200 7300 7400 7500 7600 7700 7800 7900 8000 8100 8200 8300 8400 8500 8600 8700 8800 8900 9000 9100 9200 9300 9400 9500 9600 9700 9800 9900 10000 10100 10200 10300 10400 10500 10600 10700 10800 10900 11000 11100 11200 11300 11400 11500 11600 11700 11800 11900 12000 12100 12200 12300 12400 12500
5300 5400 5500 5600 5700 5800 5900 6000 6100 6200 6300 6400 6500 6600 6700 6800 6900 7000 7100 7200 7300 7400 7500 7600 7700 7800 7900 8000 8100 8200 8300 8400 8500 8600 8700 8800 8900 9000 9100 9200 9300 9400 9500 9600 9700 9800 9900 10000 10100 10200 10300 10400 10500 10600 10700 10800 10900 11000 11100 11200 11300 11400 11500 11600 11700 11800 11900 12000 12100 12200 12300 12400 12500
5300 5400 5500 5600 5700 5800 5900 6000 6100 6200 6300 6400 6500 6600 6700 6800 6900 7000 7100 7200 7300 7400 7500 7600 7700 7800 7900 8000 8100 8200 8300 8400 8500 8600 8700 8800 8900 9000 9100 9200 9300 9400 9500 9600 9700 9800 9900 10000 10100 10200 10300 10400 10500 10600 10700 10800 10900 11000 11100 11200 11300 11400 11500 11600 11700 11800 11900 12000 12100 12200 12300 12400 12500
5300 5400 5500 5600 5700 5800 5900 6000 6100 6200 6300 6400 6500 6600 6700 6800 6900 7000 7100 7200 7300 7400 7500 7600 7700 7800 7900 8000 8100 8200 8300 8400 8500 8600 8700 8800 8900 9000 9100 9200 9300 9400 9500 9600 9700 9800 9900 10000 10100 10200 10300 10400 10500 10600 10700 10800 10900 11000 11100 11200 11300 11400 11500 11600 11700 11800 11900 12000 12100 12200 12300 12400 12500
-9999 -9999 5500 5600 5700 5800 5900 6000 6100 6200 6300 6400 6500 6600 6700 6800 6900 7000 7100 7200 7300 7400 7500 7600 7700 7800 7900 8000 8100 8200 8300 8400 8500 8600 8700 8800 8900 9000 9100 9200 9300 9400 9500 9600 9700 9800 9900 10000 10100 10200 10300 10400 10500 10600 10700 10800 10900 11000 11100 11200 11300 11400 11500 11600 11700 11800 11900 12000 12100 12200 12300 12400 12500
-9999 -9999 -9999 -9999 5700 5800 5900 6000 6100 6200 6300 6400 6500 6600 6700 6800 6900 7000 7100 7200 7300 7400 7500 7600 7700 7800 7900 8000 8100 8200 8300 8400 8500 8600 8700 8800 8900 9000 9100 9200 9300 9400 9500 9600 9700 9800 9900 10000 10100 10200 10300 10400 10500 10600 10700 10800 10900 11000 11100 11200 11300 11400 11500 11600 11700 11800 11900 12000 12100 12200 12300 12400 12500
-9999 -9999 -9999 -9999 -9999 5800 5900 6000 6100 6200 6300 6400 6500 6600 6700 6800 6900 7000 7100 7200 7300 7400 7500 7600 7700 7800 7900 8000 8100 8200 8300 8400 8500 8600 8700 8800 8900 9000 9100 9200 9300 9400 9500 9600 9700 9800 9900 10000 10100 10200 10300 10400 10500 10600 10700 10800 10900 11000 11100 11200 11300 11400 11500 11600 11700 11800 11900 12000 12100 12200 12300 12400 12500
-9999 -9999 -9999 -9999 -9999 -9999 -9999 6000 6100 6200 6300 6400 6500 6600 6700 6800 6900 7000 7100 7200 7300 7400 7500 7600 7700 7800 7900 8000 8100 8200 8300 8400 8500 8600 8700 8800 8900 9000 9100 9200 9300 9400 9500 9600 9700 9800 9900 10000 10100 10200 10300 10400 10500 10600 10700 10800 10900 11000 11100 11200 11300 11400 11500 11600 11700 11800 11900 12000 12100 12200 12300 12400 12500
-9999 -9999 -9999 -9999 -9999 -9999 -9999 -9999 -9999 6200 6300 6400 6500 6600 6700 6800 6900 7000 7100 7200 7300 7400 7500 7600 7700 7800 7900 8000 8100 8200 8300 8400 8500 8600 8700 8800 8900 9000 9100 9200 9300 9400 9500 9600 9700 9800 9900 10000 10100 10200 10300 10400 10500 10600 10700 10800 10900 11000 11100 11200 11300 11400 11500 11600 11700 11800 11900 12000 12100 12200 12300 12400 12500
-9999 -9999 -9999 -9999 -9999 -9999 -9999 -9999 -9999 -9999 6300 6400 6500 6600 6700 6800 6900 7000 7100 7200 7300 7400 7500 7600 7700 7800 7900 8000 8100 8200 8300 8400 8500 8600 8700 8800 8900 9000 9100 9200 9300 9400 9500 9600 9700 9800 9900 10000 10100 10200 10300 10400 10500 10600 10700 10800 10900 11000 11100 11200 11300 11400 11500 11600 11700 11800 11900 12000 12100 12200 12300 12400 12500
-9999 -9999 -9999 -9999 -9999 -9999 -9999 -9999 -9999 -9999 -9999 -9999 6500 6600 6700 6800 6900 7000 7100 7200 7300 7400 7500 7600 7700 7800 7900 8000 8100 8200 8300 8400 8500 8600 8700 8800 8900 9000 9100 9200 9300 9400 9500 9600 9700 9800 9900 10000 10100 10200 10300 10400 10500 10600 10700 10800 10900 11000 11100 11200 11300 11400 11500 11600 11700 11800 11900 12000 12100 12200 12300 12400 12500
-9999 -9999 -9999 -9999 -9999 -9999 -9999 -9999 -9999 -9999 -9999 -9999 -9999 6600.757 6700.746 6800.735 6900.725 7000.714 7100.704 7200.694 7300.685 7400.676 7500.667 7600.658 7700.649 7800.641 7900.633 8000.625 8100.617 8200.609 8300.603 8400.596 8500.588 8600.581 8700.574 8800.568 8900.562 9000.556 9100.55 9200.544 9300.538 9400.532 9500.526 9600.521 9700.516 9800.51 9900.505 10000.5 10100.5 10200.49 10300.49 10400.48 10500.48 10600.47 10700.47 10800.46 10900.46 11000.45 11100.45 11200.45 11300.44 11400.44 11500.43 11600.43 11700.43 11800.42 11900.42 12000.42 12100.41 12200.41 12300.41 12400.4 12500.4
-9999 -9999 -9999 -9999 -9999 -9999 -9999 -9999 -9999 -9999 -9999 -9999 -9999 -9999 -9999 6802.94 6902.898 7002.856 7102.816 7202.777 7302.739 7402.702 7502.666 7602.631 7702.597 7802.563 7902.531 8002.5 8102.469 8202.438 8302.409 8402.381 8502.353 8602.325 8702.299 8802.272 8902.247 9002.222 9102.197 9202.174 9302.15 9402.127 9502.105 9602.083 9702.062 9802.041 9902.02 10002 10101.98 10201.96 10301.94 10401.92 10501.9 10601.89 10701.87 10801.85 10901.83 11001.82 11101.8 11201.79 11301.77 11401.75 11501.74 11601.72 11701.71 11801.69 11901.68 12001.67 12101.65 12201.64 12301.63 12401.61 12501.6
-9999 -9999 -9999 -9999 -9999 -9999 -9999 -9999 -9999 -9999 -9999 -9999 -9999 -9999 -9999 -9999 -9999 7006.426 7106.335 7206.247 7306.162 7406.079 7505.998 7605.919 7705.842 7805.767 7905.694 8005.623 8105.554 8205.486 8305.42 8405.355 8505.292 8605.231 8705.171 8805.112 8905.055 9004.999 9104.943 9204.89 9304.838 9404.786 9504.735 9604.687 9704.638 9804.591 9904.544 10004.5 10104.45 10204.41 10304.37 10404.33 10504.29 10604.24 10704.21 10804.17 10904.13 11004.09 11104.05 11204.02 11303.98 11403.95 11503.91 11603.88 11703.85 11803.81 11903.78 12003.75 12103.72 12203.69 12303.66 12403.63 12503.6
-9999 -9999 -9999 -9999 -9999 -9999 -9999 -9999 -9999 -9999 -9999 -9999 -9999 -9999 -9999 -9999 -9999 -9999 7111.259 7211.103 7310.951 7410.803 7510.659 7610.519 7710.383 7810.25 7910.12 8009.994 8109.871 8209.75 8309.633 8409.519 8509.406 8609.297 8709.19 8809.086 8908.984 9008.885 9108.787 9208.691 9308.599 9408.507 9508.417 9608.33 9708.244 9808.16 9908.077 10008 10107.92 10207.84 10307.76 10407.69 10507.62 10607.54 10707.47 10807.41 10907.34 11007.27 11107.21 11207.14 11307.08 11407.02 11506.95 11606.89 11706.84 11806.78 11906.72 12006.67 12106.61 12206.56 12306.5 12406.45 12506.4
-9999 -9999 -9999 -9999 -9999 -9999 -9999 -9999 -9999 -9999 -9999 -9999 -9999 -9999 -9999 -9999 -9999 -9999 -9999 -9999 7317.103 7416.873 7516.648 7616.43 7716.217 7816.009 7915.807 8015.61 8115.417 8215.229 8315.047 8414.868 8514.693 8614.522 8714.356 8814.193 8914.034 9013.878 9113.726 9213.577 9313.432 9413.288 9513.148 9613.012 9712.878 9812.747 9912.618 10012.49 10112.37 10212.25 10312.13 10412.01 10511.9 10611.79 10711.68 10811.57 10911.46 11011.36 11111.26 11211.16 11311.06 11410.96 11510.86 11610.77 11710.68 11810.59 11910.5 12010.41 12110.33 12210.24 12310.16 12410.08 12510
-9999 -9999 -9999 -9999 -9999 -9999 -9999 -9999 -9999 -9999 -9999 -9999 -9999 -9999 -9999 -9999 -9999 -9999 -9999 -9999 -9999 7424.285 7523.962 7623.647 7723.341 7823.043 7922.752 8022.468 8122.192 8221.922 8321.658 8421.401 8521.15 8620.905 8720.665 8820.431 8920.202 9019.978 9119.759 9219.545 9319.335 9419.13 9518.929 9618.731 9718.539 9818.351 9918.165 10017.98 10117.81 10217.63 10317.46 10417.29 10517.13 10616.97 10716.81 10816.65 10916.5 11016.35 11116.2 11216.06 11315.92 11415.78 11515.64 11615.51 11715.38 11815.24 11915.12 12014.99 12114.87 12214.75 12314.63 12414.51 12514.39
-9999 -9999 -9999 -9999 -9999 -9999 -9999 -9999 -9999 -9999 -9999 -9999 -9999 -9999 -9999 -9999 -9999 -9999 -9999 -9999 -9999 -9999 -9999 7632.169 7731.753 7831.347 7930.952 8030.566 8130.19 8229.824 8329.466 8429.116 8528.774 8628.441 8728.115 8827.797 8927.485 9027.182 9126.884 9226.592 9326.307 9426.027 9525.755 9625.487 9725.225 9824.968 9924.717 10024.47 10124.23 10223.99 10323.76 10423.53 10523.31 10623.09 10722.87 10822.66 10922.45 11022.25 11122.05 11221.85 11321.66 11421.47 11521.28 11621.1 11720.92 11820.74 11920.57 12020.4 12120.23 12220.07 12319.9 12419.74 12519.58
-9999 -9999 -9999 -9999 -9999 -9999 -9999 -9999 -9999 -9999 -9999 -9999 -9999 -9999 -9999 -9999 -9999 -9999 -9999 -9999 -9999 -9999 -9999 -9999 -9999 7840.918 7940.403 8039.9 8139.41 8238.932 8338.465 8438.009 8537.564 8637.129 8736.704 8836.289 8935.883 9035.485 9135.097 9234.717 9334.345 9433.981 9533.625 9633.275 9732.934 9832.599 9932.271 10031.95 10131.63 10231.32 10331.02 10430.72 10530.43 10630.15 10729.87 10829.59 10929.32 11029.05 11128.79 11228.54 11328.28 11428.04 11527.79 11627.55 11727.32 11827.09 11926.86 12026.64 12126.42 12226.2 12325.99 12425.78 12525.57
-9999 -9999 -9999 -9999 -9999 -9999 -9999 -9999 -9999 -9999 -9999 -9999 -9999 -9999 -9999 -9999 -9999 -9999 -9999 -9999 -9999 -9999 -9999 -9999 -9999 -9999 7951.101 8050.466 8149.847 8249.242 8348.652 8448.077 8547.515 8646.965 8746.428 8845.903 8945.39 9044.888 9144.397 9243.917 9343.447 9442.986 9542.536 9642.095 9741.663 9841.24 9940.825 10040.42 10140.02 10239.63 10339.25 10438.87 10538.5 10638.14 10737.78 10837.44 10937.09 11036.76 11136.43 11236.1 11335.78 11435.47 11535.16 11634.86 11734.56 11834.27 11933.99 12033.7 12133.42 12233.15 12332.88 12432.62 12532.36
-9999 -9999 -9999 -9999 -9999 -9999 -9999 -9999 -9999 -9999 -9999 -9999 -9999 -9999 -9999 -9999 -9999 -9999 -9999 -9999 -9999 -9999 -9999 -9999 -9999 -9999 -9999 -9999 8161.495 8260.751 8360.023 8459.314 8558.621 8657.944 8757.282 8856.636 8956.004 9055.385 9154.78 9254.188 9353.609 9453.042 9552.486 9651.942 9751.41 9850.889 9950.377 10049.88 10149.38 10248.9 10348.43 10447.97 10547.51 10647.07 10746.63 10846.2 10945.78 11045.36 11144.95 11244.55 11344.16 11443.78 11543.4 11643.02 11742.66 11842.3 11941.94 12041.59 12141.25 12240.92 12340.58 12440.26 12539.94
-9999 -9999 -9999 -9999 -9999 -9999 -9999 -9999 -9999 -9999 -9999 -9999 -9999 -9999 -9999 -9999 -9999 -9999 -9999 -9999 -9999 -9999 -9999 -9999 -9999 -9999 -9999 -9999 -9999 8273.451 8372.574 8471.718 8570.881 8670.063 8769.265 8868.483 8967.72 9066.973 9166.242 9265.527 9364.828 9464.143 9563.473 9662.815 9762.172 9861.541 9960.924 10060.32 10159.72 10259.14 10358.57 10458.01 10557.46 10656.92 10756.39 10855.87 10955.36 11054.86 11154.37 11253.89 11353.41 11452.95 11552.49 11652.04 11751.6 11851.16 11950.73 12050.31 12149.9 12249.49 12349.09 12448.69 12548.31
-9999 -9999 -9999 -9999 -9999 -9999 -9999 -9999 -9999 -9999 -9999 -9999 -9999 -9999 -9999 -9999 -9999 -9999 -9999 -9999 -9999 -9999 -9999 -9999 -9999 -9999 -9999 -9999 -9999 -9999 -9999 8485.281 8584.288 8683.317 8782.369 8881.441 8980.534 9079.647 9178.78 9277.931 9377.1 9476.286 9575.489 9674.709 9773.945 9873.196 9972.462 10071.74 10171.04 10270.35 10369.67 10469 10568.35 10667.71 10767.08 10866.46 10965.86 11065.26 11164.68 11264.1 11363.54 11462.98 11562.44 11661.9 11761.38 11860.86 11960.35 12059.85 12159.36 12258.87 12358.4 12457.93 12557.47
-9999 -9999 -9999 -9999 -9999 -9999 -9999 -9999 -9999 -9999 -9999 -9999 -9999 -9999 -9999 -9999 -9999 -9999 -9999 -9999 -9999 -9999 -9999 -9999 -9999 -9999 -9999 -9999 -9999 -9999 -9999 -9999 -9999 8697.701 8796.59 8895.505 8994.442 9093.404 9192.388 9291.394 9390.421 9489.468 9588.535 9687.621 9786.726 -9999 -9999 -9999 -9999 -9999 -9999 -9999 -9999 -9999 -9999 -9999 -9999 -9999 -9999 -9999 -9999 -9999 -9999 -9999 -9999 11871.39 11970.8 12070.21 12169.63 12269.07 12368.51 12467.96 12567.42
-9999 -9999 -9999 -9999 -9999 -9999 -9999 -9999 -9999 -9999 -9999 -9999 -9999 -9999 -9999 -9999 -9999 -9999 -9999 -9999 -9999 -9999 -9999 -9999 -9999 -9999 -9999 -9999 -9999 -9999 -9999 -9999 -9999 -9999 -9999 -9999 -9999 -9999 -9999 -9999 -9999 -9999 -9999 -9999 -9999 -9999 -9999 -9999 -9999 -9999 -9999 -9999 -9999 -9999 -9999 -9999 -9999 -9999 -9999 -9999 -9999 -9999 -9999 -9999 -9999 -9999 -9999 12081.39 12180.72 12280.07 12379.42 12478.78 12578.16
-9999 -9999 -9999 -9999 -9999 -9999 -9999 -9999 -9999 -9999 -9999 -9999 -9999 -9999 -9999 -9999 -9999 -9999 -9999 -9999 -9999 -9999 -9999 -9999 -9999 -9999 -9999 -9999 -9999 -9999 -9999 -9999 -9999 -9999 -9999 -9999 -9999 -9999 -9999 -9999 -9999 -9999 -9999 -9999 -9999 -9999 -9999 -9999 -9999 -9999 -9999 -9999 -9999 -9999 -9999 -9999 -9999 -9999 -9999 -9999 -9999 -9999 -9999 -9999 -9999 -9999 -9999 -9999 -9999 12291.87 12391.13 12490.4 12589.68
-9999 -9999 -9999 -9999 -9999 -9999 -9999 -9999 -9999 -9999 -9999 -9999 -9999 -9999 -9999 -9999 -9999 -9999 -9999 -9999 -9999 -9999 -9999 -9999 -9999 -9999 -9999 -9999 -9999 -9999 -9999 -9999 -9999 -9999 -9999 -9999 -9999 -9999 -9999 -9999 -9999 -9999 -9999 -9999 -9999 -9999 -9999 -9999 -9999 -9999 -9999 -9999 -9999 -9999 -9999 -9999 -9999 -9999 -9999 -9999 -9999 -9999 -9999 -9999 -9999 -9999 -9999 -9999 -9999 -9999 -9999 -9999 12601.98
