InputData/dist_5.txt
ncols         254
nrows         186
xllcorner     505538.86957319
yllcorner     8210083.0518381
cellsize      100
NODATA_value  -9999
[rows 90 to 119 of 186, columns 67 to 133 of 254]
42290.66 42199.64 42108.67 42017.73 41926.84 41835.99 41745.18 41654.41 41563.69 41473 41382.36 41291.77 41201.21 41110.7 41020.24 40929.82 40839.44 40749.11 40658.82 40568.58 40478.39 40388.24 40298.14 40208.08 40118.07 40028.11 39938.2 39848.34 39758.52 39668.75 39579.04 39489.37 39399.75 39310.18 39220.66 39131.19 39041.77 38952.41 38862.96 38773.45 38683.98 38594.56 38505.2 38415.75 38326.23 38236.76 38147.35 38057.98 37968.67 37879.41 37790.21 37701.06 37611.96 37522.93 37433.94 37345.01 37256.14 37167.32 37078.57 36989.86 36901.22 36812.63 36724.11 36635.64 36547.23 36458.88 36370.59
42249.38 42158.27 42067.21 41976.18 41885.2 41794.26 41703.36 41612.5 41521.68 41430.91 41340.18 41249.48 41158.84 41068.23 40977.68 40887.16 40796.69 40706.27 40615.88 40525.55 40435.26 40345.01 40254.81 40164.66 40074.55 39984.5 39894.48 39804.52 39714.61 39624.74 39534.92 39445.15 39355.43 39265.76 39176.14 39086.57 38997.05 38907.58 38818.16 38728.8 38639.36 38549.84 38460.37 38370.95 38281.59 38192.14 38102.63 38013.16 37923.74 37834.38 37745.07 37655.81 37566.61 37477.46 37388.37 37299.33 37210.35 37121.42 37032.55 36943.74 36854.98 36766.29 36677.65 36589.07 36500.55 36412.09 36323.68
42208.29 42117.1 42025.95 41934.83 41843.76 41752.72 41661.73 41570.78 41479.88 41389.01 41298.18 41207.4 41116.66 41025.97 40935.32 40844.71 40754.14 40663.62 40573.14 40482.71 40392.32 40301.98 40211.69 40121.44 40031.24 39941.08 39850.97 39760.91 39670.89 39580.93 39491.01 39401.14 39311.32 39221.55 39131.83 39042.16 38952.54 38862.96 38773.45 38683.98 38594.56 38505.2 38415.75 38326.23 38236.76 38147.35 38057.98 37968.54 37879.02 37789.55 37700.13 37610.77 37521.46 37432.21 37343 37253.86 37164.77 37075.73 36986.75 36897.83 36808.96 36720.16 36631.41 36542.71 36454.08 36365.5 36276.99
42167.41 42076.12 41984.88 41893.68 41802.51 41711.39 41620.31 41529.27 41438.27 41347.31 41256.39 41165.52 41074.69 40983.9 40893.15 40802.45 40711.79 40621.18 40530.61 40440.08 40349.6 40259.16 40168.77 40078.42 39988.13 39897.87 39807.66 39717.5 39627.39 39537.32 39447.3 39357.34 39267.42 39177.54 39087.72 38997.95 38908.23 38818.55 38728.93 38639.36 38549.84 38460.37 38370.95 38281.59 38192.14 38102.63 38013.16 37923.74 37834.38 37744.93 37655.41 37565.94 37476.53 37387.16 37297.86 37208.6 37119.4 37030.26 36941.17 36852.14 36763.16 36674.24 36585.38 36496.57 36407.83 36319.14 36230.51
42126.71 42035.34 41944.01 41852.72 41761.46 41670.25 41579.08 41487.95 41396.86 41305.81 41214.8 41123.84 41032.91 40942.03 40851.2 40760.4 40669.64 40578.93 40488.27 40397.65 40307.07 40216.54 40126.05 40035.61 39945.21 39854.86 39764.56 39674.3 39584.09 39493.92 39403.81 39313.74 39223.72 39133.75 39043.82 38953.95 38864.12 38774.35 38684.62 38594.95 38505.32 38415.75 38326.23 38236.76 38147.35 38057.98 37968.54 37879.02 37789.55 37700.13 37610.77 37521.33 37431.8 37342.34 37252.92 37163.56 37074.25 36985 36895.8 36806.66 36717.57 36628.54 36539.57 36450.65 36361.79 36272.99 36184.25
42086.22 41994.76 41903.34 41811.96 41720.62 41629.32 41538.05 41446.83 41355.65 41264.51 41173.41 41082.36 40991.34 40900.37 40809.43 40718.55 40627.7 40536.9 40446.14 40355.42 40264.75 40174.12 40083.54 39993 39902.51 39812.06 39721.66 39631.3 39540.99 39450.73 39360.51 39270.34 39180.22 39090.15 39000.13 38910.15 38820.23 38730.35 38640.52 38550.75 38461.02 38371.34 38281.72 38192.14 38102.63 38013.16 37923.74 37834.38 37744.93 37655.41 37565.94 37476.53 37387.16 37297.72 37208.2 37118.73 37029.31 36939.95 36850.64 36761.39 36672.2 36583.05 36493.97 36404.95 36315.97 36227.06 36138.21
42045.93 41954.38 41862.87 41771.4 41679.97 41588.58 41497.23 41405.92 41314.64 41223.41 41132.23 41041.08 40949.97 40858.9 40767.88 40676.9 40585.96 40495.06 40404.21 40313.4 40222.63 40131.91 40041.23 39950.59 39860 39769.46 39678.96 39588.51 39498.1 39407.74 39317.43 39227.16 39136.94 39046.77 38956.64 38866.57 38776.54 38686.56 38596.63 38506.75 38416.92 38327.14 38237.42 38147.74 38058.11 37968.54 37879.02 37789.55 37700.13 37610.77 37521.33 37431.8 37342.34 37252.92 37163.56 37074.11 36984.59 36895.12 36805.71 36716.34 36627.04 36537.79 36448.59 36359.46 36270.38 36181.35 36092.38
42005.83 41914.2 41822.6 41731.04 41639.52 41548.04 41456.61 41365.2 41273.84 41182.52 41091.24 41000 40908.8 40817.64 40726.53 40635.45 40544.42 40453.43 40362.48 40271.58 40180.71 40089.9 39999.13 39908.39 39817.71 39727.07 39636.47 39545.92 39455.42 39364.96 39274.55 39184.18 39093.86 39003.59 38913.37 38823.19 38733.06 38642.98 38552.95 38462.97 38373.04 38283.16 38193.32 38103.54 38013.81 37924.14 37834.51 37744.93 37655.41 37565.94 37476.53 37387.16 37297.72 37208.2 37118.73 37029.31 36939.95 36850.51 36760.98 36671.52 36582.1 36492.74 36403.43 36314.18 36224.99 36135.86 36046.77
41965.94 41874.21 41782.53 41690.89 41599.28 41507.71 41416.18 41324.69 41233.24 41141.83 41050.46 40959.13 40867.84 40776.59 40685.38 40594.21 40503.09 40412 40320.96 40229.96 40139.01 40048.1 39957.23 39866.4 39775.62 39684.88 39594.19 39503.54 39412.94 39322.39 39231.88 39141.41 39050.99 38960.62 38870.3 38780.02 38689.79 38599.61 38509.48 38419.39 38329.36 38239.38 38149.44 38059.56 37969.73 37879.94 37790.21 37700.53 37610.9 37521.33 37431.8 37342.34 37252.92 37163.56 37074.11 36984.59 36895.12 36805.71 36716.34 36626.9 36537.38 36447.91 36358.49 36269.13 36179.83 36090.58 36001.39
41926.25 41834.44 41742.66 41650.93 41559.23 41467.58 41375.96 41284.38 41192.84 41101.34 41009.88 40918.46 40827.07 40735.73 40644.43 40553.18 40461.96 40370.78 40279.65 40188.55 40097.51 40006.5 39915.54 39824.62 39733.74 39642.91 39552.12 39461.38 39370.68 39280.02 39189.41 39098.85 39008.33 38917.86 38827.44 38737.06 38646.73 38556.45 38466.22 38376.04 38285.9 38195.81 38105.77 38015.79 37925.85 37835.96 37746.13 37656.34 37566.61 37476.93 37387.3 37297.72 37208.2 37118.73 37029.31 36939.95 36850.51 36760.98 36671.52 36582.1 36492.74 36403.3 36313.77 36224.3 36134.89 36045.53 35956.22
41886.75 41794.86 41703 41611.18 41519.39 41427.65 41335.94 41244.27 41152.64 41061.05 40969.5 40877.99 40786.52 40695.09 40603.7 40512.34 40421.04 40329.77 40238.54 40147.36 40056.21 39965.11 39874.05 39783.04 39692.07 39601.14 39510.25 39419.41 39328.62 39237.86 39147.16 39056.5 38965.88 38875.31 38784.79 38694.32 38603.89 38513.5 38423.17 38332.88 38242.64 38152.46 38062.32 37972.23 37882.19 37792.2 37702.25 37612.36 37522.53 37432.74 37343 37253.32 37163.69 37074.11 36984.59 36895.12 36805.71 36716.34 36626.9 36537.38 36447.91 36358.49 36269.13 36179.69 36090.16 36000.7 35911.28
41847.46 41755.48 41663.54 41571.63 41479.75 41387.92 41296.13 41204.37 41112.65 41020.97 40929.33 40837.73 40746.16 40654.64 40563.16 40471.72 40380.32 40288.96 40197.64 40106.36 40015.12 39923.93 39832.78 39741.66 39650.6 39559.57 39468.59 39377.66 39286.77 39195.92 39105.11 39014.36 38923.64 38832.98 38742.36 38651.78 38561.25 38470.77 38380.33 38289.95 38199.61 38109.32 38019.07 37928.88 37838.74 37748.64 37658.6 37568.61 37478.66 37388.77 37298.93 37209.14 37119.4 37029.72 36940.09 36850.51 36760.98 36671.52 36582.1 36492.74 36403.3 36313.77 36224.3 36134.89 36045.53 35956.09 35866.56
41808.37 41716.3 41624.27 41532.28 41440.32 41348.4 41256.52 41164.67 41072.86 40981.09 40889.36 40797.67 40706.02 40614.41 40522.83 40431.3 40339.81 40248.36 40156.94 40065.57 39974.24 39882.95 39791.71 39700.5 39609.34 39518.22 39427.15 39336.12 39245.13 39154.18 39063.28 38972.43 38881.61 38790.85 38700.13 38609.45 38518.83 38428.25 38337.71 38247.22 38156.78 38066.39 37976.05 37885.75 37795.5 37705.3 37615.16 37525.06 37435.01 37345.01 37255.07 37165.17 37075.33 36985.54 36895.8 36806.11 36716.48 36626.9 36537.38 36447.91 36358.49 36269.13 36179.69 36090.16 36000.7 35911.28 35821.92
41769.49 41677.33 41585.21 41493.13 41401.09 41309.08 41217.11 41125.18 41033.28 40941.42 40849.6 40757.82 40666.08 40574.38 40482.71 40391.09 40299.5 40207.96 40116.46 40024.99 39933.57 39842.19 39750.85 39659.55 39568.3 39477.08 39385.91 39294.79 39203.7 39112.66 39021.66 38930.71 38839.8 38748.93 38658.12 38567.34 38476.62 38385.93 38295.3 38204.71 38114.17 38023.68 37933.23 37842.83 37752.48 37662.18 37571.93 37481.73 37391.58 37301.47 37211.42 37121.42 37031.47 36941.57 36851.73 36761.94 36672.2 36582.51 36492.88 36403.3 36313.77 36224.3 36134.89 36045.53 35956.09 35866.56 35777.09
41730.8 41638.56 41546.36 41454.19 41362.06 41269.96 41177.91 41085.89 40993.9 40901.96 40810.05 40718.18 40626.35 40534.55 40442.8 40351.09 40259.41 40167.77 40076.18 39984.62 39893.11 39801.63 39710.2 39618.81 39527.46 39436.15 39344.89 39253.66 39162.48 39071.34 38980.25 38889.2 38798.2 38707.23 38616.32 38525.45 38434.62 38343.84 38253.11 38162.42 38071.77 37981.18 37890.63 37800.13 37709.68 37619.28 37528.92 37438.62 37348.36 37258.15 37168 37077.89 36987.84 36897.83 36807.88 36717.98 36628.13 36538.34 36448.59 36358.91 36269.27 36179.69 36090.16 36000.7 35911.28 35821.92 35732.48
41692.32 41600 41507.71 41415.46 41323.24 41231.05 41138.91 41046.8 40954.73 40862.7 40770.7 40678.74 40586.82 40494.94 40403.09 40311.29 40219.52 40127.8 40036.11 39944.46 39852.86 39761.29 39669.76 39578.28 39486.83 39395.43 39304.07 39212.75 39121.48 39030.25 38939.05 38847.91 38756.8 38665.75 38574.73 38483.76 38392.84 38301.96 38211.13 38120.34 38029.59 37938.9 37848.25 37757.65 37667.09 37576.59 37486.13 37395.72 37305.36 37215.05 37124.79 37034.58 36944.42 36854.31 36764.25 36674.24 36584.29 36494.38 36404.53 36314.73 36224.99 36135.3 36045.66 35956.09 35866.56 35777.09 35687.67
41654.05 41561.64 41469.27 41376.93 41284.62 41192.36 41100.12 41007.93 40915.77 40823.64 40731.56 40639.51 40547.5 40455.53 40363.6 40271.7 40179.84 40088.03 39996.25 39904.51 39812.81 39721.15 39629.54 39537.96 39446.42 39354.92 39263.47 39172.05 39080.69 38989.36 38898.07 38806.83 38715.63 38624.47 38533.36 38442.29 38351.27 38260.29 38169.36 38078.47 37987.63 37896.83 37806.09 37715.38 37624.73 37534.12 37443.56 37353.05 37262.58 37172.17 37081.8 36991.48 36901.22 36811 36720.84 36630.73 36540.66 36450.65 36360.69 36270.79 36180.93 36091.13 36001.39 35911.7 35822.06 35732.48 35642.95
41615.98 41523.49 41431.03 41338.6 41246.21 41153.86 41061.54 40969.26 40877.01 40784.8 40692.63 40600.49 40508.39 40416.33 40324.31 40232.32 40140.38 40048.47 39956.6 39864.77 39772.98 39681.23 39589.52 39497.85 39406.22 39314.63 39223.08 39131.57 39040.11 38948.68 38857.3 38765.96 38674.67 38583.42 38492.21 38401.04 38309.92 38218.84 38127.81 38036.82 37945.88 37854.99 37764.14 37673.33 37582.57 37491.87 37401.2 37310.59 37220.02 37129.5 37039.04 36948.61 36858.24 36767.92 36677.65 36587.43 36497.26 36407.14 36317.07 36227.06 36137.1 36047.19 35957.34 35867.54 35777.79 35688.09 35598.45
41578.12 41485.54 41393 41300.48 41208.01 41115.57 41023.16 40930.8 40838.46 40746.16 40653.91 40561.68 40469.5 40377.34 40285.23 40193.16 40101.12 40009.13 39917.16 39825.24 39733.36 39641.52 39549.71 39457.95 39366.23 39274.55 39182.91 39091.3 38999.74 38908.23 38816.75 38725.32 38633.92 38542.57 38451.27 38360 38268.79 38177.61 38086.48 37995.39 37904.35 37813.36 37722.41 37631.5 37540.64 37449.83 37359.07 37268.35 37177.68 37087.06 36996.48 36905.96 36815.48 36725.06 36634.68 36544.36 36454.08 36363.86 36273.68 36183.56 36093.49 36003.47 35913.51 35823.59 35733.74 35643.93 35554.18
41540.46 41447.8 41355.17 41262.57 41170.01 41077.49 40985 40892.54 40800.12 40707.74 40615.39 40523.08 40430.8 40338.57 40246.37 40154.2 40062.08 39969.99 39877.94 39785.93 39693.95 39602.02 39510.13 39418.27 39326.45 39234.68 39142.94 39051.25 38959.59 38867.98 38776.41 38684.88 38593.39 38501.95 38410.55 38319.19 38227.87 38136.6 38045.37 37954.18 37863.04 37771.95 37680.9 37589.89 37498.93 37408.02 37317.15 37226.34 37135.56 37044.84 36954.16 36863.53 36772.95 36682.42 36591.94 36501.51 36411.13 36320.79 36230.51 36140.28 36050.11 35959.98 35869.9 35779.88 35689.91 35600 35510.14
41503.01 41410.27 41317.55 41224.87 41132.23 41039.61 40947.04 40854.5 40761.99 40669.52 40577.09 40484.69 40392.32 40300 40207.71 40115.46 40023.24 39931.07 39838.93 39746.82 39654.76 39562.73 39470.75 39378.8 39286.89 39195.02 39103.2 39011.41 38919.66 38827.95 38736.29 38644.66 38553.08 38461.54 38370.04 38278.59 38187.17 38095.8 38004.47 37913.19 37821.95 37730.76 37639.61 37548.5 37457.44 37366.43 37275.46 37184.54 37093.66 37002.84 36912.06 36821.32 36730.64 36640 36549.42 36458.88 36368.39 36277.95 36187.57 36097.23 36006.95 35916.71 35826.53 35736.39 35646.32 35556.29 35466.32
41465.77 41372.94 41280.14 41187.38 41094.65 41001.95 40909.29 40816.66 40724.07 40631.52 40538.99 40446.51 40354.06 40261.64 40169.27 40076.93 39984.62 39892.36 39800.13 39707.93 39615.78 39523.66 39431.59 39339.55 39247.55 39155.59 39063.66 38971.79 38879.95 38788.14 38696.38 38604.66 38512.98 38421.35 38329.75 38238.2 38146.69 38055.22 37963.8 37872.42 37781.08 37689.79 37598.54 37507.33 37416.17 37325.06 37233.99 37142.97 37051.99 36961.06 36870.18 36779.34 36688.55 36597.81 36507.12 36416.48 36325.89 36235.34 36144.85 36054.4 35964.01 35873.67 35783.38 35693.14 35602.95 35512.82 35422.73
41428.73 41335.82 41242.94 41150.09 41057.28 40964.5 40871.75 40779.04 40686.36 40593.72 40501.11 40408.54 40316 40223.5 40131.04 40038.61 39946.21 39853.86 39761.54 39669.26 39577.01 39484.81 39392.64 39300.51 39208.42 39116.36 39024.35 38932.38 38840.44 38748.55 38656.7 38564.88 38473.11 38381.38 38289.68 38198.04 38106.43 38014.87 37923.34 37831.86 37740.43 37649.04 37557.69 37466.39 37375.13 37283.91 37192.74 37101.62 37010.54 36919.51 36828.52 36737.58 36646.69 36555.85 36465.05 36374.3 36283.61 36192.96 36102.36 36011.8 35921.3 35830.85 35740.45 35650.11 35559.81 35469.56 35379.37
41391.91 41298.91 41205.95 41113.02 41020.12 40927.25 40834.42 40741.63 40648.86 40556.13 40463.44 40370.78 40278.16 40185.57 40093.02 40000.5 39908.02 39815.57 39723.17 39630.8 39538.46 39446.16 39353.91 39261.69 39169.5 39077.36 38985.25 38893.19 38801.16 38709.17 38617.22 38525.32 38433.45 38341.62 38249.84 38158.09 38066.39 37974.73 37883.11 37791.54 37700 37608.51 37517.06 37425.66 37334.3 37242.98 37151.71 37060.49 36969.31 36878.18 36787.09 36696.05 36605.05 36514.11 36423.21 36332.36 36241.55 36150.8 36060.09 35969.43 35878.82 35788.27 35697.76 35607.3 35516.9 35426.54 35336.24
41355.29 41262.21 41169.16 41076.15 40983.17 40890.22 40797.3 40704.42 40611.57 40518.76 40425.98 40333.24 40240.53 40147.85 40055.21 39962.61 39870.04 39777.51 39685.01 39592.55 39500.13 39407.74 39315.39 39223.08 39130.8 39038.57 38946.38 38854.21 38762.09 38670.02 38577.97 38485.97 38394.01 38302.09 38210.21 38118.37 38026.57 37934.81 37843.1 37751.42 37659.79 37568.2 37476.66 37385.16 37293.7 37202.29 37110.91 37019.59 36928.31 36837.07 36745.88 36654.74 36563.64 36472.59 36381.59 36290.63 36199.72 36108.86 36018.05 35927.29 35836.57 35745.91 35655.29 35564.73 35474.21 35383.75 35293.34
41318.88 41225.72 41132.59 41039.49 40946.43 40853.39 40760.4 40667.43 40574.5 40481.6 40388.73 40295.91 40203.11 40110.35 40017.62 39924.93 39832.27 39739.65 39647.07 39554.52 39462.01 39369.53 39277.09 39184.69 39092.33 39000 38907.71 38815.46 38723.25 38631.07 38538.94 38446.85 38354.79 38262.78 38170.8 38078.87 37986.97 37895.12 37803.31 37711.54 37619.81 37528.12 37436.48 37344.88 37253.32 37161.81 37070.34 36978.91 36887.53 36796.2 36704.91 36613.66 36522.46 36431.3 36340.2 36249.14 36158.13 36067.16 35976.24 35885.38 35794.55 35703.78 35613.06 35522.39 35431.77 35341.2 35250.67
41282.68 41189.44 41096.23 41003.05 40909.9 40816.79 40723.7 40630.65 40537.64 40444.65 40351.7 40258.79 40165.91 40073.06 39980.25 39887.46 39794.72 39702.02 39609.34 39516.71 39424.11 39331.54 39239.01 39146.52 39054.07 38961.65 38869.27 38776.93 38684.62 38592.36 38500.13 38407.94 38315.79 38223.68 38131.61 38039.59 37947.59 37855.65 37763.74 37671.87 37580.05 37488.27 37396.52 37304.82 37213.17 37121.56 37029.99 36938.46 36846.98 36755.54 36664.15 36572.8 36481.5 36390.25 36299.04 36207.87 36116.75 36025.68 35934.66 35843.69 35752.76 35661.88 35571.05 35480.28 35389.55 35298.87 35208.24
41246.7 41153.37 41060.08 40966.82 40873.59 40780.39 40687.22 40594.09 40500.99 40407.92 40314.89 40221.88 40128.92 40035.98 39943.09 39850.22 39757.39 39664.59 39571.83 39479.11 39386.42 39293.77 39201.15 39108.57 39016.02 38923.52 38831.04 38738.61 38646.21 38553.86 38461.54 38369.26 38277.02 38184.81 38092.65 38000.53 37908.44 37816.4 37724.39 37632.43 37540.51 37448.63 37356.79 37265 37173.24 37081.53 36989.86 36898.24 36806.66 36715.12 36623.63 36532.18 36440.77 36349.41 36258.1 36166.84 36075.61 35984.44 35893.31 35802.23 35711.2 35620.22 35529.29 35438.4 35347.56 35256.77 35166.04
41210.92 41117.52 41024.14 40930.8 40837.48 40744.2 40650.95 40557.74 40464.55 40371.4 40278.28 40185.2 40092.14 39999.13 39906.14 39813.19 39720.27 39627.39 39534.54 39441.73 39348.95 39256.21 39163.5 39070.83 38978.2 38885.6 38793.04 38700.52 38608.03 38515.58 38423.17 38330.8 38238.46 38146.17 38053.91 37961.69 37869.51 37777.38 37685.28 37593.22 37501.2 37409.22 37317.29 37225.39 37133.54 37041.73 36949.96 36858.24 36766.56 36674.92 36583.33 36491.78 36400.27 36308.81 36217.4 36126.03 36034.71 35943.43 35852.2 35761.01 35669.88 35578.79 35487.75 35396.75 35305.81 35214.91 35124.07
41175.36 41081.87 40988.41 40894.99 40801.59 40708.23 40614.9 40521.6 40428.33 40335.1 40241.89 40148.72 40055.59 39962.48 39869.41 39776.38 39683.37 39590.4 39497.47 39404.57 39311.7 39218.87 39126.08 39033.32 38940.6 38847.91 38755.26 38662.64 38570.07 38477.53 38385.02 38292.56 38200.13 38107.74 38015.39 37923.08 37830.81 37738.57 37646.38 37554.23 37462.11 37370.04 37278.01 37186.02 37094.07 37002.16 36910.3 36818.47 36726.69 36634.96 36543.26 36451.61 36360 36268.45 36176.93 36085.45 35994.03 35902.64 35811.31 35720.02 35628.78 35537.59 35446.44 35355.34 35264.29 35173.29 35082.33
