InputData/dist_2.txt
ncols         305
nrows         346
xllcorner     527731.86726915
yllcorner     8223679.8627344
cellsize      100
NODATA_value  -9999
[rows 150 to 179 of 346, columns 138 to 206 of 305]
26096.94 26024.99 25953.23 25881.65 25810.27 25739.08 25668.07 25597.27 25526.65 25455.84 25385.23 25314.42 25243.81 25173 25102.39 25031.58 24960.97 24890.16 24819.55 24749.14 24678.94 24608.94 24539.15 24469.57 24400.21 24331.05 24262.11 24193.39 24124.88 24056.6 23988.54 23920.7 23853.09 23785.71 23718.56 23651.64 23584.95 23518.5 23452.29 -9999 -9999 -9999 -9999 -9999 -9999 -9999 -9999 -9999 -9999 -9999 -9999 -9999 -9999 -9999 -9999 -9999 -9999 -9999 -9999 -9999 -9999 -9999 -9999 -9999 -9999 -9999 -9999 -9999 -9999
26027.68 25955.54 25883.59 25811.82 25740.24 25668.85 25597.66 25526.65 25455.84 25385.23 25314.42 25243.81 25173 25102.39 25031.58 24960.97 24890.16 24819.55 24748.74 24678.13 24607.72 24537.52 24467.53 24397.75 24328.17 24258.81 24189.67 24120.74 24052.03 23983.54 23915.27 23847.22 23779.4 23711.81 23644.45 23577.32 23510.42 23443.76 23377.34 23311.16 -9999 -9999 -9999 -9999 -9999 -9999 -9999 -9999 -9999 -9999 -9999 -9999 -9999 -9999 -9999 -9999 -9999 -9999 -9999 -9999 -9999 -9999 -9999 -9999 -9999 -9999 -9999 -9999 -9999
25958.62 25886.29 25814.14 25742.18 25670.41 25598.83 25527.44 25456.24 25385.23 25314.42 25243.81 25173 25102.39 25031.58 24960.97 24890.16 24819.55 24748.74 24678.13 24607.32 24536.71 24466.3 24396.11 24326.12 24256.34 24186.77 24117.42 24048.29 23979.37 23910.67 23842.19 23773.94 23705.91 23638.11 23570.53 23503.19 23436.08 23369.21 23302.57 23236.18 23170.02 -9999 -9999 -9999 -9999 -9999 -9999 -9999 -9999 -9999 -9999 -9999 -9999 -9999 -9999 -9999 -9999 -9999 -9999 -9999 -9999 -9999 -9999 -9999 -9999 -9999 -9999 -9999 -9999
25889.77 25817.24 25744.9 25672.75 25600.78 25529 25457.42 25386.02 25314.82 25243.81 25173 25102.39 25031.58 24960.97 24890.16 24819.55 24748.74 24678.13 24607.32 24536.71 24465.89 24395.29 24324.88 24254.69 24184.71 24114.93 24045.37 23976.03 23906.9 23837.99 23769.31 23700.84 23632.61 23564.59 23496.81 23429.26 23361.94 23294.85 23228 23161.39 23095.02 23028.89 -9999 -9999 -9999 -9999 -9999 -9999 -9999 -9999 -9999 -9999 -9999 -9999 -9999 -9999 -9999 -9999 -9999 -9999 -9999 -9999 -9999 -9999 -9999 -9999 -9999 -9999 -9999
25821.12 25748.4 25675.86 25603.52 25531.35 25459.38 25387.6 25316 25244.6 25173.4 25102.39 25031.58 24960.97 24890.16 24819.55 24748.74 24678.13 24607.32 24536.71 24465.89 24395.29 24324.47 24253.87 24183.46 24113.27 24043.29 23973.53 23903.97 23834.64 23765.52 23696.63 23627.95 23559.5 23491.28 23423.28 23355.51 23287.98 23220.68 23153.62 23086.79 23020.21 22953.87 -9999 -9999 -9999 -9999 -9999 -9999 -9999 -9999 -9999 -9999 -9999 -9999 -9999 -9999 -9999 -9999 -9999 -9999 -9999 -9999 -9999 -9999 -9999 -9999 -9999 -9999 -9999
25752.67 25679.76 25607.03 25534.49 25462.13 25389.96 25317.98 25246.19 25174.59 25103.19 25031.98 24960.97 24890.16 24819.55 24748.74 24678.13 24607.32 24536.71 24465.89 24395.29 24324.47 24253.87 24183.05 24112.45 24042.05 23971.86 23901.88 23832.12 23762.58 23693.25 23624.14 23555.25 23486.59 23418.16 23349.95 23281.97 23214.22 23146.71 23079.43 23012.39 22945.59 22879.03 22812.71 -9999 -9999 -9999 -9999 -9999 -9999 -9999 -9999 -9999 -9999 -9999 -9999 -9999 -9999 -9999 -9999 -9999 -9999 -9999 -9999 -9999 -9999 -9999 -9999 -9999 -9999
25684.43 25611.33 25538.4 25465.66 25393.11 25320.74 25248.56 25176.58 25104.78 25033.18 24961.77 24890.56 24819.55 24748.74 24678.13 24607.32 24536.71 24465.89 24395.29 24324.47 24253.87 24183.05 24112.45 24041.63 23971.02 23900.63 23830.44 23760.47 23690.71 23621.18 23551.86 23482.76 23413.88 23345.23 23276.81 23208.62 23140.66 23072.93 23005.43 22938.18 22871.16 22804.38 22737.85 22671.57 -9999 -9999 -9999 -9999 -9999 -9999 -9999 -9999 -9999 -9999 -9999 -9999 -9999 -9999 -9999 -9999 -9999 -9999 -9999 -9999 -9999 -9999 -9999 -9999 -9999
25616.4 25543.1 25469.98 25397.05 25324.3 25251.73 25179.36 25107.17 25035.18 24963.37 24891.77 24820.36 24749.14 24678.13 24607.32 24536.71 24465.89 24395.29 24324.47 24253.87 24183.05 24112.45 24041.63 23971.02 23900.21 23829.6 23759.21 23689.03 23619.06 23549.31 23479.78 23410.47 23341.38 23272.52 23203.88 23135.47 23067.29 22999.35 22931.64 22864.16 22796.93 22729.94 22663.19 22596.68 22530.42 -9999 -9999 -9999 -9999 -9999 -9999 -9999 -9999 -9999 -9999 -9999 -9999 -9999 -9999 -9999 -9999 -9999 -9999 -9999 -9999 -9999 -9999 -9999 -9999
25548.58 25475.09 25401.77 25328.64 25255.69 25182.93 25110.36 25037.97 24965.78 24893.77 24821.97 24750.35 24678.94 24607.72 24536.71 24465.89 24395.29 24324.47 24253.87 24183.05 24112.45 24041.63 23971.02 23900.21 23829.6 23758.79 23688.18 23617.79 23547.61 23477.65 23407.9 23338.38 23269.08 23200 23131.15 23062.52 22994.13 22925.97 22858.04 22790.35 22722.9 22655.68 22588.71 22521.99 22455.51 22389.28 -9999 -9999 -9999 -9999 -9999 -9999 -9999 -9999 -9999 -9999 -9999 -9999 -9999 -9999 -9999 -9999 -9999 -9999 -9999 -9999 -9999 -9999 -9999
25480.97 25407.28 25333.77 25260.44 25187.3 25114.34 25041.57 24968.98 24896.59 24824.38 24752.37 24680.56 24608.94 24537.52 24466.3 24395.29 24324.47 24253.87 24183.05 24112.45 24041.63 23971.02 23900.21 23829.6 23758.79 23688.18 23617.37 23546.76 23476.37 23406.2 23336.24 23266.5 23196.98 23127.69 23058.62 22989.78 22921.17 22852.79 22784.64 22716.73 22649.06 22581.63 22514.44 22447.49 22380.79 22314.35 22248.15 -9999 -9999 -9999 -9999 -9999 -9999 -9999 -9999 -9999 -9999 -9999 -9999 -9999 -9999 -9999 -9999 -9999 -9999 -9999 -9999 -9999 -9999
25413.58 25339.69 25265.98 25192.46 25119.12 25045.96 24972.99 24900.2 24827.61 24755.2 24682.99 24610.97 24539.15 24467.53 24396.11 24324.88 24253.87 24183.05 24112.45 24041.63 23971.02 23900.21 23829.6 23758.79 23688.18 23617.37 23546.76 23475.95 23405.34 23334.95 23264.78 23194.83 23125.09 23055.59 22986.3 22917.24 22848.41 22779.82 22711.45 22643.32 22575.43 22507.78 22440.37 22373.2 22306.28 22239.6 22173.18 22107.01 -9999 -9999 -9999 -9999 -9999 -9999 -9999 -9999 -9999 -9999 -9999 -9999 -9999 -9999 -9999 -9999 -9999 -9999 -9999 -9999 -9999
25346.4 25272.32 25198.41 25124.69 25051.15 24977.79 24904.62 24831.63 24758.84 24686.23 24613.82 24541.6 24469.57 24397.75 24326.12 24254.69 24183.46 24112.45 24041.63 23971.02 23900.21 23829.6 23758.79 23688.18 23617.37 23546.76 23475.95 23405.34 23334.52 23263.92 23193.53 23123.37 23053.42 22983.69 22914.19 22844.91 22775.87 22707.05 22638.46 22570.11 22502 22434.13 22366.49 22299.1 22231.96 22165.06 22098.42 22032.02 -9999 -9999 -9999 -9999 -9999 -9999 -9999 -9999 -9999 -9999 -9999 -9999 -9999 -9999 -9999 -9999 -9999 -9999 -9999 -9999 -9999
25279.44 25205.16 25131.06 25057.13 24983.39 24909.84 24836.46 24763.28 24690.28 24617.47 24544.86 24472.43 24400.21 24328.17 24256.34 24184.71 24113.27 24042.05 23971.02 23900.21 23829.6 23758.79 23688.18 23617.37 23546.76 23475.95 23405.34 23334.52 23263.92 23193.1 23122.5 23052.12 22981.95 22912.01 22842.29 22772.79 22703.52 22634.49 22565.68 22497.11 22428.78 22360.68 22292.82 22225.21 22157.84 22090.72 22023.85 21957.23 21890.87 -9999 -9999 -9999 -9999 -9999 -9999 -9999 -9999 -9999 -9999 -9999 -9999 -9999 -9999 -9999 -9999 -9999 -9999 -9999 -9999
25212.7 25138.22 25063.92 24989.8 24915.86 24842.1 24768.53 24695.14 24621.94 24548.93 24476.11 24403.48 24331.05 24258.81 24186.77 24114.93 24043.29 23971.86 23900.63 23829.6 23758.79 23688.18 23617.37 23546.76 23475.95 23405.34 23334.52 23263.92 23193.1 23122.5 23051.68 22981.08 22910.7 22840.53 22770.6 22700.88 22631.39 22562.14 22493.11 22424.32 22355.76 22287.44 22219.36 22151.52 22083.93 22016.58 21949.49 21882.64 21816.05 21749.71 -9999 -9999 -9999 -9999 -9999 -9999 -9999 -9999 -9999 -9999 -9999 -9999 -9999 -9999 -9999 -9999 -9999 -9999 -9999
25146.17 25071.5 24997 24922.68 24848.54 24774.58 24700.81 24627.22 24553.82 24480.61 24407.58 24334.75 24262.11 24189.67 24117.42 24045.37 23973.53 23901.88 23830.44 23759.21 23688.18 23617.37 23546.76 23475.95 23405.34 23334.52 23263.92 23193.1 23122.5 23051.68 22981.08 22910.26 22839.66 22769.28 22699.12 22629.19 22559.48 22490 22420.75 22351.73 22282.95 22214.41 22146.11 22078.04 22010.22 21942.65 21875.33 21808.26 21741.44 21674.87 21608.56 -9999 -9999 -9999 -9999 -9999 -9999 -9999 -9999 -9999 -9999 -9999 -9999 -9999 -9999 -9999 -9999 -9999 -9999
25079.87 25005 24930.3 24855.78 24781.45 24707.29 24633.31 24559.52 24485.91 24412.5 24339.27 24266.23 24193.39 24120.74 24048.29 23976.03 23903.97 23832.12 23760.47 23689.03 23617.79 23546.76 23475.95 23405.34 23334.52 23263.92 23193.1 23122.5 23051.68 22981.08 22910.26 22839.66 22768.84 22698.24 22627.86 22557.7 22487.78 22418.07 22348.6 22279.36 22210.36 22141.59 22073.06 22004.77 21936.73 21868.93 21801.38 21734.07 21667.03 21600.23 21533.7 21467.42 -9999 -9999 -9999 -9999 -9999 -9999 -9999 -9999 -9999 -9999 -9999 -9999 -9999 -9999 -9999 -9999 -9999
25013.8 24938.72 24863.83 24789.11 24714.57 24640.21 24566.03 24492.04 24418.23 24344.61 24271.18 24197.93 24124.88 24052.03 23979.37 23906.9 23834.64 23762.58 23690.71 23619.06 23547.61 23476.37 23405.34 23334.52 23263.92 23193.1 23122.5 23051.68 22981.08 22910.26 22839.66 22768.84 22698.24 22627.42 22556.82 22486.44 22416.29 22346.37 22276.67 22207.21 22137.98 22068.98 22000.23 21931.71 21863.44 21795.41 21727.63 21660.1 21592.82 21525.8 21459.03 21392.52 21326.28 -9999 -9999 -9999 -9999 -9999 -9999 -9999 -9999 -9999 -9999 -9999 -9999 -9999 -9999 -9999 -9999
24947.95 24872.68 24797.58 24722.66 24647.92 24573.36 24498.98 24424.78 24350.77 24276.94 24203.3 24129.86 24056.6 23983.54 23910.67 23837.99 23765.52 23693.25 23621.18 23549.31 23477.65 23406.2 23334.95 23263.92 23193.1 23122.5 23051.68 22981.08 22910.26 22839.66 22768.84 22698.24 22627.42 22556.82 22486 22415.4 22345.02 22274.87 22204.96 22135.27 22065.81 21996.59 21927.61 21858.87 21790.37 21722.11 21654.1 21586.34 21518.83 21451.57 21384.57 21317.83 21251.35 21185.14 -9999 -9999 -9999 -9999 -9999 -9999 -9999 -9999 -9999 -9999 -9999 -9999 -9999 -9999 -9999
24882.32 24806.85 24731.56 24656.44 24581.5 24506.73 24432.15 24357.75 24283.53 24209.5 24135.66 24062 23988.54 23915.27 23842.19 23769.31 23696.63 23624.14 23551.86 23479.78 23407.9 23336.24 23264.78 23193.53 23122.5 23051.68 22981.08 22910.26 22839.66 22768.84 22698.24 22627.42 22556.82 22486 22415.4 22344.57 22273.98 22203.6 22133.46 22063.54 21993.86 21924.42 21855.21 21786.23 21717.5 21649.02 21580.78 21512.79 21445.05 21377.56 21310.33 21243.35 21176.64 21110.19 -9999 -9999 -9999 -9999 -9999 -9999 -9999 -9999 -9999 -9999 -9999 -9999 -9999 -9999 -9999
24816.93 24741.26 24665.77 24590.45 24515.3 24440.34 24365.55 24290.95 24216.52 24142.29 24068.24 23994.38 23920.7 23847.22 23773.94 23700.84 23627.95 23555.25 23482.76 23410.47 23338.38 23266.5 23194.83 23123.37 23052.12 22981.08 22910.26 22839.66 22768.84 22698.24 22627.42 22556.82 22486 22415.4 22344.57 22273.98 22203.15 22132.55 22062.19 21992.04 21922.13 21852.46 21783.02 21713.82 21644.86 21576.14 21507.67 21439.45 21371.48 21303.76 21236.29 21169.08 21102.13 21035.45 20969.03 -9999 -9999 -9999 -9999 -9999 -9999 -9999 -9999 -9999 -9999 -9999 -9999 -9999 -9999
24751.77 24675.9 24600.2 24524.68 24449.34 24374.17 24299.18 24224.37 24149.74 24075.3 24001.04 23926.97 23853.09 23779.4 23705.91 23632.61 23559.5 23486.59 23413.88 23341.38 23269.08 23196.98 23125.09 23053.42 22981.95 22910.7 22839.66 22768.84 22698.24 22627.42 22556.82 22486 22415.4 22344.57 22273.98 22203.15 22132.55 22061.73 21991.13 21920.77 21850.63 21780.72 21711.06 21641.63 21572.44 21503.49 21434.79 21366.33 21298.12 21230.17 21162.47 21095.02 21027.84 20960.92 20894.26 20827.87 -9999 -9999 -9999 -9999 -9999 -9999 -9999 -9999 -9999 -9999 -9999 -9999 -9999
24686.84 24610.77 24534.87 24459.15 24383.6 24308.23 24233.04 24158.02 24083.19 24008.54 23934.08 23859.8 23785.71 23711.81 23638.11 23564.59 23491.28 23418.16 23345.23 23272.52 23200 23127.69 23055.59 22983.69 22912.01 22840.53 22769.28 22698.24 22627.42 22556.82 22486 22415.4 22344.57 22273.98 22203.15 22132.55 22061.73 21991.13 21920.31 21849.71 21779.35 21709.21 21639.32 21569.65 21500.23 21431.05 21362.12 21293.43 21224.98 21156.79 21088.86 21021.18 20953.76 20886.6 20819.7 20753.07 20686.71 -9999 -9999 -9999 -9999 -9999 -9999 -9999 -9999 -9999 -9999 -9999 -9999
24621.94 24545.88 24469.78 24393.85 24318.1 24242.53 24167.13 24091.91 24016.87 23942.01 23867.34 23792.86 23718.56 23644.45 23570.53 23496.81 23423.28 23349.95 23276.81 23203.88 23131.15 23058.62 22986.3 22914.19 22842.29 22770.6 22699.12 22627.86 22556.82 22486 22415.4 22344.57 22273.98 22203.15 22132.55 22061.73 21991.13 21920.31 21849.71 21778.89 21708.29 21637.93 21567.8 21497.91 21428.25 21358.84 21289.67 21220.74 21152.07 21083.64 21015.47 20947.55 20879.89 20812.5 20745.36 20678.49 20611.89 20545.56 -9999 -9999 -9999 -9999 -9999 -9999 -9999 -9999 -9999 -9999 -9999
24553.82 24480.61 24404.92 24328.79 24252.83 24177.05 24101.45 24026.03 23950.78 23875.72 23800.84 23726.15 23651.64 23577.32 23503.19 23429.26 23355.51 23281.97 23208.62 23135.47 23062.52 22989.78 22917.24 22844.91 22772.79 22700.88 22629.19 22557.7 22486.44 22415.4 22344.57 22273.98 22203.15 22132.55 22061.73 21991.13 21920.31 21849.71 21778.89 21708.29 21637.47 21566.87 21496.51 21426.38 21356.5 21286.85 21217.45 21148.29 21079.37 21010.71 20942.3 20874.15 20806.25 20738.61 20671.24 20604.13 20537.28 20470.71 20404.41 -9999 -9999 -9999 -9999 -9999 -9999 -9999 -9999 -9999 -9999
24485.91 24412.5 24339.27 24263.96 24187.81 24111.82 24036.01 23960.38 23884.93 23809.66 23734.57 23659.67 23584.95 23510.42 23436.08 23361.94 23287.98 23214.22 23140.66 23067.29 22994.13 22921.17 22848.41 22775.87 22703.52 22631.39 22559.48 22487.78 22416.29 22345.02 22273.98 22203.15 22132.55 22061.73 21991.13 21920.31 21849.71 21778.89 21708.29 21637.47 21566.87 21496.05 21425.45 21355.09 21284.97 21215.09 21145.45 21076.05 21006.9 20938 20869.36 20800.96 20732.82 20664.95 20597.33 20529.98 20462.89 20396.08 20329.54 20263.27 -9999 -9999 -9999 -9999 -9999 -9999 -9999 -9999 -9999
24418.23 24344.61 24271.18 24197.93 24123.02 24046.83 23970.82 23894.98 23819.32 23743.84 23668.54 23593.43 23518.5 23443.76 23369.21 23294.85 23220.68 23146.71 23072.93 22999.35 22925.97 22852.79 22779.82 22707.05 22634.49 22562.14 22490 22418.07 22346.37 22274.87 22203.6 22132.55 22061.73 21991.13 21920.31 21849.71 21778.89 21708.29 21637.47 21566.87 21496.05 21425.45 21354.63 21284.03 21213.68 21143.56 21073.68 21004.05 20934.66 20865.52 20796.63 20728 20659.62 20591.5 20523.64 20456.05 20388.72 20321.66 20254.88 20188.36 -9999 -9999 -9999 -9999 -9999 -9999 -9999 -9999 -9999
24350.77 24276.94 24203.3 24129.86 24056.6 23982.08 23905.86 23829.81 23753.95 23678.26 23602.75 23527.43 23452.29 23377.34 23302.57 23228 23153.62 23079.43 23005.43 22931.64 22858.04 22784.64 22711.45 22638.46 22565.68 22493.11 22420.75 22348.6 22276.67 22204.96 22133.46 22062.19 21991.13 21920.31 21849.71 21778.89 21708.29 21637.47 21566.87 21496.05 21425.45 21354.63 21284.03 21213.2 21142.61 21072.26 21002.14 20932.27 20862.65 20793.27 20724.14 20655.27 20586.65 20518.29 20450.18 20382.35 20314.77 20247.47 20180.44 20113.68 20047.19 -9999 -9999 -9999 -9999 -9999 -9999 -9999 -9999
24283.53 24209.5 24135.66 24062 23988.54 23915.27 23841.14 23764.89 23688.82 23612.92 23537.21 23461.67 23386.32 23311.16 23236.18 23161.39 23086.79 23012.39 22938.18 22864.16 22790.35 22716.73 22643.32 22570.11 22497.11 22424.32 22351.73 22279.36 22207.21 22135.27 22063.54 21992.04 21920.77 21849.71 21778.89 21708.29 21637.47 21566.87 21496.05 21425.45 21354.63 21284.03 21213.2 21142.61 21071.78 21001.19 20930.84 20860.73 20790.86 20721.25 20651.88 20582.76 20513.9 20445.29 20376.95 20308.87 20241.05 20173.5 20106.22 20039.21 19972.48 19906.03 -9999 -9999 -9999 -9999 -9999 -9999 -9999
24216.52 24142.29 24068.24 23994.38 23920.7 23847.22 23773.94 23700.21 23623.93 23547.82 23471.9 23396.15 23320.59 23245.21 23170.02 23095.02 23020.21 22945.59 22871.16 22796.93 22722.9 22649.06 22575.43 22502 22428.78 22355.76 22282.95 22210.36 22137.98 22065.81 21993.86 21922.13 21850.63 21779.35 21708.29 21637.47 21566.87 21496.05 21425.45 21354.63 21284.03 21213.2 21142.61 21071.78 21001.19 20930.36 20859.77 20789.42 20719.31 20649.46 20579.84 20510.48 20441.38 20372.53 20303.94 20235.61 20167.55 20099.75 20032.22 19964.97 19897.99 19831.29 19764.87 -9999 -9999 -9999 -9999 -9999 -9999
24149.74 24075.3 24001.04 23926.97 23853.09 23779.4 23705.91 23632.61 23559.29 23482.97 23406.84 23330.88 23255.11 23179.52 23104.11 23028.89 22953.87 22879.03 22804.38 22729.94 22655.68 22581.63 22507.78 22434.13 22360.68 22287.44 22214.41 22141.59 22068.98 21996.59 21924.42 21852.46 21780.72 21709.21 21637.93 21566.87 21496.05 21425.45 21354.63 21284.03 21213.2 21142.61 21071.78 21001.19 20930.36 20859.77 20788.94 20718.35 20648 20577.9 20508.05 20438.44 20369.09 20300 20231.16 20162.59 20094.28 20026.23 19958.46 19890.95 19823.72 19756.77 19690.1 19623.71 -9999 -9999 -9999 -9999 -9999
