InputData/dist_15.txt
ncols         179
nrows         191
xllcorner     511130.79369993
yllcorner     8186024.366672
cellsize      100
NODATA_value  -9999
[rows 87 to 115 of 191, columns 66 to 131 of 179]
31044 30972.57 30901.29 30830.18 30759.23 30688.43 30617.8 30547.01 30476.38 30405.59 30334.96 30264.5 30194.21 30124.08 30054.12 29984.33 29914.71 29845.27 29776 29706.9 29637.98 29569.24 29500.68 29432.29 29364.09 29296.07 29228.24 29160.59 29093.13 29025.85 28958.76 28891.87 28825.16 28758.65 28692.33 28626.21 28560.29 28494.56 28429.04 28363.71 28298.59 28233.49 28165.58 28097.87 28030.34 27963.01 27895.88 27828.94 27762.21 27695.67 27629.33 27563.2 27497.27 27431.55 27366.04 27300.73 27235.64 27170.76 27106.09 27041.63 26977.4 26913.38 26849.58 26786 26722.65 -9999
30974.18 30902.59 30831.15 30759.88 30688.76 30617.8 30547.01 30476.38 30405.59 30334.96 30264.17 30193.54 30123.08 30052.79 29982.66 29912.71 29842.92 29773.31 29703.87 29634.61 29565.52 29496.61 29427.88 29359.33 29290.96 29222.77 29154.76 29086.94 29019.3 28951.86 28884.6 28817.53 28750.65 28683.97 28617.48 28551.18 28485.08 28419.18 28353.48 28287.98 28222.69 28157.59 28092.17 28024.28 27956.57 27889.07 27821.75 27754.64 27687.72 27621.01 27554.49 27488.18 27422.07 27356.17 27290.47 27224.99 27159.71 27094.65 27029.8 26965.16 26900.74 26836.54 26772.56 26708.8 26645.26 26581.95
30904.53 30832.78 30761.18 30689.74 30618.46 30547.34 30476.38 30405.59 30334.96 30264.17 30193.54 30122.75 30052.12 29981.66 29911.37 29841.25 29771.29 29701.52 29631.91 29562.48 29493.22 29424.14 29355.24 29286.52 29217.97 29149.61 29081.44 29013.45 28945.64 28878.02 28810.59 28743.35 28676.3 28609.44 28542.78 28476.31 28410.03 28343.96 28278.08 28212.41 28146.94 28081.67 28016.6 27950.85 27882.97 27815.28 27747.79 27680.5 27613.4 27546.51 27479.81 27413.32 27347.03 27280.95 27215.07 27149.4 27083.94 27018.7 26953.66 26888.85 26824.24 26759.86 26695.69 26631.75 26568.03 26504.53
30835.04 30763.13 30691.37 30619.77 30548.32 30477.04 30405.92 30334.96 30264.17 30193.54 30122.75 30052.12 29981.33 29910.7 29840.24 29769.95 29699.83 29629.88 29560.11 29490.51 29421.08 29351.83 29282.76 29213.87 29145.15 29076.62 29008.28 28940.11 28872.13 28804.34 28736.74 28669.32 28602.1 28535.07 28468.23 28401.58 28335.14 28268.89 28202.84 28136.99 28071.34 28005.89 27940.65 27875.62 27809.53 27741.67 27673.99 27606.52 27539.24 27472.17 27405.29 27338.62 27272.15 27205.88 27139.82 27073.97 27008.33 26942.9 26877.69 26812.68 26747.9 26683.33 26618.98 26554.85 26490.94 26427.26
30765.73 30693.65 30621.72 30549.96 30478.35 30406.91 30335.62 30264.5 30193.54 30122.75 30052.12 29981.33 29910.7 29839.91 29769.28 29698.82 29628.53 29558.42 29488.47 29418.7 29349.11 29279.69 29210.44 29141.38 29072.5 29003.79 28935.27 28866.94 28798.79 28730.82 28663.04 28595.46 28528.06 28460.85 28393.84 28327.02 28260.4 28193.97 28127.74 28061.72 27995.89 27930.27 27864.85 27799.64 27734.63 27668.21 27600.36 27532.71 27465.25 27397.99 27330.94 27264.08 27197.43 27130.98 27064.74 26998.7 26932.88 26867.27 26801.87 26736.68 26671.71 26606.95 26542.42 26478.1 26414.01 26350.14
30696.58 30624.34 30552.25 30480.32 30408.55 30336.94 30265.49 30194.21 30123.08 30052.12 29981.33 29910.7 29839.91 29769.28 29698.48 29627.86 29557.4 29487.12 29417 29347.06 29277.29 29207.71 29138.29 29069.06 29000 28931.13 28862.43 28793.92 28725.6 28657.46 28589.51 28521.75 28454.17 28386.79 28319.61 28252.61 28185.81 28119.21 28052.81 27986.6 27920.6 27854.8 27789.21 27723.82 27658.63 27593.66 27526.9 27459.06 27391.42 27323.98 27256.74 27189.7 27122.87 27056.24 26989.81 26923.6 26857.59 26791.79 26726.21 26660.83 26595.68 26530.74 26466.02 26401.52 26337.24 26273.18
30627.6 30555.2 30482.95 30410.85 30338.92 30267.14 30195.53 30124.08 30052.79 29981.66 29910.7 29839.91 29769.28 29698.48 29627.86 29557.06 29486.44 29415.98 29345.7 29275.59 29205.65 29135.89 29066.3 28996.9 28927.67 28858.62 28789.76 28721.07 28652.57 28584.26 28516.14 28448.2 28380.45 28312.89 28245.53 28178.36 28111.38 28044.61 27978.03 27911.65 27845.47 27779.49 27713.71 27648.15 27582.79 27517.63 27452.69 27385.58 27317.76 27250.14 27182.71 27115.49 27048.47 26981.66 26915.05 26848.65 26782.46 26716.47 26650.7 26585.15 26519.8 26454.68 26389.77 26325.08 26260.62 26196.37
30558.79 30486.23 30413.81 30341.55 30269.46 30197.52 30125.74 30054.12 29982.66 29911.37 29840.24 29769.28 29698.48 29627.86 29557.06 29486.44 29415.64 29345.02 29274.56 29204.28 29134.17 29064.24 28994.48 28924.9 28855.5 28786.28 28717.24 28648.38 28579.71 28511.23 28442.93 28374.81 28306.89 28239.16 28171.62 28104.27 28037.12 27970.16 27903.4 27836.85 27770.49 27704.33 27638.38 27572.63 27507.09 27441.76 27376.63 27311.72 27244.27 27176.46 27108.86 27041.45 26974.25 26907.25 26840.46 26773.87 26707.49 26641.32 26575.37 26509.62 26444.09 26378.78 26313.69 26248.81 26184.16 26119.72
30490.16 30417.43 30344.85 30272.43 30200.17 30128.06 30056.11 29984.33 29912.71 29841.25 29769.95 29698.82 29627.86 29557.06 29486.44 29415.64 29345.02 29274.22 29203.6 29133.14 29062.86 28992.76 28922.83 28853.08 28783.5 28714.11 28644.89 28575.86 28507.02 28438.35 28369.88 28301.59 28233.49 28165.58 28097.87 28030.34 27963.01 27895.88 27828.94 27762.21 27695.67 27629.33 27563.2 27497.27 27431.55 27366.04 27300.73 27235.64 27170.76 27102.95 27035.16 26967.57 26900.19 26833 26766.02 26699.25 26632.69 26566.33 26500.19 26434.26 26368.54 26303.04 26237.76 26172.7 26107.85 26043.23
30421.7 30348.8 30276.06 30203.48 30131.05 30058.78 29986.66 29914.71 29842.92 29771.29 29699.83 29628.53 29557.4 29486.44 29415.64 29345.02 29274.22 29203.6 29132.8 29062.17 28991.72 28921.45 28851.34 28781.42 28711.67 28642.1 28572.71 28503.51 28434.49 28365.65 28297 28228.53 28160.26 28092.17 28024.28 27956.57 27889.07 27821.75 27754.64 27687.72 27621.01 27554.49 27488.18 27422.07 27356.17 27290.47 27224.99 27159.71 27094.65 27029.61 26961.64 26893.87 26826.29 26758.92 26691.76 26624.8 26558.05 26491.51 26425.18 26359.06 26293.15 26227.47 26162 26096.74 26031.71 25966.9
30353.42 30280.36 30207.45 30134.7 30062.1 29989.66 29917.39 29845.27 29773.31 29701.52 29629.88 29558.42 29487.12 29415.98 29345.02 29274.22 29203.6 29132.8 29062.17 28991.38 28920.75 28850.3 28780.03 28709.93 28640.01 28570.26 28500.7 28431.32 28362.12 28293.11 28224.28 28155.64 28087.19 28018.92 27950.85 27882.97 27815.28 27747.79 27680.5 27613.4 27546.51 27479.81 27413.32 27347.03 27280.95 27215.07 27149.4 27083.94 27018.7 26953.66 26888.29 26820.33 26752.57 26685.01 26617.66 26550.52 26483.58 26416.85 26350.33 26284.03 26217.93 26152.05 26086.39 26020.95 25955.73 25890.73
30285.31 30212.08 30139.01 30066.09 29993.33 29920.73 29848.28 29776 29703.87 29631.91 29560.11 29488.47 29417 29345.7 29274.56 29203.6 29132.8 29062.17 28991.38 28920.75 28849.96 28779.33 28708.88 28638.61 28568.51 28498.6 28428.86 28359.3 28289.93 28220.74 28151.73 28082.91 28014.28 27945.84 27877.59 27809.53 27741.67 27673.99 27606.52 27539.24 27472.17 27405.29 27338.62 27272.15 27205.88 27139.82 27073.97 27008.33 26942.9 26877.69 26812.68 26746.96 26679.02 26611.28 26543.74 26476.4 26409.28 26342.36 26275.65 26209.16 26142.88 26076.81 26010.96 25945.33 25879.91 25814.72
30217.38 30143.99 30070.75 29997.67 29924.74 29851.97 29779.36 29706.9 29634.61 29562.48 29490.51 29418.7 29347.06 29275.59 29204.28 29133.14 29062.17 28991.38 28920.75 28849.96 28779.33 28708.54 28637.91 28567.46 28497.19 28427.1 28357.19 28287.45 28217.9 28148.54 28079.35 28010.36 27941.55 27872.93 27804.5 27736.26 27668.21 27600.36 27532.71 27465.25 27397.99 27330.94 27264.08 27197.43 27130.98 27064.74 26998.7 26932.88 26867.27 26801.87 26736.68 26671.71 26605.64 26537.71 26469.98 26402.46 26335.15 26268.04 26201.14 26134.46 26067.99 26001.73 25935.69 25869.87 25804.26 25738.88
30149.63 30076.07 30002.67 29929.42 29856.32 29783.38 29710.6 29637.98 29565.52 29493.22 29421.08 29349.11 29277.29 29205.65 29134.17 29062.86 28991.72 28920.75 28849.96 28779.33 28708.54 28637.91 28567.11 28496.49 28426.04 28355.78 28285.69 28215.78 28146.05 28076.5 28007.14 27937.97 27868.98 27800.18 27731.57 27663.15 27594.93 27526.9 27459.06 27391.42 27323.98 27256.74 27189.7 27122.87 27056.24 26989.81 26923.6 26857.59 26791.79 26726.21 26660.83 26595.68 26530.74 26464.32 26396.4 26328.69 26261.19 26193.89 26126.81 26059.93 25993.27 25926.82 25860.59 25794.57 25728.78 25663.2
30082.05 30008.33 29934.76 29861.35 29788.08 29714.98 29642.03 29569.24 29496.61 29424.14 29351.83 29279.69 29207.71 29135.89 29064.24 28992.76 28921.45 28850.3 28779.33 28708.54 28637.91 28567.11 28496.49 28425.69 28355.07 28284.63 28214.36 28144.27 28074.37 28004.64 27935.1 27865.75 27796.58 27727.6 27658.81 27590.21 27521.81 27453.6 27385.58 27317.76 27250.14 27182.71 27115.49 27048.47 26981.66 26915.05 26848.65 26782.46 26716.47 26650.7 26585.15 26519.8 26454.68 26389.77 26322.99 26255.1 26187.4 26119.92 26052.64 25985.57 25918.72 25852.08 25785.65 25719.45 25653.46 25587.69
30014.66 29940.78 29867.04 29793.46 29720.03 29646.75 29573.64 29500.68 29427.88 29355.24 29282.76 29210.44 29138.29 29066.3 28994.48 28922.83 28851.34 28780.03 28708.88 28637.91 28567.11 28496.49 28425.69 28355.07 28284.27 28213.65 28143.21 28072.94 28002.86 27932.96 27863.24 27793.71 27724.36 27655.2 27586.23 27517.45 27448.86 27380.47 27312.27 27244.27 27176.46 27108.86 27041.45 26974.25 26907.25 26840.46 26773.87 26707.49 26641.32 26575.37 26509.62 26444.09 26378.78 26313.69 26248.81 26181.67 26113.79 26046.11 25978.64 25911.39 25844.34 25777.51 25710.89 25644.49 25578.31 25512.35
29947.45 29873.4 29799.5 29725.75 29652.15 29578.71 29505.42 29432.29 29359.33 29286.52 29213.87 29141.38 29069.06 28996.9 28924.9 28853.08 28781.42 28709.93 28638.61 28567.46 28496.49 28425.69 28355.07 28284.27 28213.65 28142.85 28072.23 28001.79 27931.52 27861.44 27791.54 27721.83 27652.3 27582.96 27513.81 27444.85 27376.08 27307.51 27239.13 27170.94 27102.95 27035.16 26967.57 26900.19 26833 26766.02 26699.25 26632.69 26566.33 26500.19 26434.26 26368.54 26303.04 26237.76 26172.7 26107.85 26040.35 25972.49 25904.83 25837.38 25770.14 25703.11 25636.3 25569.71 25503.33 25437.18
29880.43 29806.21 29732.14 29658.22 29584.46 29510.85 29437.39 29364.09 29290.96 29217.97 29145.15 29072.5 29000 28927.67 28855.5 28783.5 28711.67 28640.01 28568.51 28497.19 28426.04 28355.07 28284.27 28213.65 28142.85 28072.23 28001.43 27930.81 27860.37 27790.11 27720.03 27650.13 27580.43 27510.91 27441.57 27372.43 27303.48 27234.72 27166.16 27097.79 27029.61 26961.64 26893.87 26826.29 26758.92 26691.76 26624.8 26558.05 26491.51 26425.18 26359.06 26293.15 26227.47 26162 26096.74 26031.71 25966.9 25899.04 25831.18 25763.54 25696.11 25628.89 25561.88 25495.1 25428.53 25362.18
29813.59 29739.2 29664.96 29590.88 29516.94 29443.17 29369.54 29296.07 29222.77 29149.61 29076.62 29003.79 28931.13 28858.62 28786.28 28714.11 28642.1 28570.26 28498.6 28427.1 28355.78 28284.63 28213.65 28142.85 28072.23 28001.43 27930.81 27860.01 27789.39 27718.95 27648.69 27578.62 27508.73 27439.02 27369.51 27300.18 27231.05 27162.11 27093.36 27024.8 26956.45 26888.29 26820.33 26752.57 26685.01 26617.66 26550.52 26483.58 26416.85 26350.33 26284.03 26217.93 26152.05 26086.39 26020.95 25955.73 25890.73 25825.76 25757.72 25689.88 25622.26 25554.84 25487.64 25420.66 25353.89 25287.35
29746.93 29672.38 29597.97 29523.72 29449.62 29375.67 29301.88 29228.24 29154.76 29081.44 29008.28 28935.27 28862.43 28789.76 28717.24 28644.89 28572.71 28500.7 28428.86 28357.19 28285.69 28214.36 28143.21 28072.23 28001.43 27930.81 27860.01 27789.39 27718.59 27647.96 27577.53 27507.27 27437.2 27367.32 27297.62 27228.11 27158.79 27089.67 27020.73 26951.99 26883.45 26815.11 26746.96 26679.02 26611.28 26543.74 26476.4 26409.28 26342.36 26275.65 26209.16 26142.88 26076.81 26010.96 25945.33 25879.91 25814.72 25749.76 25684.43 25616.4 25548.58 25480.97 25413.58 25346.4 25279.44 25212.7
29680.46 29605.74 29531.17 29456.75 29382.48 29308.36 29234.4 29160.59 29086.94 29013.45 28940.11 28866.94 28793.92 28721.07 28648.38 28575.86 28503.51 28431.32 28359.3 28287.45 28215.78 28144.27 28072.94 28001.79 27930.81 27860.01 27789.39 27718.59 27647.96 27577.16 27506.54 27436.11 27365.86 27295.79 27225.91 27156.21 27086.71 27017.4 26948.28 26879.36 26810.63 26742.1 26673.77 26605.64 26537.71 26469.98 26402.46 26335.15 26268.04 26201.14 26134.46 26067.99 26001.73 25935.69 25869.87 25804.26 25738.88 25673.72 25608.79 25543.1 25475.09 25407.28 25339.69 25272.32 25205.16 25138.22
29614.19 29539.29 29464.55 29389.96 29315.53 29241.24 29167.11 29093.13 29019.3 28945.64 28872.13 28798.79 28725.6 28652.57 28579.71 28507.02 28434.49 28362.12 28289.93 28217.9 28146.05 28074.37 28002.86 27931.52 27860.37 27789.39 27718.59 27647.96 27577.16 27506.54 27435.74 27365.12 27294.69 27224.44 27154.37 27084.5 27014.81 26945.31 26876.01 26806.9 26737.99 26669.27 26600.75 26532.43 26464.32 26396.4 26328.69 26261.19 26193.89 26126.81 26059.93 25993.27 25926.82 25860.59 25794.57 25728.78 25663.2 25597.85 25532.72 25467.82 25401.77 25333.77 25265.98 25198.41 25131.06 25063.92
29548.1 29473.04 29398.13 29323.37 29248.76 29174.3 29100 29025.85 28951.86 28878.02 28804.34 28730.82 28657.46 28584.26 28511.23 28438.35 28365.65 28293.11 28220.74 28148.54 28076.5 28004.64 27932.96 27861.44 27790.11 27718.95 27647.96 27577.16 27506.54 27435.74 27365.12 27294.32 27223.7 27153.27 27083.02 27012.96 26943.09 26873.41 26803.92 26734.62 26665.52 26596.62 26527.91 26459.4 26391.1 26322.99 26255.1 26187.4 26119.92 26052.64 25985.57 25918.72 25852.08 25785.65 25719.45 25653.46 25587.69 25522.15 25456.83 25391.73 25326.86 25260.44 25192.46 25124.69 25057.13 24989.8
29482.2 29406.97 29331.89 29256.96 29182.19 29107.56 29033.08 28958.76 28884.6 28810.59 28736.74 28663.04 28589.51 28516.14 28442.93 28369.88 28297 28224.28 28151.73 28079.35 28007.14 27935.1 27863.24 27791.54 27720.03 27648.69 27577.53 27506.54 27435.74 27365.12 27294.32 27223.7 27152.9 27082.28 27011.85 26941.6 26871.55 26801.68 26732 26662.52 26593.23 26524.14 26455.25 26386.55 26318.05 26249.76 26181.67 26113.79 26046.11 25978.64 25911.39 25844.34 25777.51 25710.89 25644.49 25578.31 25512.35 25446.61 25381.1 25315.8 25250.74 25185.91 25119.12 25051.15 24983.39 24915.86
29416.49 29341.1 29265.85 29190.75 29115.8 29041.01 28966.36 28891.87 28817.53 28743.35 28669.32 28595.46 28521.75 28448.2 28374.81 28301.59 28228.53 28155.64 28082.91 28010.36 27937.97 27865.75 27793.71 27721.83 27650.13 27578.62 27507.27 27436.11 27365.12 27294.32 27223.7 27152.9 27082.28 27011.48 26940.86 26870.43 26800.19 26730.13 26660.27 26590.6 26521.12 26451.84 26382.76 26313.88 26245.19 26176.71 26108.43 26040.35 25972.49 25904.83 25837.38 25770.14 25703.11 25636.3 25569.71 25503.33 25437.18 25371.24 25305.53 25240.05 25174.79 25109.76 25044.96 24977.79 24909.84 24842.1
29350.98 29275.42 29200 29124.73 29049.61 28974.64 28899.83 28825.16 28750.65 28676.3 28602.1 28528.06 28454.17 28380.45 28306.89 28233.49 28160.26 28087.19 28014.28 27941.55 27868.98 27796.58 27724.36 27652.3 27580.43 27508.73 27437.2 27365.86 27294.69 27223.7 27152.9 27082.28 27011.48 26940.86 26870.06 26799.44 26729.01 26658.77 26588.72 26518.86 26449.2 26379.73 26310.46 26241.38 26172.5 26103.83 26035.36 25967.09 25899.04 25831.18 25763.54 25696.11 25628.89 25561.88 25495.1 25428.53 25362.18 25296.05 25230.14 25164.46 25099 25033.78 24968.78 24904.02 24836.46 24768.53
29285.66 29209.93 29134.34 29058.91 28983.62 28908.48 28833.49 28758.65 28683.97 28609.44 28535.07 28460.85 28386.79 28312.89 28239.16 28165.58 28092.17 28018.92 27945.84 27872.93 27800.18 27727.6 27655.2 27582.96 27510.91 27439.02 27367.32 27295.79 27224.44 27153.27 27082.28 27011.48 26940.86 26870.06 26799.44 26728.64 26658.02 26587.59 26517.35 26447.31 26377.45 26307.79 26238.33 26169.07 26100 26031.13 25962.47 25894.02 25825.76 25757.72 25689.88 25622.26 25554.84 25487.64 25420.66 25353.89 25287.35 25221.02 25154.92 25089.04 25023.39 24957.96 24892.77 24827.81 24763.08 24695.14
29220.54 29144.64 29068.88 28993.28 28917.81 28842.5 28767.34 28692.33 28617.48 28542.78 28468.23 28393.84 28319.61 28245.53 28171.62 28097.87 28024.28 27950.85 27877.59 27804.5 27731.57 27658.81 27586.23 27513.81 27441.57 27369.51 27297.62 27225.91 27154.37 27083.02 27011.85 26940.86 26870.06 26799.44 26728.64 26658.02 26587.21 26516.6 26446.17 26375.94 26305.89 26236.04 26166.39 26096.94 26027.68 25958.62 25889.77 25821.12 25752.67 25684.43 25616.4 25548.58 25480.97 25413.58 25346.4 25279.44 25212.7 25146.17 25079.87 25013.8 24947.95 24882.32 24816.93 24751.77 24686.84 24621.94
29155.62 29079.55 29003.62 28927.84 28852.21 28776.73 28701.39 28626.21 28551.18 28476.31 28401.58 28327.02 28252.61 28178.36 28104.27 28030.34 27956.57 27882.97 27809.53 27736.26 27663.15 27590.21 27517.45 27444.85 27372.43 27300.18 27228.11 27156.21 27084.5 27012.96 26941.6 26870.43 26799.44 26728.64 26658.02 26587.21 26516.6 26445.79 26375.18 26304.75 26234.52 26164.48 26094.63 26024.99 25955.54 25886.29 25817.24 25748.4 25679.76 25611.33 25543.1 25475.09 25407.28 25339.69 25272.32 25205.16 25138.22 25071.5 25005 24938.72 24872.68 24806.85 24741.26 24675.9 24610.77 24545.88
