InputData/dist_6.txt
ncols         261
nrows         227
xllcorner     499310.88880297
yllcorner     8193391.227492
cellsize      100
NODATA_value  -9999
[rows 29 to 57 of 227, columns 65 to 129 of 261]
-9999 -9999 -9999 -9999 -9999 -9999 -9999 -9999 -9999 -9999 -9999 -9999 -9999 -9999 -9999 -9999 -9999 -9999 -9999 44384.68 44287.81 44190.95 44094.11 43997.27 43900.46 43803.65 43706.86 43610.09 43513.33 43416.59 43319.86 43223.14 43126.44 43029.76 42933.09 42836.43 42739.79 42643.17 42546.56 42449.97 42353.39 42256.83 42160.29 42063.76 41967.25 41870.75 41774.27 41677.81 41581.37 41484.94 41388.52 41292.13 41195.75 41099.39 41003.05 40906.72 40810.41 40714.13 40617.85 40521.6 40425.36 40329.14 40232.95 40136.77 40040.61
-9999 -9999 -9999 -9999 -9999 -9999 -9999 -9999 -9999 -9999 -9999 -9999 -9999 -9999 -9999 -9999 -9999 44553.9 44456.95 44360 44263.08 44166.16 44069.26 43972.38 43875.5 43778.65 43681.8 43584.97 43488.16 43391.36 43294.57 43197.8 43101.04 43004.3 42907.57 42810.86 42714.17 42617.48 42520.82 42424.17 42327.53 42230.91 42134.31 42037.72 41941.15 41844.59 41748.05 41651.53 41555.02 41458.54 41362.06 41265.6 41169.16 41072.74 40976.34 40879.95 40783.57 40687.22 40590.89 40494.57 40398.27 40301.98 40205.72 40109.48 40013.25
-9999 -9999 -9999 -9999 -9999 -9999 -9999 -9999 -9999 -9999 -9999 -9999 -9999 -9999 -9999 -9999 44626.56 44529.54 44432.53 44335.54 44238.56 44141.59 44044.64 43947.7 43850.77 43753.86 43656.96 43560.07 43463.2 43366.35 43269.5 43172.68 43075.86 42979.07 42882.28 42785.51 42688.76 42592.02 42495.29 42398.59 42301.89 42205.21 42108.55 42011.9 41915.27 41818.66 41722.05 41625.47 41528.91 41432.36 41335.82 41239.3 41142.8 41046.32 40949.85 40853.39 40756.96 40660.55 40564.15 40467.77 40371.4 40275.05 40178.73 40082.41 39986.12
-9999 -9999 -9999 -9999 -9999 -9999 -9999 -9999 -9999 -9999 -9999 -9999 -9999 -9999 44796.65 44699.55 44602.46 44505.39 44408.33 44311.29 44214.25 44117.23 44020.22 43923.23 43826.25 43729.28 43632.33 43535.39 43438.46 43341.55 43244.65 43147.77 43050.9 42954.05 42857.2 42760.38 42663.57 42566.77 42469.99 42373.22 42276.47 42179.73 42083.01 41986.31 41889.62 41792.94 41696.28 41599.64 41503.01 41406.4 41309.8 41213.23 41116.66 41020.12 40923.59 40827.07 40730.58 40634.1 40537.64 40441.19 40344.77 40248.36 40151.96 40055.59 39959.23
-9999 -9999 -9999 -9999 -9999 -9999 -9999 -9999 -9999 -9999 -9999 -9999 44966.21 44869.25 44772.31 44675.38 44578.47 44481.46 44384.34 44287.25 44190.16 44093.08 43996.02 43898.98 43801.94 43704.92 43607.91 43510.92 43413.94 43316.97 43220.02 43123.08 43026.16 42929.24 42832.35 42735.46 42638.6 42541.75 42444.91 42348.08 42251.27 42154.48 42057.7 41960.93 41864.18 41767.45 41670.73 41574.03 41477.34 41380.67 41284.02 41187.38 41090.75 40994.14 40897.55 40800.98 40704.42 40607.88 40511.36 40414.85 40318.36 40221.88 40125.43 40028.99 39932.57
-9999 -9999 -9999 -9999 -9999 -9999 -9999 -9999 -9999 -9999 -9999 45038.87 44941.85 44844.84 44747.85 44650.87 44553.9 44456.95 44360 44263.08 44166.16 44069.15 43972.04 43874.94 43777.85 43680.77 43583.71 43486.66 43389.63 43292.61 43195.6 43098.61 43001.63 42904.66 42807.71 42710.77 42613.85 42516.94 42420.04 42323.16 42226.3 42129.45 42032.61 41935.79 41838.98 41742.18 41645.41 41548.64 41451.9 41355.17 41258.45 41161.75 41065.07 40968.4 40871.75 40775.11 40678.5 40581.89 40485.3 40388.73 40292.18 40195.65 40099.13 40002.63 39906.14
-9999 -9999 -9999 -9999 -9999 -9999 -9999 -9999 -9999 -9999 45111.86 45014.77 44917.7 44820.64 44723.59 44626.56 44529.54 44432.53 44335.54 44238.56 44141.59 44044.64 43947.7 43850.77 43753.86 43656.84 43559.73 43462.63 43365.54 43268.46 43171.4 43074.36 42977.32 42880.3 42783.29 42686.3 42589.32 42492.35 42395.4 42298.46 42201.54 42104.63 42007.74 41910.86 41813.99 41717.14 41620.31 41523.49 41426.68 41329.89 41233.12 41136.36 41039.61 40942.89 40846.18 40749.48 40652.8 40556.13 40459.48 40362.86 40266.24 40169.64 40073.06 39976.49 39879.95
-9999 -9999 -9999 -9999 -9999 -9999 -9999 -9999 -9999 45185.18 45088.02 44990.89 44893.76 44796.65 44699.55 44602.46 44505.39 44408.33 44311.29 44214.25 44117.23 44020.22 43923.23 43826.25 43729.28 43632.33 43535.39 43438.46 43341.55 43244.54 43147.42 43050.32 42953.23 42856.16 42759.09 42662.04 42565.01 42467.99 42370.98 42273.99 42177.01 42080.04 41983.09 41886.16 41789.23 41692.32 41595.43 41498.55 41401.69 41304.84 41208.01 41111.19 41014.39 40917.6 40820.83 40724.07 40627.33 40530.61 40433.9 40337.2 40240.53 40143.87 40047.22 39950.59 39853.98
-9999 -9999 -9999 -9999 -9999 -9999 -9999 -9999 45258.81 45161.6 45064.4 44967.21 44870.04 44772.87 44675.72 44578.58 44481.46 44384.34 44287.25 44190.16 44093.08 43996.02 43898.98 43801.94 43704.92 43607.91 43510.92 43413.94 43316.97 43220.02 43123.08 43026.16 42929.24 42832.23 42735.11 42638.01 42540.92 42443.84 42346.78 42249.73 42152.7 42055.68 41958.67 41861.68 41764.7 41667.73 41570.78 41473.85 41376.93 41280.02 41183.13 41086.25 40989.39 40892.54 40795.71 40698.89 40602.09 40505.31 40408.54 40311.79 40215.05 40118.32 40021.62 39924.93 39828.26
-9999 -9999 -9999 -9999 -9999 -9999 -9999 45332.77 45235.5 45138.23 45040.98 44943.74 44846.52 44749.3 44652.1 44554.91 44457.73 44360.57 44263.42 44166.28 44069.15 43972.04 43874.94 43777.85 43680.77 43583.71 43486.66 43389.63 43292.61 43195.6 43098.61 43001.63 42904.66 42807.71 42710.77 42613.85 42516.94 42419.93 42322.81 42225.7 42128.61 42031.54 41934.47 41837.42 41740.39 41643.37 41546.36 41449.37 41352.39 41255.43 41158.47 41061.54 40964.62 40867.71 40770.82 40673.95 40577.09 40480.24 40383.41 40286.6 40189.8 40093.02 39996.25 39899.5 39802.77
-9999 -9999 -9999 -9999 -9999 45504.39 45407.05 45309.71 45212.39 45115.07 45017.77 44920.48 44823.21 44725.94 44628.69 44531.45 44434.22 44337 44239.8 44142.61 44045.43 43948.27 43851.11 43753.97 43656.84 43559.73 43462.63 43365.54 43268.46 43171.4 43074.36 42977.32 42880.3 42783.29 42686.3 42589.32 42492.35 42395.4 42298.46 42201.54 42104.63 42007.62 41910.5 41813.39 41716.3 41619.23 41522.16 41425.11 41328.08 41231.05 41134.05 41037.05 40940.08 40843.11 40746.16 40649.23 40552.31 40455.41 40358.52 40261.64 40164.79 40067.94 39971.11 39874.3 39777.51
-9999 -9999 45773.9 45676.47 45579.05 45481.64 45384.25 45286.86 45189.49 45092.13 44994.78 44897.44 44800.11 44702.8 44605.49 44508.2 44410.92 44313.66 44216.4 44119.16 44021.93 43924.71 43827.5 43730.31 43633.13 43535.96 43438.81 43341.66 43244.54 43147.42 43050.32 42953.23 42856.16 42759.09 42662.04 42565.01 42467.99 42370.98 42273.99 42177.01 42080.04 41983.09 41886.16 41789.23 41692.32 41595.31 41498.19 41401.09 41304 41206.92 41109.85 41012.8 40915.77 40818.75 40721.74 40624.75 40527.77 40430.8 40333.86 40236.92 40140 40043.1 39946.21 39849.34 39752.48
45946.49 45848.99 45751.5 45654.02 45556.56 45459.1 45361.66 45264.22 45166.8 45069.39 44971.99 44874.6 44777.23 44679.86 44582.51 44485.17 44387.84 44290.52 44193.21 44095.92 43998.64 43901.37 43804.11 43706.86 43609.63 43512.41 43415.2 43318.01 43220.83 43123.66 43026.5 42929.36 42832.23 42735.11 42638.01 42540.92 42443.84 42346.78 42249.73 42152.7 42055.68 41958.67 41861.68 41764.7 41667.73 41570.78 41473.85 41376.93 41280.02 41183.01 41085.89 40988.78 40891.69 40794.61 40697.54 40600.49 40503.46 40406.43 40309.43 40212.44 40115.46 40018.5 39921.55 39824.62 39727.7
45924.39 45826.85 45729.31 45631.79 45534.27 45436.77 45339.28 45241.79 45144.32 45046.86 44949.41 44851.98 44754.55 44657.14 44559.73 44462.34 44364.96 44267.59 44170.24 44072.89 43975.56 43878.24 43780.93 43683.64 43586.35 43489.08 43391.82 43294.57 43197.34 43100.12 43002.91 42905.71 42808.53 42711.36 42614.2 42517.05 42419.93 42322.81 42225.7 42128.61 42031.54 41934.47 41837.42 41740.39 41643.37 41546.36 41449.37 41352.39 41255.43 41158.47 41061.54 40964.62 40867.71 40770.7 40673.58 40576.47 40479.38 40382.3 40285.23 40188.18 40091.14 39994.13 39897.12 39800.13 39703.15
45902.5 45804.91 45707.33 45609.76 45512.2 45414.64 45317.11 45219.57 45122.06 45024.55 44927.05 44829.57 44732.09 44634.63 44537.18 44439.73 44342.3 44244.89 44147.48 44050.09 43952.7 43855.33 43757.97 43660.62 43563.29 43465.96 43368.65 43271.35 43174.07 43076.79 42979.53 42882.28 42785.04 42687.82 42590.61 42493.41 42396.23 42299.05 42201.89 42104.75 42007.62 41910.5 41813.39 41716.3 41619.23 41522.16 41425.11 41328.08 41231.05 41134.05 41037.05 40940.08 40843.11 40746.16 40649.23 40552.31 40455.41 40358.39 40261.27 40164.16 40067.07 39969.99 39872.92 39775.87 39678.84
45880.82 45783.18 45685.55 45587.94 45490.33 45392.73 45295.14 45197.57 45100 45002.45 44904.9 44807.37 44709.84 44612.33 44514.83 44417.34 44319.86 44222.39 44124.94 44027.49 43930.06 43832.64 43735.23 43637.83 43540.44 43443.07 43345.7 43248.35 43151.02 43053.69 42956.38 42859.07 42761.78 42664.5 42567.24 42469.99 42372.75 42275.52 42178.31 42081.11 41983.93 41886.75 41789.59 41692.45 41595.31 41498.19 41401.09 41304 41206.92 41109.85 41012.8 40915.77 40818.75 40721.74 40624.75 40527.77 40430.8 40333.86 40236.92 40140 40043.1 39946.09 39848.96 39751.86 39654.76
45859.35 45761.66 45663.99 45566.32 45468.67 45371.03 45273.39 45175.77 45078.16 44980.55 44882.96 44785.38 44687.8 44590.25 44492.7 44395.16 44297.63 44200.11 44102.61 44005.11 43907.63 43810.16 43712.7 43615.25 43517.81 43420.39 43322.97 43225.57 43128.18 43030.8 42933.44 42836.08 42738.74 42641.41 42544.09 42446.79 42349.5 42252.22 42154.95 42057.7 41960.46 41863.23 41766.02 41668.81 41571.63 41474.45 41377.29 41280.14 41183.01 41085.89 40988.78 40891.69 40794.61 40697.54 40600.49 40503.46 40406.43 40309.43 40212.44 40115.46 40018.5 39921.55 39824.62 39727.7 39630.8
45838.09 45740.36 45642.63 45544.92 45447.22 45349.53 45251.85 45154.18 45056.52 44958.87 44861.23 44763.6 44665.98 44568.38 44470.78 44373.19 44275.61 44178.05 44080.5 43982.95 43885.42 43787.9 43690.39 43592.89 43495.4 43397.93 43300.46 43203.01 43105.57 43008.14 42910.72 42813.32 42715.92 42618.54 42521.17 42423.81 42326.47 42229.14 42131.82 42034.51 41937.21 41839.93 41742.66 41645.41 41548.16 41450.93 41353.72 41256.52 41159.32 41062.15 40964.98 40867.84 40770.7 40673.58 40576.47 40479.38 40382.3 40285.23 40188.18 40091.14 39994.13 39897.12 39800.13 39703.15 39606.19
45817.03 45719.25 45621.48 45523.73 45425.98 45328.25 45230.52 45132.8 45035.1 44937.4 44839.71 44742.04 44644.37 44546.72 44449.07 44351.44 44253.81 44156.2 44058.6 43961 43863.43 43765.86 43668.3 43570.75 43473.21 43375.68 43278.17 43180.67 43083.18 42985.7 42888.23 42790.77 42693.32 42595.89 42498.47 42401.06 42303.66 42206.28 42108.91 42011.55 41914.2 41816.86 41719.54 41622.23 41524.93 41427.65 41330.38 41233.12 41135.87 41038.64 40941.42 40844.21 40747.02 40649.85 40552.68 40455.53 40358.39 40261.27 40164.16 40067.07 39969.99 39872.92 39775.87 39678.84 39581.81
45796.18 45698.36 45600.55 45502.75 45404.96 45307.17 45209.4 45111.64 45013.89 44916.14 44818.41 44720.69 44622.98 44525.27 44427.58 44329.9 44232.23 44134.57 44036.92 43939.28 43841.65 43744.03 43646.42 43548.82 43451.24 43353.66 43256.1 43158.55 43061 42963.47 42865.95 42768.45 42670.95 42573.46 42475.99 42378.53 42281.08 42183.64 42086.22 41988.81 41891.41 41794.02 41696.64 41599.28 41501.93 41404.59 41307.26 41209.95 41112.65 41015.36 40918.09 40820.83 40723.58 40626.35 40529.13 40431.92 40334.72 40237.54 40140.38 40043.23 39946.09 39848.96 39751.86 39654.76 39557.68
45775.54 45677.68 45579.82 45481.97 45384.14 45286.31 45188.49 45090.69 44992.89 44895.1 44797.32 44699.55 44601.79 44504.04 44406.3 44308.58 44210.86 44113.15 44015.45 43917.77 43820.09 43722.42 43624.76 43527.12 43429.48 43331.86 43234.25 43136.64 43039.05 42941.47 42843.9 42746.34 42648.8 42551.26 42453.74 42356.23 42258.73 42161.24 42063.76 41966.3 41868.84 41771.4 41673.97 41576.55 41479.15 41381.76 41284.38 41187.01 41089.66 40992.32 40894.99 40797.67 40700.37 40603.08 40505.8 40408.54 40311.29 40214.05 40116.83 40019.62 39922.43 39825.24 39728.07 39630.92 39533.78
45755.11 45657.2 45559.3 45461.41 45363.53 45265.66 45167.8 45069.95 44972.1 44874.27 44776.45 44678.63 44580.82 44483.03 44385.25 44287.47 44189.7 44091.95 43994.2 43896.47 43798.75 43701.03 43603.32 43505.63 43407.95 43310.28 43212.61 43114.96 43017.32 42919.69 42822.07 42724.46 42626.87 42529.29 42431.71 42334.15 42236.59 42139.05 42041.53 41944.01 41846.5 41749.01 41651.53 41554.06 41456.61 41359.16 41261.73 41164.3 41066.9 40969.5 40872.12 40774.75 40677.39 40580.04 40482.71 40385.39 40288.09 40190.8 40093.52 39996.25 39899 39801.76 39704.54 39607.32 39510.13
45734.89 45636.94 45539 45441.06 45343.14 45245.22 45147.31 45049.42 44951.53 44853.65 44755.78 44657.92 44560.07 44462.23 44364.4 44266.58 44168.77 44070.96 43973.17 43875.39 43777.62 43679.86 43582.11 43484.36 43386.63 43288.91 43191.2 43093.5 42995.81 42898.14 42800.47 42702.81 42605.16 42507.53 42409.91 42312.29 42214.69 42117.1 42019.52 41921.95 41824.39 41726.85 41629.32 41531.8 41434.29 41336.79 41239.3 41141.83 41044.37 40946.92 40849.48 40752.05 40654.64 40557.24 40459.86 40362.48 40265.12 40167.77 40070.44 39973.12 39875.81 39778.51 39681.23 39583.96 39486.71
45714.88 45616.88 45518.9 45420.92 45322.95 45224.99 45127.04 45029.1 44931.17 44833.25 44735.33 44637.43 44539.53 44441.65 44343.77 44245.9 44148.05 44050.2 43952.36 43854.53 43756.71 43658.91 43561.11 43463.32 43365.54 43267.77 43170.01 43072.27 42974.53 42876.8 42779.08 42681.38 42583.68 42486 42388.32 42290.66 42193.01 42095.37 41997.74 41900.12 41802.51 41704.91 41607.33 41509.76 41412.2 41314.64 41217.11 41119.58 41022.07 40924.57 40827.07 40729.6 40632.13 40534.68 40437.23 40339.81 40242.39 40144.99 40047.6 39950.22 39852.86 39755.5 39658.16 39560.84 39463.53
45695.08 45597.04 45499.01 45400.99 45302.98 45204.98 45106.98 45009 44911.02 44813.05 44715.1 44617.15 44519.21 44421.28 44323.36 44225.45 44127.54 44029.65 43931.77 43833.89 43736.03 43638.17 43540.32 43442.49 43344.66 43246.85 43149.04 43051.25 42953.46 42855.69 42757.92 42660.17 42562.43 42464.69 42366.97 42269.26 42171.55 42073.86 41976.18 41878.52 41780.86 41683.21 41585.57 41487.95 41390.34 41292.73 41195.14 41097.57 41000 40902.45 40804.9 40707.37 40609.85 40512.34 40414.85 40317.37 40219.89 40122.44 40024.99 39927.56 39830.14 39732.73 39635.34 39537.96 39440.59
45675.48 45577.41 45479.34 45381.27 45283.22 45185.18 45087.14 44989.11 44891.09 44793.08 44695.08 44597.09 44499.1 44401.13 44303.16 44205.2 44107.25 44009.32 43911.39 43813.47 43715.56 43617.66 43519.77 43421.88 43324.01 43226.15 43128.3 43030.45 42932.62 42834.8 42736.98 42639.18 42541.39 42443.61 42345.84 42248.08 42150.33 42052.59 41954.86 41857.14 41759.43 41661.73 41564.05 41466.37 41368.71 41271.05 41173.41 41075.79 40978.16 40880.56 40782.96 40685.38 40587.8 40490.25 40392.7 40295.16 40197.64 40100.13 40002.63 39905.14 39807.66 39710.2 39612.75 39515.31 39417.89
45656.11 45557.98 45459.87 45361.77 45263.67 45165.59 45067.5 44969.43 44871.37 44773.32 44675.27 44577.24 44479.21 44381.19 44283.18 44185.18 44087.19 43989.2 43891.23 43793.27 43695.31 43597.36 43499.43 43401.5 43303.58 43205.67 43107.77 43009.88 42912 42814.13 42716.27 42618.42 42520.58 42422.75 42324.93 42227.13 42129.32 42031.54 41933.76 41835.99 41738.23 41640.48 41542.75 41445.02 41347.31 41249.61 41151.91 41054.23 40956.56 40858.9 40761.26 40663.62 40566 40468.38 40370.78 40273.19 40175.61 40078.05 39980.5 39882.95 39785.43 39687.91 39590.4 39492.91 39395.43
45636.94 45538.77 45440.62 45342.47 45244.34 45146.21 45048.09 44949.97 44851.87 44753.77 44655.68 44557.6 44459.53 44361.47 44263.42 44165.37 44067.34 43969.31 43871.29 43773.28 43675.28 43577.29 43479.3 43381.33 43283.37 43185.41 43087.47 42989.54 42891.61 42793.69 42695.79 42597.89 42500 42402.12 42304.25 42206.4 42108.55 42010.71 41912.89 41815.07 41717.26 41619.46 41521.68 41423.91 41326.14 41228.39 41130.64 41032.91 40935.19 40837.48 40739.79 40642.1 40544.42 40446.75 40349.1 40251.46 40153.83 40056.21 39958.61 39861.01 39763.43 39665.86 39568.3 39470.75 39373.21
45617.98 45519.78 45421.58 45323.39 45225.21 45127.04 45028.88 44930.72 44832.58 44734.44 44636.31 44538.19 44440.07 44341.96 44243.87 44145.78 44047.7 43949.63 43851.57 43753.52 43655.47 43557.43 43459.41 43361.39 43263.38 43165.38 43067.39 42969.41 42871.44 42773.47 42675.52 42577.58 42479.64 42381.72 42283.8 42185.9 42088 41990.12 41892.24 41794.38 41696.52 41598.68 41500.84 41403.02 41305.21 41207.4 41109.61 41011.83 40914.05 40816.3 40718.55 40620.81 40523.08 40425.36 40327.66 40229.96 40132.28 40034.61 39936.95 39839.3 39741.66 39644.04 39546.43 39448.83 39351.24
