InputData/dist_19.txt
ncols         222
nrows         252
xllcorner     556954.49680309
yllcorner     8200869.3568622
cellsize      100
NODATA_value  -9999
[rows 90 to 119 of 252, columns 0 to 67 of 222]
-9999 -9999 -9999 -9999 -9999 -9999 -9999 -9999 -9999 -9999 -9999 -9999 -9999 -9999 -9999 -9999 -9999 -9999 -9999 -9999 -9999 -9999 -9999 -9999 -9999 -9999 509.9019 608.2762 707.1068 806.2258 905.5385 1004.988 1104.536 1204.159 1303.84 1403.567 1503.33 1603.122 1702.939 1802.776 1902.63 2002.498 2102.38 2202.271 2302.173 2402.083 2501.999 2601.922 2701.851 2801.785 2901.724 3001.666 3101.613 3201.562 3301.515 3401.47 3501.428 3601.389 3701.351 3801.316 3901.282 4001.25 4101.219 4201.19 4301.163 4401.136 4501.111 4601.087
-9999 -9999 -9999 -9999 -9999 -9999 -9999 -9999 -9999 -9999 -9999 -9999 -9999 -9999 -9999 -9999 -9999 -9999 -9999 -9999 -9999 -9999 -9999 -9999 -9999 -9999 538.5165 632.4555 728.011 824.6212 921.9545 1019.804 1118.034 1216.552 1315.295 1414.214 1513.275 1612.452 1711.724 1811.077 1910.497 2009.975 2109.502 2209.072 2308.679 2408.319 2507.987 2607.681 2707.397 2807.134 2906.888 3006.659 3106.445 3206.244 3306.055 3405.877 3505.71 3605.551 3705.401 3805.26 3905.125 4004.997 4104.875 4204.759 4304.648 4404.543 4504.442 4604.346
-9999 -9999 -9999 -9999 -9999 -9999 -9999 -9999 -9999 -9999 -9999 -9999 -9999 -9999 -9999 -9999 -9999 -9999 -9999 -9999 -9999 -9999 -9999 -9999 -9999 -9999 583.0952 670.8204 761.5773 854.4004 948.6833 1044.031 1140.175 1236.932 1334.166 1431.782 1529.706 1627.882 1726.268 1824.829 1923.538 2022.375 2121.32 2220.36 2319.483 2418.677 2517.936 2617.25 2716.615 2816.026 2915.476 3014.963 3114.482 3214.032 3313.608 3413.21 3512.833 3612.478 3712.142 3811.824 3911.521 4011.234 4110.961 4210.701 4310.453 4410.215 4509.989 4609.772
-9999 -9999 -9999 -9999 -9999 -9999 -9999 -9999 -9999 -9999 -9999 -9999 -9999 -9999 -9999 -9999 -9999 -9999 -9999 -9999 -9999 -9999 -9999 -9999 -9999 -9999 600 700 800 894.4272 984.8858 1077.033 1170.47 1264.911 1360.147 1456.022 1552.417 1649.242 1746.425 1843.909 1941.649 2039.608 2137.756 2236.068 2334.523 2433.105 2531.798 2630.589 2729.469 2828.427 2927.456 3026.549 3125.7 3224.903 3324.154 3423.448 3522.783 3622.154 3721.559 3820.995 3920.459 4019.95 4119.466 4219.004 4318.564 4418.145 4517.743 4617.358
-9999 -9999 -9999 -9999 -9999 -9999 -9999 -9999 -9999 -9999 -9999 -9999 -9999 -9999 -9999 -9999 -9999 -9999 -9999 -9999 -9999 -9999 -9999 -9999 -9999 -9999 608.2762 707.1068 806.2258 905.5385 1004.988 1104.536 1204.159 1300 1392.839 1486.607 1581.139 1676.305 1772.005 1868.154 1964.688 2061.553 2158.703 2256.103 2353.72 2451.53 2549.51 2647.64 2745.906 2844.292 2942.788 3041.381 3140.064 3238.827 3337.664 3436.568 3535.534 3634.556 3733.631 3832.754 3931.921 4031.129 4130.375 4229.657 4328.972 4428.318 4527.692 4627.094
-9999 -9999 -9999 -9999 -9999 -9999 -9999 -9999 -9999 -9999 -9999 -9999 -9999 -9999 -9999 -9999 -9999 -9999 -9999 -9999 -9999 -9999 -9999 -9999 -9999 -9999 632.4555 728.011 824.6212 921.9545 1019.804 1118.034 1216.552 1315.295 1414.214 1513.275 1612.452 1708.801 1802.776 1897.367 1992.486 2088.061 2184.033 2280.351 2376.973 2473.863 2570.992 2668.333 2765.863 2863.564 2961.418 3059.412 3157.531 3255.764 3354.102 3452.535 3551.056 3649.657 3748.333 3847.077 3945.884 4044.75 4143.67 4242.641 4341.659 4440.721 4539.824 4638.965
-9999 -9999 -9999 -9999 -9999 -9999 -9999 -9999 -9999 -9999 -9999 -9999 -9999 -9999 -9999 -9999 -9999 -9999 -9999 -9999 -9999 -9999 -9999 -9999 -9999 -9999 670.8204 761.5773 854.4004 948.6833 1044.031 1140.175 1236.932 1334.166 1431.782 1529.706 1627.882 1726.268 1824.829 1923.538 2022.375 2118.962 2213.594 2308.679 2404.163 2500 2596.151 2692.583 2789.265 2886.174 2983.287 3080.584 3178.05 3275.668 3373.426 3471.311 3569.314 3667.424 3765.634 3863.936 3962.323 4060.788 4159.327 4257.934 4356.604 4455.334 4554.119 4652.956
-9999 -9999 -9999 -9999 -9999 -9999 -9999 -9999 -9999 -9999 -9999 -9999 -9999 -9999 -9999 -9999 -9999 -9999 -9999 -9999 -9999 -9999 -9999 -9999 -9999 -9999 -9999 806.2258 894.4272 984.8858 1077.033 1170.47 1264.911 1360.147 1456.022 1552.417 1649.242 1746.425 1843.909 1941.649 2039.608 2137.756 2236.068 2334.523 2433.105 2529.822 2624.881 2720.294 2816.026 2912.044 3008.322 3104.835 3201.562 3298.485 3395.585 3492.85 3590.265 3687.818 3785.499 3883.298 3981.206 4079.216 4177.32 4275.512 4373.786 4472.136 4570.558 4669.047
-9999 -9999 -9999 -9999 -9999 -9999 -9999 -9999 -9999 -9999 -9999 -9999 -9999 -9999 -9999 -9999 -9999 -9999 -9999 -9999 -9999 -9999 -9999 -9999 -9999 -9999 -9999 824.6212 921.9545 1019.804 1118.034 1208.305 1300 1392.839 1486.607 1581.139 1676.305 1772.005 1868.154 1964.688 2061.553 2158.703 2256.103 2353.72 2451.53 2549.51 2647.64 2745.906 2844.292 2941.088 3036.445 3132.092 3228.002 3324.154 3420.526 3517.101 3613.862 3710.795 3807.886 3905.125 4002.499 4100 4197.618 4295.346 4393.177 4491.103 4589.118 4687.217
-9999 -9999 -9999 -9999 -9999 -9999 -9999 -9999 -9999 -9999 -9999 -9999 -9999 -9999 -9999 -9999 -9999 -9999 -9999 -9999 -9999 -9999 -9999 -9999 -9999 -9999 -9999 854.4004 948.6833 1044.031 1140.175 1236.932 1334.166 1431.782 1523.155 1615.549 1708.801 1802.776 1897.367 1992.486 2088.061 2184.033 2280.351 2376.973 2473.863 2570.992 2668.333 2765.863 2863.564 2961.418 3059.412 3157.531 3255.764 3352.611 3448.188 3544.009 3640.055 3736.308 3832.754 3929.376 4026.164 4123.105 4220.189 4317.407 4414.748 4512.206 4609.772 4707.441
-9999 -9999 -9999 -9999 -9999 -9999 -9999 -9999 -9999 -9999 -9999 -9999 -9999 -9999 -9999 -9999 -9999 -9999 -9999 -9999 -9999 -9999 -9999 -9999 -9999 -9999 -9999 894.4272 984.8858 1077.033 1170.47 1264.911 1360.147 1456.022 1552.417 1649.242 1746.425 1838.478 1931.321 2024.846 2118.962 2213.594 2308.679 2404.163 2500 2596.151 2692.583 2789.265 2886.174 2983.287 3080.584 3178.05 3275.668 3373.426 3471.311 3569.314 3667.424 3764.306 3860.052 3956.008 4052.16 4148.494 4244.997 4341.659 4438.468 4535.416 4632.494 4729.693
-9999 -9999 -9999 -9999 -9999 -9999 -9999 -9999 -9999 -9999 -9999 -9999 -9999 -9999 -9999 -9999 -9999 -9999 -9999 -9999 -9999 -9999 -9999 -9999 -9999 -9999 -9999 905.5385 1004.988 1104.536 1204.159 1300 1392.839 1486.607 1581.139 1676.305 1772.005 1868.154 1964.688 2061.553 2154.066 2247.22 2340.94 2435.159 2529.822 2624.881 2720.294 2816.026 2912.044 3008.322 3104.835 3201.562 3298.485 3395.585 3492.85 3590.265 3687.818 3785.499 3883.298 3981.206 4079.216 4176.123 4272.002 4368.066 4464.303 4560.702 4657.252 4753.946
-9999 -9999 -9999 -9999 -9999 -9999 -9999 -9999 -9999 -9999 -9999 -9999 -9999 -9999 -9999 -9999 -9999 -9999 -9999 -9999 -9999 -9999 -9999 -9999 -9999 -9999 -9999 921.9545 1019.804 1118.034 1216.552 1315.295 1414.214 1513.275 1612.452 1708.801 1802.776 1897.367 1992.486 2088.061 2184.033 2280.351 2376.973 2469.818 2563.201 2657.066 2751.363 2846.05 2941.088 3036.445 3132.092 3228.002 3324.154 3420.526 3517.101 3613.862 3710.795 3807.886 3905.125 4002.499 4100 4197.618 4295.346 4393.177 4491.103 4588.028 4684.015 4780.167
-9999 -9999 -9999 -9999 -9999 -9999 -9999 -9999 -9999 -9999 -9999 -9999 -9999 -9999 -9999 -9999 -9999 -9999 -9999 -9999 -9999 -9999 -9999 -9999 -9999 -9999 -9999 948.6833 1044.031 1140.175 1236.932 1334.166 1431.782 1529.706 1627.882 1726.268 1824.829 1923.538 2022.375 2118.962 2213.594 2308.679 2404.163 2500 2596.151 2692.583 2785.678 2879.236 2973.214 3067.572 3162.278 3257.3 3352.611 3448.188 3544.009 3640.055 3736.308 3832.754 3929.376 4026.164 4123.105 4220.189 4317.407 4414.748 4512.206 4609.772 4707.441 4805.206
-9999 -9999 -9999 -9999 -9999 -9999 -9999 -9999 -9999 -9999 -9999 -9999 -9999 -9999 -9999 -9999 -9999 -9999 -9999 -9999 -9999 -9999 -9999 -9999 -9999 -9999 -9999 984.8858 1077.033 1170.47 1264.911 1360.147 1456.022 1552.417 1649.242 1746.425 1843.909 1941.649 2039.608 2137.756 2236.068 2334.523 2433.105 2529.822 2624.881 2720.294 2816.026 2912.044 3008.322 3101.613 3195.309 3289.377 3383.785 3478.505 3573.514 3668.787 3764.306 3860.052 3956.008 4052.16 4148.494 4244.997 4341.659 4438.468 4535.416 4632.494 4729.693 4827.007
-9999 -9999 -9999 -9999 -9999 -9999 -9999 -9999 -9999 -9999 -9999 -9999 -9999 -9999 -9999 -9999 -9999 -9999 -9999 -9999 -9999 -9999 -9999 -9999 -9999 -9999 -9999 -9999 1118.034 1208.305 1300 1392.839 1486.607 1581.139 1676.305 1772.005 1868.154 1964.688 2061.553 2158.703 2256.103 2353.72 2451.53 2549.51 2647.64 2745.906 2844.292 2941.088 3036.445 3132.092 3228.002 3324.154 3417.602 3511.41 3605.551 3700 3794.733 3889.73 3984.972 4080.441 4176.123 4272.002 4368.066 4464.303 4560.702 4657.252 4753.946 4850.773
-9999 -9999 -9999 -9999 -9999 -9999 -9999 -9999 -9999 -9999 -9999 -9999 -9999 -9999 -9999 -9999 -9999 -9999 -9999 -9999 -9999 -9999 -9999 -9999 -9999 -9999 -9999 -9999 1140.175 1236.932 1334.166 1431.782 1523.155 1615.549 1708.801 1802.776 1897.367 1992.486 2088.061 2184.033 2280.351 2376.973 2473.863 2570.992 2668.333 2765.863 2863.564 2961.418 3059.412 3157.531 3255.764 3352.611 3448.188 3544.009 3640.055 3733.631 3827.532 3921.734 4016.217 4110.961 4205.948 4301.163 4396.589 4492.215 4588.028 4684.015 4780.167 4876.474
-9999 -9999 -9999 -9999 -9999 -9999 -9999 -9999 -9999 -9999 -9999 -9999 -9999 -9999 -9999 -9999 -9999 -9999 -9999 -9999 -9999 -9999 -9999 -9999 -9999 -9999 -9999 -9999 1170.47 1264.911 1360.147 1456.022 1552.417 1649.242 1746.425 1838.478 1931.321 2024.846 2118.962 2213.594 2308.679 2404.163 2500 2596.151 2692.583 2789.265 2886.174 2983.287 3080.584 3178.05 3275.668 3373.426 3471.311 3569.314 3667.424 3765.634 3862.642 3956.008 4049.691 4143.67 4237.924 4332.436 4427.189 4522.167 4617.358 4712.749 4808.326 4904.08
-9999 -9999 -9999 -9999 -9999 -9999 -9999 -9999 -9999 -9999 -9999 -9999 -9999 -9999 -9999 -9999 -9999 -9999 -9999 -9999 -9999 -9999 -9999 -9999 -9999 -9999 -9999 -9999 1208.305 1300 1392.839 1486.607 1581.139 1676.305 1772.005 1868.154 1964.688 2061.553 2154.066 2247.22 2340.94 2435.159 2529.822 2624.881 2720.294 2816.026 2912.044 3008.322 3104.835 3201.562 3298.485 3395.585 3492.85 3590.265 3687.818 3785.499 3883.298 3981.206 4079.216 4177.32 4272.002 4365.776 4459.821 4554.119 4648.656 4743.417 4838.388 4933.559
-9999 -9999 -9999 -9999 -9999 -9999 -9999 -9999 -9999 -9999 -9999 -9999 -9999 -9999 -9999 -9999 -9999 -9999 -9999 -9999 -9999 -9999 -9999 -9999 -9999 -9999 -9999 -9999 1252.996 1341.641 1431.782 1523.155 1615.549 1708.801 1802.776 1897.367 1992.486 2088.061 2184.033 2280.351 2376.973 2469.818 2563.201 2657.066 2751.363 2846.05 2941.088 3036.445 3132.092 3228.002 3324.154 3420.526 3517.101 3613.862 3710.795 3807.886 3905.125 4002.499 4100 4197.618 4295.346 4393.177 4491.103 4588.028 4681.88 4775.981 4870.318 4964.876
-9999 -9999 -9999 -9999 -9999 -9999 -9999 -9999 -9999 -9999 -9999 -9999 -9999 -9999 -9999 -9999 -9999 -9999 -9999 -9999 -9999 -9999 -9999 -9999 -9999 -9999 -9999 -9999 1300 1389.244 1476.482 1565.248 1655.295 1746.425 1838.478 1931.321 2024.846 2118.962 2213.594 2308.679 2404.163 2500 2596.151 2692.583 2785.678 2879.236 2973.214 3067.572 3162.278 3257.3 3352.611 3448.188 3544.009 3640.055 3736.308 3832.754 3929.376 4026.164 4123.105 4220.189 4317.407 4414.748 4512.206 4609.772 4707.441 4805.206 4903.06 4998
-9999 -9999 -9999 -9999 -9999 -9999 -9999 -9999 -9999 -9999 -9999 -9999 -9999 -9999 -9999 -9999 -9999 -9999 -9999 -9999 -9999 -9999 -9999 -9999 -9999 -9999 -9999 1252.996 1341.641 1431.782 1523.155 1612.452 1700 1788.854 1878.829 1969.772 2061.553 2154.066 2247.22 2340.94 2435.159 2529.822 2624.881 2720.294 2816.026 2912.044 3008.322 3101.613 3195.309 3289.377 3383.785 3478.505 3573.514 3668.787 3764.306 3860.052 3956.008 4052.16 4148.494 4244.997 4341.659 4438.468 4535.416 4632.494 4729.693 4827.007 4924.429 5021.952
-9999 -9999 -9999 -9999 -9999 -9999 -9999 -9999 -9999 -9999 -9999 -9999 -9999 -9999 -9999 -9999 -9999 -9999 -9999 -9999 -9999 -9999 -9999 -9999 -9999 -9999 1208.305 1300 1389.244 1476.482 1565.248 1655.295 1746.425 1835.756 1923.538 2012.461 2102.38 2193.171 2284.732 2376.973 2469.818 2563.201 2657.066 2751.363 2846.05 2941.088 3036.445 3132.092 3228.002 3324.154 3417.602 3511.41 3605.551 3700 3794.733 3889.73 3984.972 4080.441 4176.123 4272.002 4368.066 4464.303 4560.702 4657.252 4753.946 4850.773 4947.727 5044.799
-9999 -9999 -9999 -9999 -9999 -9999 -9999 -9999 -9999 -9999 -9999 -9999 -9999 -9999 -9999 -9999 -9999 -9999 -9999 -9999 -9999 -9999 -9999 -9999 -9999 -9999 1252.996 1341.641 1431.782 1523.155 1612.452 1700 1788.854 1878.829 1969.772 2059.126 2147.091 2236.068 2325.941 2416.609 2507.987 2600 2692.583 2785.678 2879.236 2973.214 3067.572 3162.278 3257.3 3352.611 3448.188 3544.009 3640.055 3733.631 3827.532 3921.734 4016.217 4110.961 4205.948 4301.163 4396.589 4492.215 4588.028 4684.015 4780.167 4876.474 4972.927 5069.517
-9999 -9999 -9999 -9999 -9999 -9999 -9999 -9999 -9999 -9999 -9999 -9999 -9999 -9999 -9999 -9999 -9999 -9999 -9999 -9999 -9999 -9999 -9999 -9999 -9999 1220.656 1303.84 1389.244 1476.482 1565.248 1655.295 1746.425 1835.756 1923.538 2012.461 2102.38 2193.171 2282.542 2370.654 2459.675 2549.51 2640.076 2731.3 2823.119 2915.476 3008.322 3101.613 3195.309 3289.377 3383.785 3478.505 3573.514 3668.787 3764.306 3860.052 3956.008 4049.691 4143.67 4237.924 4332.436 4427.189 4522.167 4617.358 4712.749 4808.326 4904.08 5000 5096.077
-9999 -9999 -9999 -9999 -9999 -9999 -9999 -9999 -9999 -9999 -9999 -9999 -9999 -9999 -9999 -9999 -9999 -9999 -9999 -9999 -9999 -9999 -9999 -9999 1204.159 1280.625 1360.147 1442.22 1526.434 1612.452 1700 1788.854 1878.829 1969.772 2059.126 2147.091 2236.068 2325.941 2416.609 2505.993 2594.224 2683.281 2773.085 2863.564 2954.657 3046.309 3138.471 3231.099 3324.154 3417.602 3511.41 3605.551 3700 3794.733 3889.73 3984.972 4080.441 4176.123 4272.002 4365.776 4459.821 4554.119 4648.656 4743.417 4838.388 4933.559 5028.917 5124.451
-9999 -9999 -9999 -9999 -9999 -9999 -9999 -9999 -9999 -9999 -9999 -9999 -9999 -9999 -9999 -9999 -9999 -9999 -9999 -9999 -9999 -9999 -9999 -9999 1252.996 1341.641 1421.267 1500 1581.139 1664.332 1749.286 1835.756 1923.538 2012.461 2102.38 2193.171 2282.542 2370.654 2459.675 2549.51 2640.076 2729.469 2817.801 2906.888 2996.665 3087.07 3178.05 3269.557 3361.547 3453.983 3546.83 3640.055 3733.631 3827.532 3921.734 4016.217 4110.961 4205.948 4301.163 4396.589 4492.215 4588.028 4681.88 4775.981 4870.318 4964.876 5059.644 5154.609
-9999 -9999 -9999 -9999 -9999 -9999 -9999 -9999 -9999 -9999 -9999 -9999 -9999 -9999 -9999 -9999 -9999 -9999 -9999 -9999 -9999 -9999 -9999 1220.656 1303.84 1389.244 1476.482 1562.05 1640.122 1720.465 1802.776 1886.796 1972.308 2059.126 2147.091 2236.068 2325.941 2416.609 2505.993 2594.224 2683.281 2773.085 2863.564 2952.965 3041.381 3130.495 3220.249 3310.589 3401.47 3492.85 3584.69 3676.955 3769.615 3862.642 3956.008 4049.691 4143.67 4237.924 4332.436 4427.189 4522.167 4617.358 4712.749 4808.326 4904.08 4998 5092.151 5186.521
-9999 -9999 -9999 -9999 -9999 -9999 -9999 -9999 -9999 -9999 -9999 -9999 -9999 -9999 -9999 -9999 -9999 -9999 -9999 -9999 -9999 -9999 1204.159 1280.625 1360.147 1442.22 1526.434 1612.452 1700 1780.449 1860.108 1941.649 2024.846 2109.502 2195.45 2282.542 2370.654 2459.675 2549.51 2640.076 2729.469 2817.801 2906.888 2996.665 3087.07 3176.476 3264.966 3354.102 3443.835 3534.119 3624.914 3716.181 3807.886 3900 3992.493 4085.34 4178.517 4272.002 4365.776 4459.821 4554.119 4648.656 4743.417 4838.388 4933.559 5028.917 5124.451 5220.153
-9999 -9999 -9999 -9999 -9999 -9999 -9999 -9999 -9999 -9999 -9999 -9999 -9999 -9999 -9999 -9999 -9999 -9999 -9999 -9999 -9999 -9999 1272.792 1345.362 1421.267 1500 1581.139 1664.332 1749.286 1835.756 1920.937 2000 2080.865 2163.331 2247.22 2332.381 2418.677 2505.993 2594.224 2683.281 2773.085 2863.564 2952.965 3041.381 3130.495 3220.249 3310.589 3400 3488.553 3577.709 3667.424 3757.659 3848.376 3939.543 4031.129 4123.105 4215.448 4308.132 4401.136 4494.441 4588.028 4681.88 4775.981 4870.318 4964.876 5059.644 5154.609 5249.762
