InputData/dist_1.txt
ncols         190
nrows         450
xllcorner     516647.11496389
yllcorner     8216953.5157388
cellsize      100
NODATA_value  -9999
[rows 290 to 318 of 450, columns 67 to 133 of 190]
37088 36992.03 36896.07 36800.14 36704.22 36608.33 36512.46 36416.62 36320.79 36224.99 36129.21 36033.46 35937.72 35842.02 35746.33 35650.67 35555.03 35459.41 35363.82 35268.26 35172.71 35077.2 34981.71 34886.24 34790.8 34695.39 34600 34504.64 34409.3 34313.99 34218.71 34123.45 34028.22 33933.02 33837.85 33742.7 33647.59 33552.5 33457.44 33362.4 33267.4 33172.43 33077.48 32982.57 32887.69 32792.84 32698.01 32603.22 32508.46 -9999 -9999 -9999 -9999 -9999 -9999 -9999 -9999 -9999 -9999 -9999 -9999 -9999 -9999 -9999 -9999 -9999 -9999
37060.09 36964.04 36868.01 36772 36676.02 36580.05 36484.11 36388.18 36292.29 36196.41 36100.55 36004.72 35908.91 35813.13 35717.36 35621.62 35525.91 35430.21 35334.54 35238.9 35143.28 35047.68 34952.11 34856.56 34761.04 34665.54 34570.07 34474.63 34379.21 34283.82 34188.45 34093.11 33997.79 33902.51 33807.25 33712.02 33616.81 33521.64 33426.49 33331.37 33236.27 33141.21 33046.18 32951.18 32856.2 32761.26 32666.34 32571.46 32476.61 -9999 -9999 -9999 -9999 -9999 -9999 -9999 -9999 -9999 -9999 -9999 -9999 -9999 -9999 -9999 -9999 -9999 -9999
37032.42 36936.3 36840.2 36744.11 36648.05 36552.02 36456 36360 36264.03 36168.08 36072.15 35976.24 35880.36 35784.49 35688.65 35592.84 35497.04 35401.27 35305.52 35209.8 35114.1 35018.42 34922.77 34827.14 34731.54 34635.96 34540.41 34444.88 34349.38 34253.91 34158.45 34063.03 33967.63 33872.26 33776.91 33681.6 33586.31 33491.04 33395.81 33300.6 33205.42 33110.27 33015.15 32920.05 32824.99 32729.96 32634.95 32539.97 32445.03 -9999 -9999 -9999 -9999 -9999 -9999 -9999 -9999 -9999 -9999 -9999 -9999 -9999 -9999 -9999 -9999 -9999 -9999
37005 36908.8 36812.63 36716.48 36620.35 36524.24 36428.15 36332.08 36236.03 36140 36044 35948.02 35852.06 35756.12 35660.2 35564.31 35468.44 35372.59 35276.76 35180.96 35085.18 34989.43 34893.7 34797.99 34702.3 34606.65 34511.01 34415.4 34319.82 34224.26 34128.73 34033.22 33937.74 33842.28 33746.85 33651.45 33556.07 33460.72 33365.4 33270.11 33174.84 33079.6 32984.39 32889.21 32794.05 32698.93 32603.83 32508.77 -9999 -9999 -9999 -9999 -9999 -9999 -9999 -9999 -9999 -9999 -9999 -9999 -9999 -9999 -9999 -9999 -9999 -9999 -9999
36977.83 36881.57 36785.32 36689.1 36592.89 36496.71 36400.55 36304.41 36208.29 36112.19 36016.11 35920.05 35824.02 35728 35632.01 35536.04 35440.09 35344.16 35248.26 35152.38 35056.53 34960.69 34864.88 34769.09 34673.33 34577.59 34481.88 34386.19 34290.52 34194.88 34099.27 34003.68 33908.11 33812.57 33717.06 33621.57 33526.11 33430.68 33335.27 33239.89 33144.53 33049.21 32953.91 32858.64 32763.39 32668.18 32572.99 32477.84 -9999 -9999 -9999 -9999 -9999 -9999 -9999 -9999 -9999 -9999 -9999 -9999 -9999 -9999 -9999 -9999 -9999 -9999 -9999
36950.91 36854.58 36758.27 36661.97 36565.7 36469.44 36373.2 36276.99 36180.8 36084.62 35988.47 35892.34 35796.23 35700.14 35604.07 35508.03 35412 35316 35220.02 35124.07 35028.13 34932.22 34836.33 34740.46 34644.63 34548.8 34453.01 34357.24 34261.5 34165.77 34070.07 33974.4 33878.75 33783.13 33687.54 33591.96 33496.42 33400.9 33305.41 33209.94 33114.5 33019.09 32923.7 32828.34 32733.01 32637.71 32542.43 32447.19 -9999 -9999 -9999 -9999 -9999 -9999 -9999 -9999 -9999 -9999 -9999 -9999 -9999 -9999 -9999 -9999 -9999 -9999 -9999
36924.25 36827.84 36731.46 36635.09 36538.75 36442.42 36346.11 36249.83 36153.56 36057.32 35961.09 35864.89 35768.7 35672.54 35576.4 35480.28 35384.18 35288.1 35192.04 35096.01 35000 34904.01 34808.05 34712.1 34616.18 34520.29 34424.41 34328.56 34232.73 34136.93 34041.15 33945.4 33849.67 33753.96 33658.28 33562.63 33467 33371.39 33275.82 33180.27 33084.74 32989.24 32893.77 32798.32 32702.9 32607.51 32512.15 32416.82 -9999 -9999 -9999 -9999 -9999 -9999 -9999 -9999 -9999 -9999 -9999 -9999 -9999 -9999 -9999 -9999 -9999 -9999 -9999
36897.83 36801.36 36704.91 36608.47 36512.05 36415.66 36319.28 36222.92 36126.58 36030.27 35933.97 35837.69 35741.43 35645.2 35548.98 35452.79 35356.61 35260.46 35164.33 35068.22 34972.13 34876.07 34780.02 34684 34588 34492.03 34396.07 34300.14 34204.24 34108.36 34012.5 33916.66 33820.85 33725.07 33629.3 33533.57 33437.85 33342.16 33246.5 33150.87 33055.26 32959.67 32864.11 32768.58 32673.08 32577.6 32482.15 32386.73 -9999 -9999 -9999 -9999 -9999 -9999 -9999 -9999 -9999 -9999 -9999 -9999 -9999 -9999 -9999 -9999 -9999 -9999 -9999
36871.67 36775.13 36678.61 36582.1 36485.61 36389.15 36292.7 36196.27 36099.86 36003.47 35907.1 35810.75 35714.42 35618.11 35521.82 35425.55 35329.31 35233.08 35136.88 35040.69 34944.53 34848.39 34752.27 34656.17 34560.09 34464.04 34368.01 34272 34176.02 34080.05 33984.11 33888.2 33792.31 33696.44 33600.59 33504.78 33408.98 33313.21 33217.46 33121.75 33026.05 32930.38 32834.74 32739.12 32643.53 32547.96 32452.43 32356.92 -9999 -9999 -9999 -9999 -9999 -9999 -9999 -9999 -9999 -9999 -9999 -9999 -9999 -9999 -9999 -9999 -9999 -9999 -9999
36845.76 36749.15 36652.56 36555.98 36459.43 36362.89 36266.38 36169.88 36073.4 35976.94 35880.5 35784.07 35687.67 35591.29 35494.93 35398.59 35302.27 35205.96 35109.68 35013.43 34917.19 34820.97 34724.77 34628.6 34532.45 34436.32 34340.21 34244.13 34148.06 34052.02 33956 33860.01 33764.04 33668.09 33572.16 33476.26 33380.38 33284.53 33188.7 33092.9 32997.12 32901.37 32805.64 32709.94 32614.26 32518.61 32422.99 32327.39 -9999 -9999 -9999 -9999 -9999 -9999 -9999 -9999 -9999 -9999 -9999 -9999 -9999 -9999 -9999 -9999 -9999 -9999 -9999
36820.1 36723.43 36626.77 36530.13 36433.5 36336.89 36240.31 36143.74 36047.19 35950.66 35854.15 35757.66 35661.18 35564.73 35468.3 35371.88 35275.49 35179.11 35082.76 34986.43 34890.11 34793.82 34697.55 34601.3 34505.07 34408.86 34312.68 34216.52 34120.38 34024.26 33928.16 33832.09 33736.04 33640.01 33544 33448.02 33352.06 33256.13 33160.22 33064.33 32968.47 32872.63 32776.82 32681.04 32585.27 32489.54 32393.83 32298.14 -9999 -9999 -9999 -9999 -9999 -9999 -9999 -9999 -9999 -9999 -9999 -9999 -9999 -9999 -9999 -9999 -9999 -9999 -9999
36794.7 36697.96 36601.23 36504.52 36407.83 36311.16 36214.5 36117.86 36021.24 35924.64 35828.06 35731.5 35634.95 35538.43 35441.93 35345.44 35248.97 35152.52 35056.1 34959.69 34863.3 34766.94 34670.59 34574.27 34477.96 34381.68 34285.42 34189.18 34092.96 33996.77 33900.59 33804.44 33708.31 33612.2 33516.12 33420.05 33324.02 33228 33132.01 33036.04 32940.1 32844.18 32748.28 32652.41 32556.57 32460.75 32364.95 32269.18 -9999 -9999 -9999 -9999 -9999 -9999 -9999 -9999 -9999 -9999 -9999 -9999 -9999 -9999 -9999 -9999 -9999 -9999 -9999
36769.55 36672.74 36575.95 36479.17 36382.41 36285.67 36188.95 36092.24 35995.55 35898.89 35802.23 35705.6 35608.99 35512.39 35415.82 35319.26 35222.72 35126.2 35029.7 34933.22 34836.76 34740.32 34643.9 34547.5 34451.13 34354.77 34258.43 34162.11 34065.82 33969.55 33873.29 33777.06 33680.86 33584.67 33488.5 33392.36 33296.25 33200.15 33104.08 33008.03 32912 32816 32720.03 32624.07 32528.14 32432.24 32336.36 32240.5 -9999 -9999 -9999 -9999 -9999 -9999 -9999 -9999 -9999 -9999 -9999 -9999 -9999 -9999 -9999 -9999 -9999 -9999 -9999
36744.66 36647.78 36550.92 36454.08 36357.25 36260.45 36163.66 36066.88 35970.13 35873.39 35776.67 35679.96 35583.28 35486.62 35389.97 35293.34 35196.73 35100.14 35003.57 34907.02 34810.49 34713.97 34617.48 34521.01 34424.55 34328.12 34231.71 34135.32 34038.95 33942.6 33846.27 33749.96 33653.68 33557.41 33461.17 33364.95 33268.75 33172.58 33076.43 32980.3 32884.19 32788.11 32692.05 32596.01 32500 32404.01 32308.05 32212.11 -9999 -9999 -9999 -9999 -9999 -9999 -9999 -9999 -9999 -9999 -9999 -9999 -9999 -9999 -9999 -9999 -9999 -9999 -9999
36720.02 36623.08 36526.16 36429.25 36332.36 36235.48 36138.62 36041.78 35944.96 35848.15 35751.36 35654.59 35557.84 35461.11 35364.39 35267.69 35171.01 35074.35 34977.71 34881.08 34784.48 34687.89 34591.33 34494.78 34398.25 34301.75 34205.26 34108.8 34012.35 33915.93 33819.52 33723.14 33626.77 33530.43 33434.11 33337.82 33241.54 33145.29 33049.05 32952.84 32856.66 32760.49 32664.35 32568.24 32472.14 32376.07 32280.03 32184 -9999 -9999 -9999 -9999 -9999 -9999 -9999 -9999 -9999 -9999 -9999 -9999 -9999 -9999 -9999 -9999 -9999 -9999 -9999
36695.64 36598.63 36501.64 36404.67 36307.71 36210.77 36113.85 36016.94 35920.05 35823.18 35726.32 35629.48 35532.66 35435.86 35339.07 35242.3 35145.55 35048.82 34952.11 34855.41 34758.74 34662.08 34565.45 34468.83 34372.23 34275.65 34179.09 34082.55 33986.03 33889.53 33793.05 33696.59 33600.15 33503.73 33407.34 33310.96 33214.61 33118.27 33021.96 32925.68 32829.41 32733.16 32636.94 32540.74 32444.57 32348.42 32252.29 32156.18 32060.1 -9999 -9999 -9999 -9999 -9999 -9999 -9999 -9999 -9999 -9999 -9999 -9999 -9999 -9999 -9999 -9999 -9999 -9999
36671.52 36574.45 36477.39 36380.35 36283.33 36186.32 36089.33 35992.36 35895.4 35798.46 35701.54 35604.63 35507.75 35410.88 35314.02 35217.18 35120.36 35023.56 34926.78 34830.02 34733.27 34636.54 34539.83 34443.14 34346.47 34249.82 34153.18 34056.57 33959.98 33863.4 33766.85 33670.31 33573.8 33477.3 33380.83 33284.38 33187.95 33091.54 32995.15 32898.79 32802.44 32706.12 32609.81 32513.54 32417.28 32321.04 32224.84 32128.65 32032.48 -9999 -9999 -9999 -9999 -9999 -9999 -9999 -9999 -9999 -9999 -9999 -9999 -9999 -9999 -9999 -9999 -9999 -9999
36647.65 36550.51 36453.39 36356.29 36259.21 36162.14 36065.08 35968.04 35871.02 35774.01 35677.02 35580.05 35483.09 35386.16 35289.23 35192.33 35095.44 34998.57 34901.72 34804.88 34708.07 34611.27 34514.49 34417.73 34320.98 34224.26 34127.55 34030.87 33934.2 33837.55 33740.93 33644.32 33547.73 33451.16 33354.61 33258.08 33161.57 33065.09 32968.62 32872.18 32775.75 32679.35 32582.97 32486.61 32390.28 32293.96 32197.67 32101.4 32005.16 -9999 -9999 -9999 -9999 -9999 -9999 -9999 -9999 -9999 -9999 -9999 -9999 -9999 -9999 -9999 -9999 -9999 -9999
36624.04 36526.84 36429.66 36332.49 36235.34 36138.21 36041.09 35943.98 35846.9 35749.82 35652.77 35555.73 35458.71 35361.7 35264.71 35167.74 35070.79 34973.85 34876.93 34780.02 34683.14 34586.27 34489.42 34392.59 34295.77 34198.98 34102.2 34005.44 33908.7 33811.98 33715.28 33618.6 33521.93 33425.29 33328.67 33232.06 33135.48 33038.92 32942.38 32845.85 32749.35 32652.87 32556.41 32459.97 32363.56 32267.17 32170.79 32074.45 31978.12 -9999 -9999 -9999 -9999 -9999 -9999 -9999 -9999 -9999 -9999 -9999 -9999 -9999 -9999 -9999 -9999 -9999 -9999
36600.68 36503.43 36406.18 36308.95 36211.74 36114.54 36017.36 35920.19 35823.04 35725.9 35628.78 35531.68 35434.59 35337.52 35240.46 35143.42 35046.4 34949.39 34852.4 34755.43 34658.48 34561.54 34464.62 34367.72 34270.83 34173.96 34077.12 33980.29 33883.48 33786.68 33689.91 33593.15 33496.42 33399.7 33303 33206.32 33109.67 33013.03 32916.41 32819.81 32723.23 32626.68 32530.14 32433.63 32337.13 32240.66 32144.21 32047.78 -9999 -9999 -9999 -9999 -9999 -9999 -9999 -9999 -9999 -9999 -9999 -9999 -9999 -9999 -9999 -9999 -9999 -9999 -9999
36577.59 36480.27 36382.96 36285.67 36188.39 36091.13 35993.89 35896.66 35799.44 35702.24 35605.05 35507.89 35410.73 35313.59 35216.47 35119.37 35022.28 34925.21 34828.15 34731.11 34634.09 34537.08 34440.09 34343.12 34246.17 34149.23 34052.31 33955.41 33858.53 33761.66 33664.82 33567.99 33471.18 33374.39 33277.62 33180.87 33084.14 32987.42 32890.73 32794.05 32697.4 32600.77 32504.15 32407.56 32310.99 32214.44 32117.91 32021.4 -9999 -9999 -9999 -9999 -9999 -9999 -9999 -9999 -9999 -9999 -9999 -9999 -9999 -9999 -9999 -9999 -9999 -9999 -9999
36554.75 36457.37 36360 36262.65 36165.32 36067.99 35970.68 35873.39 35776.11 35678.84 35581.6 35484.36 35387.14 35289.94 35192.75 35095.58 34998.43 34901.29 34804.17 34707.06 34609.97 34512.89 34415.84 34318.8 34221.78 34124.77 34027.78 33930.81 33833.86 33736.92 33640.01 33543.11 33446.23 33349.36 33252.52 33155.69 33058.89 32962.1 32865.33 32768.58 32671.85 32575.14 32478.46 32381.79 32285.14 32188.51 32091.9 -9999 -9999 -9999 -9999 -9999 -9999 -9999 -9999 -9999 -9999 -9999 -9999 -9999 -9999 -9999 -9999 -9999 -9999 -9999 -9999
36532.18 36434.73 36337.31 36239.89 36142.5 36045.11 35947.74 35850.38 35753.04 35655.71 35558.4 35461.11 35363.82 35266.55 35169.3 35072.07 34974.85 34877.64 34780.45 34683.28 34586.13 34488.98 34391.86 34294.75 34197.66 34100.59 34003.53 33906.49 33809.46 33712.46 33615.47 33518.5 33421.55 33324.62 33227.7 33130.8 33033.92 32937.06 32840.22 32743.4 32646.59 32549.81 32453.04 32356.3 32259.57 32162.87 32066.18 -9999 -9999 -9999 -9999 -9999 -9999 -9999 -9999 -9999 -9999 -9999 -9999 -9999 -9999 -9999 -9999 -9999 -9999 -9999 -9999
36509.86 36412.36 36314.87 36217.4 36119.94 36022.49 35925.06 35827.64 35730.24 35632.85 35535.48 35438.11 35340.77 35243.44 35146.13 35048.82 34951.54 34854.27 34757.02 34659.77 34562.55 34465.34 34368.15 34270.98 34173.82 34076.68 33979.55 33882.45 33785.35 33688.28 33591.22 33494.18 33397.16 33300.15 33203.16 33106.19 33009.24 32912.31 32815.39 32718.5 32621.62 32524.76 32427.92 32331.1 32234.3 32137.52 -9999 -9999 -9999 -9999 -9999 -9999 -9999 -9999 -9999 -9999 -9999 -9999 -9999 -9999 -9999 -9999 -9999 -9999 -9999 -9999 -9999
36487.8 36390.25 36292.7 36195.16 36097.64 36000.14 35902.64 35805.17 35707.7 35610.25 35512.82 35415.39 35317.98 35220.59 35123.21 35025.85 34928.5 34831.16 34733.84 34636.54 34539.25 34441.98 34344.72 34247.48 34150.26 34053.05 33955.86 33858.68 33761.52 33664.37 33567.25 33470.14 33373.04 33275.97 33178.91 33081.87 32984.84 32887.84 32790.85 32693.88 32596.93 32500 32403.09 32306.19 32209.31 32112.46 -9999 -9999 -9999 -9999 -9999 -9999 -9999 -9999 -9999 -9999 -9999 -9999 -9999 -9999 -9999 -9999 -9999 -9999 -9999 -9999 -9999
36466.01 36368.39 36270.79 36173.2 36075.61 35978.05 35880.5 35782.96 35685.43 35587.92 35490.42 35392.94 35295.47 35198.01 35100.57 35003.14 34905.73 34808.33 34710.95 34613.58 34516.23 34418.89 34321.57 34224.26 34126.97 34029.69 33932.43 33835.19 33737.96 33640.75 33543.55 33446.38 33349.21 33252.07 33154.94 33057.83 32960.73 32863.66 32766.6 32669.56 32572.54 32475.53 32378.54 32281.57 32184.62 -9999 -9999 -9999 -9999 -9999 -9999 -9999 -9999 -9999 -9999 -9999 -9999 -9999 -9999 -9999 -9999 -9999 -9999 -9999 -9999 -9999 -9999
36444.48 36346.8 36249.14 36151.49 36053.85 35956.22 35858.61 35761.01 35663.43 35565.86 35468.3 35370.75 35273.22 35175.7 35078.2 34980.71 34883.23 34785.77 34688.33 34590.89 34493.48 34396.07 34298.69 34201.32 34103.96 34006.62 33909.29 33811.98 33714.68 33617.41 33520.14 33422.89 33325.66 33228.45 33131.25 33034.07 32936.91 32839.76 32742.63 32645.52 32548.43 32451.35 32354.29 32257.25 32160.22 -9999 -9999 -9999 -9999 -9999 -9999 -9999 -9999 -9999 -9999 -9999 -9999 -9999 -9999 -9999 -9999 -9999 -9999 -9999 -9999 -9999 -9999
36423.21 36325.47 36227.75 36130.04 36032.35 35934.66 35836.99 35739.34 35641.69 35544.06 35446.44 35348.83 35251.24 35153.66 35056.1 34958.55 34861.01 34763.49 34665.98 34568.48 34471 34373.54 34276.09 34178.65 34081.23 33983.82 33886.43 33789.05 33691.69 33594.34 33497.02 33399.7 33302.4 33205.12 33107.86 33010.61 32913.37 32816.16 32718.96 32621.77 32524.61 32427.46 32330.33 32233.21 32136.12 -9999 -9999 -9999 -9999 -9999 -9999 -9999 -9999 -9999 -9999 -9999 -9999 -9999 -9999 -9999 -9999 -9999 -9999 -9999 -9999 -9999 -9999
36402.2 36304.41 36206.63 36108.86 36011.11 35913.37 35815.64 35717.92 35620.22 35522.53 35424.85 35327.18 35229.53 35131.89 35034.27 34936.66 34839.06 34741.47 34643.9 34546.34 34448.8 34351.27 34253.76 34156.26 34058.77 33961.3 33863.84 33766.4 33668.98 33571.57 33474.17 33376.79 33279.42 33182.07 33084.74 32987.42 32890.12 32792.84 32695.57 32598.31 32501.08 32403.86 32306.66 32209.47 -9999 -9999 -9999 -9999 -9999 -9999 -9999 -9999 -9999 -9999 -9999 -9999 -9999 -9999 -9999 -9999 -9999 -9999 -9999 -9999 -9999 -9999 -9999
