InputData/dist_10.txt
ncols         171
nrows         156
xllcorner     543593.6397747
yllcorner     8187016.3599737
cellsize      100
NODATA_value  -9999
[rows 64 to 95 of 156, columns 0 to 71 of 171]
-9999 -9999 -9999 -9999 -9999 -9999 -9999 -9999 -9999 -9999 -9999 -9999 -9999 -9999 -9999 -9999 -9999 -9999 -9999 -9999 -9999 -9999 -9999 -9999 -9999 -9999 -9999 -9999 -9999 -9999 -9999 -9999 -9999 5126.402 5032.892 4939.636 4846.648 4753.946 4661.545 4569.464 4477.723 4386.342 4295.346 4204.759 4114.608 4024.922 3935.734 3847.077 3757.659 3667.424 3577.709 3488.553 3400 3312.099 3224.903 3138.471 3052.867 2968.164 2884.441 2801.785 2720.294 2640.076 2549.51 2459.675 2370.654 2280.351 2184.033 2088.061 1992.486 1897.367 1802.776 1708.801
-9999 -9999 -9999 -9999 -9999 -9999 -9999 -9999 -9999 -9999 -9999 -9999 -9999 -9999 -9999 -9999 -9999 -9999 -9999 -9999 -9999 -9999 -9999 -9999 -9999 -9999 -9999 -9999 -9999 -9999 -9999 -9999 -9999 5162.364 5069.517 4976.947 4884.67 4792.703 4701.063 4609.772 4518.85 4428.318 4338.203 4248.529 4159.327 4070.626 3981.206 3891.015 3801.316 3712.142 3623.534 3535.534 3448.188 3361.547 3275.668 3190.611 3106.445 3023.243 2941.088 2860.07 2773.085 2683.281 2594.224 2500 2404.163 2308.679 2213.594 2118.962 2024.846 1931.321 1838.478 1746.425
-9999 -9999 -9999 -9999 -9999 -9999 -9999 -9999 -9999 -9999 -9999 -9999 -9999 -9999 -9999 -9999 -9999 -9999 -9999 -9999 -9999 -9999 -9999 -9999 -9999 -9999 -9999 -9999 -9999 -9999 -9999 -9999 -9999 5200 5107.837 5015.975 4924.429 4833.218 4742.362 4651.881 4561.798 4472.136 4382.921 4294.182 4204.759 4114.608 4024.922 3935.734 3847.077 3758.989 3671.512 3584.69 3498.571 3413.21 3328.663 3244.996 3162.278 3080.584 2996.665 2906.888 2816.026 2720.294 2624.881 2529.822 2435.159 2340.94 2247.22 2154.066 2061.553 1964.688 1868.154 1772.005
-9999 -9999 -9999 -9999 -9999 -9999 -9999 -9999 -9999 -9999 -9999 -9999 -9999 -9999 -9999 -9999 -9999 -9999 -9999 -9999 -9999 -9999 -9999 -9999 -9999 -9999 -9999 -9999 -9999 -9999 -9999 -9999 -9999 -9999 5147.815 5056.679 4965.884 4875.449 4785.395 4695.743 4606.517 4517.743 4428.318 4338.203 4248.529 4159.327 4070.626 3982.462 3894.868 3807.886 3721.559 3635.932 3551.056 3466.987 3383.785 3301.515 3220.249 3130.495 3036.445 2941.088 2846.05 2751.363 2657.066 2563.201 2469.818 2376.973 2280.351 2184.033 2088.061 1992.486 1897.367 1802.776
-9999 -9999 -9999 -9999 -9999 -9999 -9999 -9999 -9999 -9999 -9999 -9999 -9999 -9999 -9999 -9999 -9999 -9999 -9999 -9999 -9999 -9999 -9999 -9999 -9999 -9999 -9999 -9999 -9999 -9999 -9999 -9999 -9999 -9999 5189.412 5099.02 5008.992 4919.35 4830.114 4741.308 4651.881 4561.798 4472.136 4382.921 4294.182 4205.948 4118.252 4031.129 3944.617 3858.756 3773.593 3689.173 3605.551 3522.783 3440.93 3352.611 3257.3 3162.278 3067.572 2973.214 2879.236 2785.678 2692.583 2596.151 2500 2404.163 2308.679 2213.594 2118.962 2024.846 1931.321 1838.478
-9999 -9999 -9999 -9999 -9999 -9999 -9999 -9999 -9999 -9999 -9999 -9999 -9999 -9999 -9999 -9999 -9999 -9999 -9999 -9999 -9999 -9999 -9999 -9999 -9999 -9999 -9999 -9999 -9999 -9999 -9999 -9999 -9999 -9999 -9999 5142.957 5053.711 4964.876 4875.449 4785.395 4695.743 4606.517 4517.743 4429.447 4341.659 4254.41 4167.733 4081.666 3996.248 3911.521 3827.532 3744.329 3661.967 3573.514 3478.505 3383.785 3289.377 3195.309 3101.613 3008.322 2912.044 2816.026 2720.294 2624.881 2529.822 2435.159 2340.94 2247.22 2154.066 2061.553 1964.688 1868.154
-9999 -9999 -9999 -9999 -9999 -9999 -9999 -9999 -9999 -9999 -9999 -9999 -9999 -9999 -9999 -9999 -9999 -9999 -9999 -9999 -9999 -9999 -9999 -9999 -9999 -9999 -9999 -9999 -9999 -9999 -9999 -9999 -9999 -9999 -9999 -9999 5099.02 5008.992 4919.35 4830.114 4741.308 4652.956 4565.085 4477.723 4390.9 4304.648 4219.004 4134.005 4049.691 3966.106 3883.298 3794.733 3700 3605.551 3511.41 3417.602 3324.154 3228.002 3132.092 3036.445 2941.088 2846.05 2751.363 2657.066 2563.201 2469.818 2376.973 2280.351 2184.033 2088.061 1992.486 1897.367
-9999 -9999 -9999 -9999 -9999 -9999 -9999 -9999 -9999 -9999 -9999 -9999 -9999 -9999 -9999 -9999 -9999 -9999 -9999 -9999 -9999 -9999 -9999 -9999 -9999 -9999 -9999 -9999 -9999 -9999 -9999 -9999 -9999 -9999 -9999 -9999 5142.957 5053.711 4964.876 4876.474 4788.528 4701.063 4614.109 4527.692 4441.847 4356.604 4272.002 4188.078 4104.875 4016.217 3921.734 3827.532 3733.631 3640.055 3544.009 3448.188 3352.611 3257.3 3162.278 3067.572 2973.214 2879.236 2785.678 2692.583 2600 2500 2400 2300 2200 2100 2000 1900
-9999 -9999 -9999 -9999 -9999 -9999 -9999 -9999 -9999 -9999 -9999 -9999 -9999 -9999 -9999 -9999 -9999 -9999 -9999 -9999 -9999 -9999 -9999 -9999 -9999 -9999 -9999 -9999 -9999 -9999 -9999 -9999 -9999 -9999 -9999 -9999 -9999 5100 5011.986 4924.429 4837.354 4750.79 4664.762 4579.301 4494.441 4410.215 4326.662 4237.924 4143.67 4049.691 3956.008 3860.052 3764.306 3668.787 3573.514 3478.505 3383.785 3289.377 3195.309 3100 3000 2900 2800 2700 2600 2500 2400 2300 2200 2100 2000 1900
-9999 -9999 -9999 -9999 -9999 -9999 -9999 -9999 -9999 -9999 -9999 -9999 -9999 -9999 -9999 -9999 -9999 -9999 -9999 -9999 -9999 -9999 -9999 -9999 -9999 -9999 -9999 -9999 -9999 -9999 -9999 -9999 -9999 -9999 -9999 -9999 -9999 -9999 5060.632 4973.932 4887.74 4802.083 4716.991 4632.494 4548.626 4459.821 4365.776 4272.002 4176.123 4080.441 3984.972 3889.73 3794.733 3700 3600 3500 3400 3300 3200 3100 3000 2900 2800 2700 2600 2500 2400 2300 2200 2100 2000 1900
-9999 -9999 -9999 -9999 -9999 -9999 -9999 -9999 -9999 -9999 -9999 -9999 -9999 -9999 -9999 -9999 -9999 -9999 -9999 -9999 -9999 -9999 -9999 -9999 -9999 -9999 -9999 -9999 -9999 -9999 -9999 -9999 -9999 -9999 -9999 -9999 -9999 -9999 5110.773 5024.938 4939.636 4854.895 4770.744 4681.88 4588.028 4494.441 4400 4300 4200 4100 4000 3900 3800 3700 3600 3500 3400 3300 3200 3100 3000 2900 2800 2700 2600 2500 2400 2300 2200 2100 2000 1900
-9999 -9999 -9999 -9999 -9999 -9999 -9999 -9999 -9999 -9999 -9999 -9999 -9999 -9999 -9999 -9999 -9999 -9999 -9999 -9999 -9999 -9999 -9999 -9999 -9999 -9999 -9999 -9999 -9999 -9999 -9999 -9999 -9999 -9999 -9999 -9999 -9999 -9999 5162.364 5077.401 4992.995 4900 4800 4700 4600 4500 4400 4300 4200 4100 4000 3900 3800 3700 3600 3500 3400 3300 3200 3100 3000 2900 2800 2700 2600 2500 2400 2300 2200 2100 2000 1900
-9999 -9999 -9999 -9999 -9999 -9999 -9999 -9999 -9999 -9999 -9999 -9999 -9999 -9999 -9999 -9999 -9999 -9999 -9999 -9999 -9999 -9999 -9999 -9999 -9999 -9999 -9999 -9999 -9999 -9999 -9999 -9999 -9999 -9999 -9999 -9999 -9999 -9999 -9999 5100 5000 4900 4800 4700 4600 4500 4400 4300 4200 4100 4000 3900 3800 3700 3600 3500 3400 3300 3200 3100 3000 2900 2800 2700 2600 2500 2400 2300 2200 2100 2000 1900
-9999 -9999 -9999 -9999 -9999 -9999 -9999 -9999 -9999 -9999 -9999 -9999 -9999 -9999 -9999 -9999 -9999 -9999 -9999 -9999 -9999 -9999 -9999 -9999 -9999 -9999 -9999 -9999 -9999 -9999 -9999 -9999 -9999 -9999 -9999 -9999 -9999 -9999 -9999 5092.151 4998 4901.021 4801.042 4701.063 4601.087 4501.111 4401.136 4301.163 4201.19 4101.219 4001.25 3901.282 3801.316 3701.351 3601.389 3501.428 3401.47 3301.515 3201.562 3101.613 3001.666 2901.724 2801.785 2701.851 2601.922 2501.999 2402.083 2302.173 2202.271 2102.38 2002.498 1902.63
-9999 -9999 -9999 -9999 -9999 -9999 -9999 -9999 -9999 -9999 -9999 -9999 -9999 -9999 -9999 -9999 -9999 -9999 -9999 -9999 -9999 -9999 -9999 -9999 -9999 -9999 -9999 -9999 -9999 -9999 -9999 -9999 -9999 -9999 -9999 -9999 -9999 -9999 -9999 -9999 4964.876 4870.318 4775.981 4681.88 4588.028 4491.103 4393.177 4295.346 4197.618 4100 4002.499 3905.125 3805.26 3705.401 3605.551 3505.71 3405.877 3306.055 3206.244 3106.445 3006.659 2906.888 2807.134 2707.397 2607.681 2507.987 2408.319 2308.679 2209.072 2109.502 2009.975 1910.497
-9999 -9999 -9999 -9999 -9999 -9999 -9999 -9999 -9999 -9999 -9999 -9999 -9999 -9999 -9999 -9999 -9999 -9999 -9999 -9999 -9999 -9999 -9999 -9999 -9999 -9999 -9999 -9999 -9999 -9999 -9999 -9999 -9999 -9999 -9999 -9999 -9999 -9999 -9999 5028.917 4933.559 4838.388 4743.417 4648.656 4554.119 4459.821 4365.776 4272.002 4177.32 4079.216 3981.206 3883.298 3785.499 3687.818 3590.265 3492.85 3395.585 3298.485 3201.562 3104.835 3008.322 2912.044 2816.026 2716.615 2617.25 2517.936 2418.677 2319.483 2220.36 2121.32 2022.375 1923.538
-9999 -9999 -9999 -9999 -9999 -9999 -9999 -9999 -9999 -9999 -9999 -9999 -9999 -9999 -9999 -9999 -9999 -9999 -9999 -9999 -9999 -9999 -9999 -9999 -9999 -9999 -9999 -9999 -9999 -9999 -9999 -9999 -9999 -9999 -9999 -9999 -9999 -9999 5096.077 5000 4904.08 4808.326 4712.749 4617.358 4522.167 4427.189 4332.436 4237.924 4143.67 4049.691 3956.008 3862.642 3765.634 3667.424 3569.314 3471.311 3373.426 3275.668 3178.05 3080.584 2983.287 2886.174 2789.265 2692.583 2596.151 2500 2404.163 2308.679 2213.594 2118.962 2024.846 1931.321
-9999 -9999 -9999 -9999 -9999 -9999 -9999 -9999 -9999 -9999 -9999 -9999 -9999 -9999 -9999 -9999 -9999 -9999 -9999 -9999 -9999 -9999 -9999 -9999 -9999 -9999 -9999 -9999 -9999 -9999 -9999 -9999 -9999 -9999 -9999 -9999 -9999 5166.236 5069.517 4972.927 4876.474 4780.167 4684.015 4588.028 4492.215 4396.589 4301.163 4205.948 4110.961 4016.217 3921.734 3827.532 3733.631 3640.055 3544.009 3448.188 3352.611 3255.764 3157.531 3059.412 2961.418 2863.564 2765.863 2668.333 2570.992 2473.863 2376.973 2280.351 2184.033 2088.061 1992.486 1897.367
-9999 -9999 -9999 -9999 -9999 -9999 -9999 -9999 -9999 -9999 -9999 -9999 -9999 -9999 -9999 -9999 -9999 -9999 -9999 -9999 -9999 -9999 -9999 -9999 -9999 -9999 -9999 -9999 -9999 -9999 -9999 -9999 -9999 -9999 -9999 -9999 5239.275 5141.984 5044.799 4947.727 4850.773 4753.946 4657.252 4560.702 4464.303 4368.066 4272.002 4176.123 4080.441 3984.972 3889.73 3794.733 3700 3605.551 3511.41 3417.602 3324.154 3228.002 3132.092 3036.445 2941.088 2844.292 2745.906 2647.64 2549.51 2451.53 2353.72 2256.103 2158.703 2061.553 1964.688 1868.154
-9999 -9999 -9999 -9999 -9999 -9999 -9999 -9999 -9999 -9999 -9999 -9999 -9999 -9999 -9999 -9999 -9999 -9999 -9999 -9999 -9999 -9999 -9999 -9999 -9999 -9999 -9999 -9999 -9999 -9999 -9999 -9999 -9999 -9999 -9999 5315.073 5217.279 5119.57 5021.952 4924.429 4827.007 4729.693 4632.494 4535.416 4438.468 4341.659 4244.997 4148.494 4052.16 3956.008 3860.052 3764.306 3668.787 3573.514 3478.505 3383.785 3289.377 3195.309 3101.613 3008.322 2912.044 2816.026 2720.294 2624.881 2529.822 2433.105 2334.523 2236.068 2137.756 2039.608 1941.649 1843.909
-9999 -9999 -9999 -9999 -9999 -9999 -9999 -9999 -9999 -9999 -9999 -9999 -9999 -9999 -9999 -9999 -9999 -9999 -9999 -9999 -9999 -9999 -9999 -9999 -9999 -9999 -9999 -9999 -9999 -9999 -9999 -9999 -9999 -9999 5393.515 5295.281 5197.115 5099.02 5001 4903.06 4805.206 4707.441 4609.772 4512.206 4414.748 4317.407 4220.189 4123.105 4026.164 3929.376 3832.754 3736.308 3640.055 3544.009 3448.188 3352.611 3257.3 3162.278 3067.572 2973.214 2879.236 2785.678 2692.583 2596.151 2500 2404.163 2308.679 2213.594 2118.962 2022.375 1923.538 1824.829
-9999 -9999 -9999 -9999 -9999 -9999 -9999 -9999 -9999 -9999 -9999 -9999 -9999 -9999 -9999 -9999 -9999 -9999 -9999 -9999 -9999 -9999 -9999 -9999 -9999 -9999 -9999 -9999 -9999 -9999 -9999 -9999 -9999 5474.486 5375.872 5277.31 5178.803 5080.354 4981.967 4883.646 4785.395 4687.217 4589.118 4491.103 4393.177 4295.346 4197.618 4100 4002.499 3905.125 3807.886 3710.795 3613.862 3517.101 3420.526 3324.154 3228.002 3132.092 3036.445 2941.088 2846.05 2751.363 2657.066 2563.201 2469.818 2376.973 2280.351 2184.033 2088.061 1992.486 1897.367 1802.776
-9999 -9999 -9999 -9999 -9999 -9999 -9999 -9999 -9999 -9999 -9999 -9999 -9999 -9999 -9999 -9999 -9999 -9999 -9999 -9999 -9999 -9999 -9999 -9999 -9999 -9999 -9999 -9999 -9999 -9999 -9999 -9999 5557.877 5458.938 5360.037 5261.179 5162.364 5063.596 4964.876 4866.21 4767.599 4669.047 4570.558 4472.136 4373.786 4275.512 4177.32 4079.216 3981.206 3883.298 3785.499 3687.818 3590.265 3492.85 3395.585 3298.485 3201.562 3104.835 3008.322 2912.044 2816.026 2720.294 2624.881 2529.822 2435.159 2340.94 2247.22 2154.066 2061.553 1964.688 1868.154 1772.005
-9999 -9999 -9999 -9999 -9999 -9999 -9999 -9999 -9999 -9999 -9999 -9999 -9999 -9999 -9999 -9999 -9999 -9999 -9999 -9999 -9999 -9999 -9999 -9999 -9999 -9999 -9999 -9999 -9999 -9999 -9999 -9999 5544.367 5445.181 5346.026 5246.904 5147.815 5048.762 4949.748 4850.773 4751.842 4652.956 4554.119 4455.334 4356.604 4257.934 4159.327 4060.788 3962.323 3863.936 3765.634 3667.424 3569.314 3471.311 3373.426 3275.668 3178.05 3080.584 2983.287 2886.174 2789.265 2692.583 2596.151 2500 2404.163 2308.679 2213.594 2118.962 2024.846 1931.321 1838.478 1746.425
-9999 -9999 -9999 -9999 -9999 -9999 -9999 -9999 -9999 -9999 -9999 -9999 -9999 -9999 -9999 -9999 -9999 -9999 -9999 -9999 -9999 -9999 -9999 -9999 -9999 -9999 -9999 -9999 -9999 -9999 -9999 5632.051 5532.63 5433.231 5333.854 5234.501 5135.173 5035.871 4936.598 4837.354 4738.143 4638.965 4539.824 4440.721 4341.659 4242.641 4143.67 4044.75 3945.884 3847.077 3748.333 3649.657 3551.056 3452.535 3354.102 3255.764 3157.531 3059.412 2961.418 2863.564 2765.863 2668.333 2570.992 2473.863 2376.973 2280.351 2184.033 2088.061 1992.486 1897.367 1802.776 1708.801
-9999 -9999 -9999 -9999 -9999 -9999 -9999 -9999 -9999 -9999 -9999 -9999 -9999 -9999 -9999 -9999 -9999 -9999 -9999 -9999 -9999 -9999 -9999 -9999 -9999 -9999 -9999 -9999 -9999 -9999 -9999 5622.277 5522.681 5423.099 5323.533 5223.983 5124.451 5024.938 4925.444 4825.971 4726.521 4627.094 4527.692 4428.318 4328.972 4229.657 4130.375 4031.129 3931.921 3832.754 3733.631 3634.556 3535.534 3436.568 3337.664 3238.827 3140.064 3041.381 2942.788 2844.292 2745.906 2647.64 2549.51 2451.53 2353.72 2256.103 2158.703 2061.553 1964.688 1868.154 1772.005 1676.305
-9999 -9999 -9999 -9999 -9999 -9999 -9999 -9999 -9999 -9999 -9999 -9999 -9999 -9999 -9999 -9999 -9999 -9999 -9999 -9999 -9999 -9999 -9999 -9999 -9999 -9999 -9999 -9999 -9999 -9999 5714.018 5614.268 5514.526 5414.794 5315.073 5215.362 5115.662 5015.975 4916.299 4816.638 4716.991 4617.358 4517.743 4418.145 4318.564 4219.004 4119.466 4019.95 3920.459 3820.995 3721.559 3622.154 3522.783 3423.448 3324.154 3224.903 3125.7 3026.549 2927.456 2828.427 2729.469 2630.589 2531.798 2433.105 2334.523 2236.068 2137.756 2039.608 1941.649 1843.909 1746.425 1649.242
-9999 -9999 -9999 -9999 -9999 -9999 -9999 -9999 -9999 -9999 -9999 -9999 -9999 -9999 -9999 -9999 -9999 -9999 -9999 -9999 -9999 -9999 -9999 -9999 -9999 -9999 -9999 -9999 -9999 5807.753 5707.889 5608.03 5508.176 5408.327 5308.484 5208.646 5108.816 5008.992 4909.175 4809.366 4709.565 4609.772 4509.989 4410.215 4310.453 4210.701 4110.961 4011.234 3911.521 3811.824 3712.142 3612.478 3512.833 3413.21 3313.608 3214.032 3114.482 3014.963 2915.476 2816.026 2716.615 2617.25 2517.936 2418.677 2319.483 2220.36 2121.32 2022.375 1923.538 1824.829 1726.268 1627.882
-9999 -9999 -9999 -9999 -9999 -9999 -9999 -9999 -9999 -9999 -9999 -9999 -9999 -9999 -9999 -9999 -9999 -9999 -9999 -9999 -9999 -9999 -9999 -9999 -9999 -9999 -9999 -9999 -9999 5803.447 5703.508 5603.57 5503.635 5403.703 5303.772 5203.845 5103.92 5003.999 4904.08 4804.165 4704.253 4604.346 4504.442 4404.543 4304.648 4204.759 4104.875 4004.997 3905.125 3805.26 3705.401 3605.551 3505.71 3405.877 3306.055 3206.244 3106.445 3006.659 2906.888 2807.134 2707.397 2607.681 2507.987 2408.319 2308.679 2209.072 2109.502 2009.975 1910.497 1811.077 1711.724 1612.452
-9999 -9999 -9999 -9999 -9999 -9999 -9999 -9999 -9999 -9999 -9999 -9999 -9999 -9999 -9999 -9999 -9999 -9999 -9999 -9999 -9999 -9999 -9999 -9999 -9999 -9999 -9999 6000.833 5900.847 5800.862 5700.877 5600.893 5500.909 5400.926 5300.943 5200.961 5100.98 5001 4901.021 4801.042 4701.063 4601.087 4501.111 4401.136 4301.163 4201.19 4101.219 4001.25 3901.282 3801.316 3701.351 3601.389 3501.428 3401.47 3301.515 3201.562 3101.613 3001.666 2901.724 2801.785 2701.851 2601.922 2501.999 2402.083 2302.173 2202.271 2102.38 2002.498 1902.63 1802.776 1702.939 1603.122
-9999 -9999 -9999 -9999 -9999 -9999 -9999 -9999 -9999 -9999 -9999 -9999 -9999 -9999 -9999 -9999 -9999 -9999 -9999 -9999 -9999 -9999 -9999 -9999 -9999 -9999 6100 6000 5900 5800 5700 5600 5500 5400 5300 5200 5100 5000 4900 4800 4700 4600 4500 4400 4300 4200 4100 4000 3900 3800 3700 3600 3500 3400 3300 3200 3100 3000 2900 2800 2700 2600 2500 2400 2300 2200 2100 2000 1900 1800 1700 1600
-9999 -9999 -9999 -9999 -9999 -9999 -9999 -9999 -9999 -9999 -9999 -9999 -9999 -9999 -9999 -9999 -9999 -9999 -9999 -9999 -9999 -9999 -9999 -9999 -9999 6200 6100 6000 5900 5800 5700 5600 5500 5400 5300 5200 5100 5000 4900 4800 4700 4600 4500 4400 4300 4200 4100 4000 3900 3800 3700 3600 3500 3400 3300 3200 3100 3000 2900 2800 2700 2600 2500 2400 2300 2200 2100 2000 1900 1800 1700 1600
