InputData/dist_18.txt
ncols         109
nrows         106
xllcorner     551522.79121747
yllcorner     8200336.4294641
cellsize      100
NODATA_value  -9999
[rows 60 to 89 of 106, columns 0 to 66 of 109]
-9999 -9999 -9999 -9999 -9999 -9999 -9999 -9999 -9999 -9999 -9999 -9999 -9999 -9999 282.8427 360.5551 447.2136 538.5165 632.4555 707.1068 781.025 860.2325 943.3981 1029.563 1118.034 1204.159 1280.625 1360.147 1442.22 1526.434 1612.452 1700 1780.449 1860.108 1941.649 2024.846 2109.502 2195.45 2280.351 2360.085 2441.311 2523.886 2607.681 2692.583 2778.489 2860.07 2941.088 3023.243 3106.445 3190.611 3275.668 3360.06 3440.93 3522.783 3605.551 3689.173 3773.593 3858.756 3940.812 4022.437 4104.875 4188.078 4272.002 4356.604 4440.721 4522.167 4604.346
-9999 -9999 -9999 -9999 -9999 -9999 -9999 -9999 -9999 -9999 -9999 -9999 -9999 282.8427 360.5551 424.2641 500 583.0952 670.8204 761.5773 848.5281 921.9545 1000 1081.665 1166.19 1252.996 1341.641 1421.267 1500 1581.139 1664.332 1749.286 1835.756 1920.937 2000 2080.865 2163.331 2247.22 2332.381 2418.677 2500 2580.698 2662.705 2745.906 2830.194 2915.476 3000 3080.584 3162.278 3244.996 3328.663 3413.21 3498.571 3580.503 3661.967 3744.329 3827.532 3911.521 3996.248 4080.441 4161.73 4243.819 4326.662 4410.215 4494.441 4579.301 4661.545
-9999 -9999 -9999 -9999 -9999 -9999 -9999 -9999 -9999 -9999 -9999 -9999 -9999 316.2278 412.3106 500 565.6854 640.3124 721.1102 806.2258 894.4272 984.8858 1063.015 1140.175 1220.656 1303.84 1389.244 1476.482 1562.05 1640.122 1720.465 1802.776 1886.796 1972.308 2059.126 2140.094 2220.36 2302.173 2385.372 2469.818 2555.386 2640.076 2720.294 2801.785 2884.441 2968.164 3052.867 3138.471 3220.249 3301.515 3383.785 3466.987 3551.056 3635.932 3720.215 3801.316 3883.298 3966.106 4049.691 4134.005 4219.004 4301.163 4382.921 4465.423 4548.626 4632.494 4716.991
-9999 -9999 -9999 -9999 -9999 -9999 -9999 -9999 -9999 -9999 -9999 -9999 282.8427 360.5551 447.2136 538.5165 632.4555 707.1068 781.025 860.2325 943.3981 1029.563 1118.034 1204.159 1280.625 1360.147 1442.22 1526.434 1612.452 1700 1780.449 1860.108 1941.649 2024.846 2109.502 2195.45 2280.351 2360.085 2441.311 2523.886 2607.681 2692.583 2778.489 2860.07 2941.088 3023.243 3106.445 3190.611 3275.668 3360.06 3440.93 3522.783 3605.551 3689.173 3773.593 3858.756 3940.812 4022.437 4104.875 4188.078 4272.002 4356.604 4440.721 4522.167 4604.346 4687.217 4770.744
-9999 -9999 -9999 -9999 -9999 -9999 -9999 -9999 -9999 -9999 -9999 282.8427 360.5551 424.2641 500 583.0952 670.8204 761.5773 848.5281 921.9545 1000 1081.665 1166.19 1252.996 1341.641 1421.267 1500 1581.139 1664.332 1749.286 1835.756 1920.937 2000 2080.865 2163.331 2247.22 2332.381 2418.677 2500 2580.698 2662.705 2745.906 2830.194 2915.476 3000 3080.584 3162.278 3244.996 3328.663 3413.21 3498.571 3580.503 3661.967 3744.329 3827.532 3911.521 3996.248 4080.441 4161.73 4243.819 4326.662 4410.215 4494.441 4579.301 4661.545 4743.417 4825.971
-9999 -9999 -9999 -9999 -9999 -9999 -9999 -9999 -9999 -9999 -9999 316.2278 412.3106 500 565.6854 640.3124 721.1102 806.2258 894.4272 984.8858 1063.015 1140.175 1220.656 1303.84 1389.244 1476.482 1562.05 1640.122 1720.465 1802.776 1886.796 1972.308 2059.126 2140.094 2220.36 2302.173 2385.372 2469.818 2555.386 2640.076 2720.294 2801.785 2884.441 2968.164 3052.867 3138.471 3220.249 3301.515 3383.785 3466.987 3551.056 3635.932 3720.215 3801.316 3883.298 3966.106 4049.691 4134.005 4219.004 4301.163 4382.921 4465.423 4548.626 4632.494 4716.991 4801.042 4882.622
-9999 -9999 -9999 -9999 -9999 -9999 -9999 -9999 -9999 -9999 282.8427 360.5551 447.2136 538.5165 632.4555 707.1068 781.025 860.2325 943.3981 1029.563 1118.034 1204.159 1280.625 1360.147 1442.22 1526.434 1612.452 1700 1780.449 1860.108 1941.649 2024.846 2109.502 2195.45 2280.351 2360.085 2441.311 2523.886 2607.681 2692.583 2778.489 2860.07 2941.088 3023.243 3106.445 3190.611 3275.668 3360.06 3440.93 3522.783 3605.551 3689.173 3773.593 3858.756 3940.812 4022.437 4104.875 4188.078 4272.002 4356.604 4440.721 4522.167 4604.346 4687.217 4770.744 4854.895 4939.636
-9999 -9999 -9999 -9999 -9999 -9999 -9999 -9999 -9999 282.8427 360.5551 424.2641 500 583.0952 670.8204 761.5773 848.5281 921.9545 1000 1081.665 1166.19 1252.996 1341.641 1421.267 1500 1581.139 1664.332 1749.286 1835.756 1920.937 2000 2080.865 2163.331 2247.22 2332.381 2418.677 2500 2580.698 2662.705 2745.906 2830.194 2915.476 3000 3080.584 3162.278 3244.996 3328.663 3413.21 3498.571 3580.503 3661.967 3744.329 3827.532 3911.521 3996.248 4080.441 4161.73 4243.819 4326.662 4410.215 4494.441 4579.301 4661.545 4743.417 4825.971 4909.175 4992.995
-9999 -9999 -9999 -9999 -9999 -9999 -9999 -9999 -9999 316.2278 412.3106 500 565.6854 640.3124 721.1102 806.2258 894.4272 984.8858 1063.015 1140.175 1220.656 1303.84 1389.244 1476.482 1562.05 1640.122 1720.465 1802.776 1886.796 1972.308 2059.126 2140.094 2220.36 2302.173 2385.372 2469.818 2555.386 2640.076 2720.294 2801.785 2884.441 2968.164 3052.867 3138.471 3220.249 3301.515 3383.785 3466.987 3551.056 3635.932 3720.215 3801.316 3883.298 3966.106 4049.691 4134.005 4219.004 4301.163 4382.921 4465.423 4548.626 4632.494 4716.991 4801.042 4882.622 4964.876 5047.772
-9999 -9999 -9999 -9999 -9999 -9999 -9999 -9999 282.8427 360.5551 447.2136 538.5165 632.4555 707.1068 781.025 860.2325 943.3981 1029.563 1118.034 1204.159 1280.625 1360.147 1442.22 1526.434 1612.452 1700 1780.449 1860.108 1941.649 2024.846 2109.502 2195.45 2280.351 2360.085 2441.311 2523.886 2607.681 2692.583 2778.489 2860.07 2941.088 3023.243 3106.445 3190.611 3275.668 3360.06 3440.93 3522.783 3605.551 3689.173 3773.593 3858.756 3940.812 4022.437 4104.875 4188.078 4272.002 4356.604 4440.721 4522.167 4604.346 4687.217 4770.744 4854.895 4939.636 5021.952 5103.92
-9999 -9999 -9999 -9999 -9999 -9999 -9999 282.8427 360.5551 424.2641 500 583.0952 670.8204 761.5773 848.5281 921.9545 1000 1081.665 1166.19 1252.996 1341.641 1421.267 1500 1581.139 1664.332 1749.286 1835.756 1920.937 2000 2080.865 2163.331 2247.22 2332.381 2418.677 2500 2580.698 2662.705 2745.906 2830.194 2915.476 3000 3080.584 3162.278 3244.996 3328.663 3413.21 3498.571 3580.503 3661.967 3744.329 3827.532 3911.521 3996.248 4080.441 4161.73 4243.819 4326.662 4410.215 4494.441 4579.301 4661.545 4743.417 4825.971 4909.175 4992.995 5077.401 5161.395
-9999 -9999 -9999 -9999 -9999 -9999 -9999 316.2278 412.3106 500 565.6854 640.3124 721.1102 806.2258 894.4272 984.8858 1063.015 1140.175 1220.656 1303.84 1389.244 1476.482 1562.05 1640.122 1720.465 1802.776 1886.796 1972.308 2059.126 2140.094 2220.36 2302.173 2385.372 2469.818 2555.386 2640.076 2720.294 2801.785 2884.441 2968.164 3052.867 3138.471 3220.249 3301.515 3383.785 3466.987 3551.056 3635.932 3720.215 3801.316 3883.298 3966.106 4049.691 4134.005 4219.004 4301.163 4382.921 4465.423 4548.626 4632.494 4716.991 4801.042 4882.622 4964.876 5047.772 5131.277 5215.362
-9999 -9999 -9999 -9999 -9999 -9999 282.8427 360.5551 447.2136 538.5165 632.4555 707.1068 781.025 860.2325 943.3981 1029.563 1118.034 1204.159 1280.625 1360.147 1442.22 1526.434 1612.452 1700 1780.449 1860.108 1941.649 2024.846 2109.502 2195.45 2280.351 2360.085 2441.311 2523.886 2607.681 2692.583 2778.489 2860.07 2941.088 3023.243 3106.445 3190.611 3275.668 3360.06 3440.93 3522.783 3605.551 3689.173 3773.593 3858.756 3940.812 4022.437 4104.875 4188.078 4272.002 4356.604 4440.721 4522.167 4604.346 4687.217 4770.744 4854.895 4939.636 5021.952 5103.92 5186.521 5269.725
-9999 -9999 -9999 -9999 -9999 282.8427 360.5551 424.2641 500 583.0952 670.8204 761.5773 848.5281 921.9545 1000 1081.665 1166.19 1252.996 1341.641 1421.267 1500 1581.139 1664.332 1749.286 1835.756 1920.937 2000 2080.865 2163.331 2247.22 2332.381 2418.677 2500 2580.698 2662.705 2745.906 2830.194 2915.476 3000 3080.584 3162.278 3244.996 3328.663 3413.21 3498.571 3580.503 3661.967 3744.329 3827.532 3911.521 3996.248 4080.441 4161.73 4243.819 4326.662 4410.215 4494.441 4579.301 4661.545 4743.417 4825.971 4909.175 4992.995 5077.401 5161.395 5243.091 5325.411
-9999 -9999 -9999 -9999 -9999 316.2278 412.3106 500 565.6854 640.3124 721.1102 806.2258 894.4272 984.8858 1063.015 1140.175 1220.656 1303.84 1389.244 1476.482 1562.05 1640.122 1720.465 1802.776 1886.796 1972.308 2059.126 2140.094 2220.36 2302.173 2385.372 2469.818 2555.386 2640.076 2720.294 2801.785 2884.441 2968.164 3052.867 3138.471 3220.249 3301.515 3383.785 3466.987 3551.056 3635.932 3720.215 3801.316 3883.298 3966.106 4049.691 4134.005 4219.004 4301.163 4382.921 4465.423 4548.626 4632.494 4716.991 4801.042 4882.622 4964.876 5047.772 5131.277 5215.362 5300 5382.378
-9999 -9999 -9999 -9999 282.8427 360.5551 447.2136 538.5165 632.4555 707.1068 781.025 860.2325 943.3981 1029.563 1118.034 1204.159 1280.625 1360.147 1442.22 1526.434 1612.452 1700 1780.449 1860.108 1941.649 2024.846 2109.502 2195.45 2280.351 2360.085 2441.311 2523.886 2607.681 2692.583 2778.489 2860.07 2941.088 3023.243 3106.445 3190.611 3275.668 3360.06 3440.93 3522.783 3605.551 3689.173 3773.593 3858.756 3940.812 4022.437 4104.875 4188.078 4272.002 4356.604 4440.721 4522.167 4604.346 4687.217 4770.744 4854.895 4939.636 5021.952 5103.92 5186.521 5269.725 5353.503 5437.831
-9999 -9999 -9999 282.8427 360.5551 424.2641 500 583.0952 670.8204 761.5773 848.5281 921.9545 1000 1081.665 1166.19 1252.996 1341.641 1421.267 1500 1581.139 1664.332 1749.286 1835.756 1920.937 2000 2080.865 2163.331 2247.22 2332.381 2418.677 2500 2580.698 2662.705 2745.906 2830.194 2915.476 3000 3080.584 3162.278 3244.996 3328.663 3413.21 3498.571 3580.503 3661.967 3744.329 3827.532 3911.521 3996.248 4080.441 4161.73 4243.819 4326.662 4410.215 4494.441 4579.301 4661.545 4743.417 4825.971 4909.175 4992.995 5077.401 5161.395 5243.091 5325.411 5408.327 5491.812
-9999 -9999 -9999 316.2278 412.3106 500 565.6854 640.3124 721.1102 806.2258 894.4272 984.8858 1063.015 1140.175 1220.656 1303.84 1389.244 1476.482 1562.05 1640.122 1720.465 1802.776 1886.796 1972.308 2059.126 2140.094 2220.36 2302.173 2385.372 2469.818 2555.386 2640.076 2720.294 2801.785 2884.441 2968.164 3052.867 3138.471 3220.249 3301.515 3383.785 3466.987 3551.056 3635.932 3720.215 3801.316 3883.298 3966.106 4049.691 4134.005 4219.004 4301.163 4382.921 4465.423 4548.626 4632.494 4716.991 4801.042 4882.622 4964.876 5047.772 5131.277 5215.362 5300 5382.378 5464.431 5547.071
-9999 -9999 282.8427 360.5551 447.2136 538.5165 632.4555 707.1068 781.025 860.2325 943.3981 1029.563 1118.034 1204.159 1280.625 1360.147 1442.22 1526.434 1612.452 1700 1780.449 1860.108 1941.649 2024.846 2109.502 2195.45 2280.351 2360.085 2441.311 2523.886 2607.681 2692.583 2778.489 2860.07 2941.088 3023.243 3106.445 3190.611 3275.668 3360.06 3440.93 3522.783 3605.551 3689.173 3773.593 3858.756 3940.812 4022.437 4104.875 4188.078 4272.002 4356.604 4440.721 4522.167 4604.346 4687.217 4770.744 4854.895 4939.636 5021.952 5103.92 5186.521 5269.725 5353.503 5437.831 5521.775 5603.57
-9999 282.8427 360.5551 424.2641 500 583.0952 670.8204 761.5773 848.5281 921.9545 1000 1081.665 1166.19 1252.996 1341.641 1421.267 1500 1581.139 1664.332 1749.286 1835.756 1920.937 2000 2080.865 2163.331 2247.22 2332.381 2418.677 2500 2580.698 2662.705 2745.906 2830.194 2915.476 3000 3080.584 3162.278 3244.996 3328.663 3413.21 3498.571 3580.503 3661.967 3744.329 3827.532 3911.521 3996.248 4080.441 4161.73 4243.819 4326.662 4410.215 4494.441 4579.301 4661.545 4743.417 4825.971 4909.175 4992.995 5077.401 5161.395 5243.091 5325.411 5408.327 5491.812 5575.841 5660.389
-9999 316.2278 412.3106 500 565.6854 640.3124 721.1102 806.2258 894.4272 984.8858 1063.015 1140.175 1220.656 1303.84 1389.244 1476.482 1562.05 1640.122 1720.465 1802.776 1886.796 1972.308 2059.126 2140.094 2220.36 2302.173 2385.372 2469.818 2555.386 2640.076 2720.294 2801.785 2884.441 2968.164 3052.867 3138.471 3220.249 3301.515 3383.785 3466.987 3551.056 3635.932 3720.215 3801.316 3883.298 3966.106 4049.691 4134.005 4219.004 4301.163 4382.921 4465.423 4548.626 4632.494 4716.991 4801.042 4882.622 4964.876 5047.772 5131.277 5215.362 5300 5382.378 5464.431 5547.071 5630.275 5714.018
-9999 360.5551 447.2136 538.5165 632.4555 707.1068 781.025 860.2325 943.3981 1029.563 1118.034 1204.159 1280.625 1360.147 1442.22 1526.434 1612.452 1700 1780.449 1860.108 1941.649 2024.846 2109.502 2195.45 2280.351 2360.085 2441.311 2523.886 2607.681 2692.583 2778.489 2860.07 2941.088 3023.243 3106.445 3190.611 3275.668 3360.06 3440.93 3522.783 3605.551 3689.173 3773.593 3858.756 3940.812 4022.437 4104.875 4188.078 4272.002 4356.604 4440.721 4522.167 4604.346 4687.217 4770.744 4854.895 4939.636 5021.952 5103.92 5186.521 5269.725 5353.503 5437.831 5521.775 5603.57 5685.948 5768.882
360.5551 424.2641 500 583.0952 670.8204 761.5773 848.5281 921.9545 1000 1081.665 1166.19 1252.996 1341.641 1421.267 1500 1581.139 1664.332 1749.286 1835.756 1920.937 2000 2080.865 2163.331 2247.22 2332.381 2418.677 2500 2580.698 2662.705 2745.906 2830.194 2915.476 3000 3080.584 3162.278 3244.996 3328.663 3413.21 3498.571 3580.503 3661.967 3744.329 3827.532 3911.521 3996.248 4080.441 4161.73 4243.819 4326.662 4410.215 4494.441 4579.301 4661.545 4743.417 4825.971 4909.175 4992.995 5077.401 5161.395 5243.091 5325.411 5408.327 5491.812 5575.841 5660.389 5742.822 5824.946
412.3106 500 565.6854 640.3124 721.1102 806.2258 894.4272 984.8858 1063.015 1140.175 1220.656 1303.84 1389.244 1476.482 1562.05 1640.122 1720.465 1802.776 1886.796 1972.308 2059.126 2140.094 2220.36 2302.173 2385.372 2469.818 2555.386 2640.076 2720.294 2801.785 2884.441 2968.164 3052.867 3138.471 3220.249 3301.515 3383.785 3466.987 3551.056 3635.932 3720.215 3801.316 3883.298 3966.106 4049.691 4134.005 4219.004 4301.163 4382.921 4465.423 4548.626 4632.494 4716.991 4801.042 4882.622 4964.876 5047.772 5131.277 5215.362 5300 5382.378 5464.431 5547.071 5630.275 5714.018 5798.275 5882.176
-9999 -9999 -9999 707.1068 781.025 860.2325 943.3981 1029.563 1118.034 1204.159 1280.625 1360.147 1442.22 1526.434 1612.452 1700 1780.449 1860.108 1941.649 2024.846 2109.502 2195.45 2280.351 2360.085 2441.311 2523.886 2607.681 2692.583 2778.489 2860.07 2941.088 3023.243 3106.445 3190.611 3275.668 3360.06 3440.93 3522.783 3605.551 3689.173 3773.593 3858.756 3940.812 4022.437 4104.875 4188.078 4272.002 4356.604 4440.721 4522.167 4604.346 4687.217 4770.744 4854.895 4939.636 5021.952 5103.92 5186.521 5269.725 5353.503 5437.831 5521.775 5603.57 5685.948 5768.882 5852.35 5936.329
-9999 -9999 -9999 -9999 848.5281 921.9545 1000 1081.665 1166.19 1252.996 1341.641 1421.267 1500 1581.139 1664.332 1749.286 1835.756 1920.937 2000 2080.865 2163.331 2247.22 2332.381 2418.677 2500 2580.698 2662.705 2745.906 2830.194 2915.476 3000 3080.584 3162.278 3244.996 3328.663 3413.21 3498.571 3580.503 3661.967 3744.329 3827.532 3911.521 3996.248 4080.441 4161.73 4243.819 4326.662 4410.215 4494.441 4579.301 4661.545 4743.417 4825.971 4909.175 4992.995 5077.401 5161.395 5243.091 5325.411 5408.327 5491.812 5575.841 5660.389 5742.822 5824.946 5907.622 5990.826
-9999 -9999 -9999 -9999 894.4272 984.8858 1063.015 1140.175 1220.656 1303.84 1389.244 1476.482 1562.05 1640.122 1720.465 1802.776 1886.796 1972.308 2059.126 2140.094 2220.36 2302.173 2385.372 2469.818 2555.386 2640.076 2720.294 2801.785 2884.441 2968.164 3052.867 3138.471 3220.249 3301.515 3383.785 3466.987 3551.056 3635.932 3720.215 3801.316 3883.298 3966.106 4049.691 4134.005 4219.004 4301.163 4382.921 4465.423 4548.626 4632.494 4716.991 4801.042 4882.622 4964.876 5047.772 5131.277 5215.362 5300 5382.378 5464.431 5547.071 5630.275 5714.018 5798.275 5882.176 5964.059 6046.487
-9999 -9999 -9999 -9999 -9999 1029.563 1118.034 1204.159 1280.625 1360.147 1442.22 1526.434 1612.452 1700 1780.449 1860.108 1941.649 2024.846 2109.502 2195.45 2280.351 2360.085 2441.311 2523.886 2607.681 2692.583 2778.489 2860.07 2941.088 3023.243 3106.445 3190.611 3275.668 3360.06 3440.93 3522.783 3605.551 3689.173 3773.593 3858.756 3940.812 4022.437 4104.875 4188.078 4272.002 4356.604 4440.721 4522.167 4604.346 4687.217 4770.744 4854.895 4939.636 5021.952 5103.92 5186.521 5269.725 5353.503 5437.831 5521.775 5603.57 5685.948 5768.882 5852.35 5936.329 6020.797 6103.278
-9999 -9999 -9999 -9999 -9999 1081.665 1166.19 1252.996 1341.641 1421.267 1500 1581.139 1664.332 1749.286 1835.756 1920.937 2000 2080.865 2163.331 2247.22 2332.381 2418.677 2500 2580.698 2662.705 2745.906 2830.194 2915.476 3000 3080.584 3162.278 3244.996 3328.663 3413.21 3498.571 3580.503 3661.967 3744.329 3827.532 3911.521 3996.248 4080.441 4161.73 4243.819 4326.662 4410.215 4494.441 4579.301 4661.545 4743.417 4825.971 4909.175 4992.995 5077.401 5161.395 5243.091 5325.411 5408.327 5491.812 5575.841 5660.389 5742.822 5824.946 5907.622 5990.826 6074.537 6158.733
-9999 -9999 -9999 -9999 -9999 -9999 1220.656 1303.84 1389.244 1476.482 1562.05 1640.122 1720.465 1802.776 1886.796 1972.308 2059.126 2140.094 2220.36 2302.173 2385.372 2469.818 2555.386 2640.076 2720.294 2801.785 2884.441 2968.164 3052.867 3138.471 3220.249 3301.515 3383.785 3466.987 3551.056 3635.932 3720.215 3801.316 3883.298 3966.106 4049.691 4134.005 4219.004 4301.163 4382.921 4465.423 4548.626 4632.494 4716.991 4801.042 4882.622 4964.876 5047.772 5131.277 5215.362 5300 5382.378 5464.431 5547.071 5630.275 5714.018 5798.275 5882.176 5964.059 6046.487 6129.437 6212.89
