InputData/dist_2.txt
ncols         305
nrows         346
xllcorner     527731.86726915
yllcorner     8223679.8627344
cellsize      100
NODATA_value  -9999
[rows 240 to 269 of 346, columns 0 to 68 of 305]
-9999 -9999 -9999 -9999 -9999 -9999 -9999 -9999 -9999 -9999 -9999 -9999 -9999 -9999 -9999 -9999 -9999 -9999 -9999 -9999 -9999 31338.31 31243.56 31148.84 31054.15 30959.49 -9999 -9999 -9999 -9999 -9999 -9999 -9999 -9999 -9999 -9999 -9999 -9999 -9999 -9999 29543.87 29449.79 29355.75 29261.75 29167.79 29073.87 28979.99 28886.16 28792.36 28698.61 28604.89 28511.23 28417.6 28324.02 28230.48 28136.99 28043.54 27950.13 27856.78 27763.46 27670.2 27576.98 27483.81 27390.69 27297.62 27204.6 27111.62 27018.7 26925.82
-9999 -9999 -9999 -9999 -9999 -9999 -9999 -9999 -9999 -9999 -9999 -9999 -9999 -9999 -9999 -9999 -9999 -9999 -9999 31496.35 31401.43 31306.55 31211.7 31116.88 31022.09 30927.33 30832.61 30737.92 30643.27 -9999 -9999 -9999 -9999 -9999 -9999 -9999 -9999 29792.95 29698.65 29604.39 29510.17 29415.98 29321.83 29227.73 29133.66 29039.63 28945.64 28851.69 28757.78 28663.91 28570.09 28476.31 28382.56 28288.87 28195.21 28101.6 28008.04 27914.51 27821.04 27727.6 27634.22 27540.88 27447.59 27354.34 27261.14 27168 27074.9 26981.85 26888.85
-9999 -9999 -9999 -9999 -9999 -9999 -9999 -9999 -9999 -9999 -9999 32223.75 32128.8 32033.89 31939 31844.15 31749.33 31654.54 31559.79 31465.06 31370.05 31275.07 31180.12 31085.21 30990.32 30895.47 30800.65 30705.86 30611.11 30516.39 30421.7 -9999 -9999 -9999 -9999 29948.79 29854.31 29759.87 29665.47 29571.1 29476.77 29382.48 29288.22 29194.01 29099.83 29005.69 28911.59 28817.53 28723.51 28629.53 28535.59 28441.7 28347.84 28254.03 28160.26 28066.53 27972.84 27879.2 27785.61 27692.06 27598.55 27505.09 27411.68 27318.31 27224.99 27131.71 27038.49 26945.31 26852.19
-9999 -9999 -9999 -9999 -9999 -9999 -9999 -9999 -9999 32381.79 32286.99 32192.23 32097.51 32002.5 31907.52 31812.58 31717.66 31622.78 31527.92 31433.1 31338.31 31243.56 31148.84 31053.82 30958.84 30863.89 30768.98 30674.09 30579.24 30484.42 30389.64 30294.88 30200.17 30105.48 30010.83 29916.22 29821.64 29727.09 29632.58 29538.11 29443.68 29349.28 29254.91 29160.59 29066.3 28972.05 28877.85 28783.68 28689.54 28595.46 28501.4 28407.39 28313.42 28219.5 28125.61 28031.77 27937.97 27844.21 27750.5 27656.83 27563.2 27469.62 27376.08 27282.6 27189.15 27095.76 27002.41 26909.11 26815.85
-9999 -9999 -9999 -9999 -9999 -9999 -9999 -9999 32445.03 32350.12 32255.23 32160.38 32065.56 31970.77 31876.01 31781.28 31686.28 31591.3 31496.35 31401.43 31306.55 31211.7 31116.88 31022.09 30927.33 30832.61 30737.6 30642.62 30547.67 30452.75 30357.87 30263.01 30168.2 30073.41 29978.66 29883.94 29789.26 29694.61 29600 29505.42 29410.88 29316.38 29221.91 29127.48 29033.08 28938.73 28844.41 28750.13 28655.89 28561.69 28467.53 28373.4 28279.32 28185.28 28091.28 27997.32 27903.4 27809.53 27715.7 27621.91 27528.17 27434.47 27340.81 27247.2 27153.64 27060.12 26966.65 26873.22 26779.84
-9999 -9999 -9999 -9999 -9999 -9999 -9999 -9999 32413.73 32318.72 32223.75 32128.8 32033.89 31939 31844.15 31749.33 31654.54 31559.79 31465.06 31370.05 31275.07 31180.12 31085.21 30990.32 30895.47 30800.65 30705.86 30611.11 30516.39 30421.38 30326.39 30231.44 30136.52 30041.64 29946.79 29851.97 29757.18 29662.43 29567.72 29473.04 29378.39 29283.78 29189.21 29094.67 29000.17 28905.71 28811.28 28716.89 28622.54 28528.23 28433.96 28339.72 28245.53 28151.38 28057.26 27963.19 27869.16 27775.17 27681.22 27587.32 27493.45 27399.63 27305.86 27212.13 27118.44 27024.8 26931.21 26837.66 26744.16
-9999 -9999 -9999 -9999 -9999 -9999 -9999 32476.61 32381.79 32286.99 32192.23 32097.51 32002.5 31907.52 31812.58 31717.66 31622.78 31527.92 31433.1 31338.31 31243.56 31148.84 31053.82 30958.84 30863.89 30768.98 30674.09 30579.24 30484.42 30389.64 30294.88 30200.17 30105.15 30010.16 29915.21 29820.29 29725.41 29630.56 29535.74 29440.96 29346.21 29251.5 29156.82 29062.17 28967.57 28873 28778.46 28683.97 28589.51 28495.09 28400.71 28306.36 28212.05 28117.79 28023.56 27929.38 27835.23 27741.13 27647.06 27553.04 27459.06 27365.12 27271.23 27177.38 27083.57 26989.81 26896.1 26802.43 26708.8
-9999 -9999 -9999 -9999 -9999 -9999 -9999 32445.03 32350.12 32255.23 32160.38 32065.56 31970.77 31876.01 31781.28 31686.28 31591.3 31496.35 31401.43 31306.55 31211.7 31116.88 31022.09 30927.33 30832.61 30737.6 30642.62 30547.67 30452.75 30357.87 30263.01 30168.2 30073.41 29978.66 29883.94 29788.92 29693.94 29598.99 29504.07 29409.18 29314.33 29219.51 29124.73 29029.98 28935.27 28840.6 28745.96 28651.35 28556.79 28462.26 28367.76 28273.31 28178.89 28084.52 27990.18 27895.88 27801.62 27707.4 27613.22 27519.08 27424.99 27330.94 27236.92 27142.96 27049.03 26955.15 26861.31 26767.52 26673.77
-9999 -9999 -9999 -9999 -9999 -9999 -9999 32413.73 32318.72 32223.75 32128.8 32033.89 31939 31844.15 31749.33 31654.54 31559.79 31465.06 31370.05 31275.07 31180.12 31085.21 30990.32 30895.47 30800.65 30705.86 30611.11 30516.39 30421.38 30326.39 30231.44 30136.52 30041.64 29946.79 29851.97 29757.18 29662.43 29567.72 29472.7 29377.71 29282.76 29187.84 29092.96 28998.1 28903.29 28808.51 28713.76 28619.05 28524.38 28429.74 28335.14 28240.57 28146.05 28051.56 27957.11 27862.7 27768.33 27673.99 27579.7 27485.45 27391.24 27297.07 27202.94 27108.86 27014.81 26920.81 26826.85 26732.94 26639.07
-9999 -9999 -9999 -9999 -9999 -9999 32476.61 32381.79 32286.99 32192.23 32097.51 32002.5 31907.52 31812.58 31717.66 31622.78 31527.92 31433.1 31338.31 31243.56 31148.84 31053.82 30958.84 30863.89 30768.98 30674.09 30579.24 30484.42 30389.64 30294.88 30200.17 30105.15 30010.16 29915.21 29820.29 29725.41 29630.56 29535.74 29440.96 29346.21 29251.5 29156.47 29061.49 28966.53 28871.61 28776.73 28681.88 28587.06 28492.28 28397.54 28302.83 28208.15 28113.52 28018.92 27924.36 27829.84 27735.36 27640.91 27546.51 27452.14 27357.81 27263.53 27169.28 27075.08 26980.92 26886.8 26792.72 26698.69 26604.7
-9999 -9999 -9999 -9999 -9999 -9999 32445.03 32350.12 32255.23 32160.38 32065.56 31970.77 31876.01 31781.28 31686.28 31591.3 31496.35 31401.43 31306.55 31211.7 31116.88 31022.09 30927.33 30832.61 30737.6 30642.62 30547.67 30452.75 30357.87 30263.01 30168.2 30073.41 29978.66 29883.94 29788.92 29693.94 29598.99 29504.07 29409.18 29314.33 29219.51 29124.73 29029.98 28935.27 28840.25 28745.26 28650.3 28555.38 28460.5 28365.65 28270.83 28176.05 28081.31 27986.6 27891.93 27797.3 27702.71 27608.15 27513.63 27419.15 27324.71 27230.31 27135.95 27041.63 26947.36 26853.12 26758.92 26664.77 26570.66
-9999 -9999 -9999 -9999 -9999 -9999 32413.73 32318.72 32223.75 32128.8 32033.89 31939 31844.15 31749.33 31654.54 31559.79 31465.06 31370.05 31275.07 31180.12 31085.21 30990.32 30895.47 30800.65 30705.86 30611.11 30516.39 30421.38 30326.39 30231.44 30136.52 30041.64 29946.79 29851.97 29757.18 29662.43 29567.72 29472.7 29377.71 29282.76 29187.84 29092.96 28998.1 28903.29 28808.51 28713.76 28619.05 28524.03 28429.04 28334.08 28239.16 28144.27 28049.42 27954.61 27859.83 27765.09 27670.38 27575.71 27481.08 27386.49 27291.94 27197.43 27102.95 27008.52 26914.12 26819.77 26725.46 26631.19 26536.96
-9999 -9999 -9999 -9999 -9999 -9999 32381.79 32286.99 32192.23 32097.51 32002.5 31907.52 31812.58 31717.66 31622.78 31527.92 31433.1 31338.31 31243.56 31148.84 31053.82 30958.84 30863.89 30768.98 30674.09 30579.24 30484.42 30389.64 30294.88 30200.17 30105.15 30010.16 29915.21 29820.29 29725.41 29630.56 29535.74 29440.96 29346.21 29251.5 29156.47 29061.49 28966.53 28871.61 28776.73 28681.88 28587.06 28492.28 28397.54 28302.83 28207.8 28112.81 28017.85 27922.93 27828.04 27733.19 27638.38 27543.6 27448.86 27354.16 27259.49 27164.87 27070.28 26975.73 26881.22 26786.75 26692.32 26597.93 26503.58
-9999 -9999 -9999 -9999 -9999 32445.03 32350.12 32255.23 32160.38 32065.56 31970.77 31876.01 31781.28 31686.28 31591.3 31496.35 31401.43 31306.55 31211.7 31116.88 31022.09 30927.33 30832.61 30737.6 30642.62 30547.67 30452.75 30357.87 30263.01 30168.2 30073.41 29978.66 29883.94 29788.92 29693.94 29598.99 29504.07 29409.18 29314.33 29219.51 29124.73 29029.98 28935.27 28840.25 28745.26 28650.3 28555.38 28460.5 28365.65 28270.83 28176.05 28081.31 27986.6 27891.58 27796.58 27701.63 27606.7 27511.82 27416.96 27322.15 27227.38 27132.64 27037.94 26943.27 26848.65 26754.06 26659.52 26565.01 26470.55
-9999 -9999 -9999 -9999 -9999 32413.73 32318.72 32223.75 32128.8 32033.89 31939 31844.15 31749.33 31654.54 31559.79 31465.06 31370.05 31275.07 31180.12 31085.21 30990.32 30895.47 30800.65 30705.86 30611.11 30516.39 30421.38 30326.39 30231.44 30136.52 30041.64 29946.79 29851.97 29757.18 29662.43 29567.72 29472.7 29377.71 29282.76 29187.84 29092.96 28998.1 28903.29 28808.51 28713.76 28619.05 28524.03 28429.04 28334.08 28239.16 28144.27 28049.42 27954.61 27859.83 27765.09 27670.38 27575.35 27480.36 27385.4 27290.47 27195.59 27100.74 27005.93 26911.15 26816.41 26721.71 26627.05 26532.43 26437.85
-9999 -9999 -9999 -9999 -9999 32381.79 32286.99 32192.23 32097.51 32002.5 31907.52 31812.58 31717.66 31622.78 31527.92 31433.1 31338.31 31243.56 31148.84 31053.82 30958.84 30863.89 30768.98 30674.09 30579.24 30484.42 30389.64 30294.88 30200.17 30105.15 30010.16 29915.21 29820.29 29725.41 29630.56 29535.74 29440.96 29346.21 29251.5 29156.47 29061.49 28966.53 28871.61 28776.73 28681.88 28587.06 28492.28 28397.54 28302.83 28207.8 28112.81 28017.85 27922.93 27828.04 27733.19 27638.38 27543.6 27448.86 27354.16 27259.13 27164.13 27069.17 26974.25 26879.36 26784.51 26689.7 26594.92 26500.19 26405.49
-9999 -9999 -9999 -9999 -9999 32350.12 32255.23 32160.38 32065.56 31970.77 31876.01 31781.28 31686.28 31591.3 31496.35 31401.43 31306.55 31211.7 31116.88 31022.09 30927.33 30832.61 30737.6 30642.62 30547.67 30452.75 30357.87 30263.01 30168.2 30073.41 29978.66 29883.94 29788.92 29693.94 29598.99 29504.07 29409.18 29314.33 29219.51 29124.73 29029.98 28935.27 28840.25 28745.26 28650.3 28555.38 28460.5 28365.65 28270.83 28176.05 28081.31 27986.6 27891.58 27796.58 27701.63 27606.7 27511.82 27416.96 27322.15 27227.38 27132.64 27037.94 26942.9 26847.9 26752.94 26658.02 26563.13 26468.28 26373.47
-9999 -9999 -9999 -9999 -9999 32318.72 32223.75 32128.8 32033.89 31939 31844.15 31749.33 31654.54 31559.79 31465.06 31370.05 31275.07 31180.12 31085.21 30990.32 30895.47 30800.65 30705.86 30611.11 30516.39 30421.38 30326.39 30231.44 30136.52 30041.64 29946.79 29851.97 29757.18 29662.43 29567.72 29472.7 29377.71 29282.76 29187.84 29092.96 28998.1 28903.29 28808.51 28713.76 28619.05 28524.03 28429.04 28334.08 28239.16 28144.27 28049.42 27954.61 27859.83 27765.09 27670.38 27575.35 27480.36 27385.4 27290.47 27195.59 27100.74 27005.93 26911.15 26816.41 26721.71 26626.68 26531.68 26436.72 26341.79
-9999 -9999 -9999 -9999 -9999 32287.61 32192.54 32097.51 32002.5 31907.52 31812.58 31717.66 31622.78 31527.92 31433.1 31338.31 31243.56 31148.84 31053.82 30958.84 30863.89 30768.98 30674.09 30579.24 30484.42 30389.64 30294.88 30200.17 30105.15 30010.16 29915.21 29820.29 29725.41 29630.56 29535.74 29440.96 29346.21 29251.5 29156.47 29061.49 28966.53 28871.61 28776.73 28681.88 28587.06 28492.28 28397.54 28302.83 28207.8 28112.81 28017.85 27922.93 27828.04 27733.19 27638.38 27543.6 27448.86 27354.16 27259.13 27164.13 27069.17 26974.25 26879.36 26784.51 26689.7 26594.92 26500.19 26405.49 26310.46
-9999 -9999 -9999 -9999 -9999 32256.78 32161.62 32066.49 31971.39 31876.32 31781.28 31686.28 31591.3 31496.35 31401.43 31306.55 31211.7 31116.88 31022.09 30927.33 30832.61 30737.6 30642.62 30547.67 30452.75 30357.87 30263.01 30168.2 30073.41 29978.66 29883.94 29788.92 29693.94 29598.99 29504.07 29409.18 29314.33 29219.51 29124.73 29029.98 28935.27 28840.25 28745.26 28650.3 28555.38 28460.5 28365.65 28270.83 28176.05 28081.31 27986.6 27891.58 27796.58 27701.63 27606.7 27511.82 27416.96 27322.15 27227.38 27132.64 27037.94 26942.9 26847.9 26752.94 26658.02 26563.13 26468.28 26373.47 26278.7
-9999 -9999 -9999 -9999 -9999 32226.23 32130.98 32035.76 31940.57 31845.41 31750.28 31655.17 31560.1 31465.06 31370.05 31275.07 31180.12 31085.21 30990.32 30895.47 30800.65 30705.86 30611.11 30516.39 30421.38 30326.39 30231.44 30136.52 30041.64 29946.79 29851.97 29757.18 29662.43 29567.72 29472.7 29377.71 29282.76 29187.84 29092.96 28998.1 28903.29 28808.51 28713.76 28619.05 28524.03 28429.04 28334.08 28239.16 28144.27 28049.42 27954.61 27859.83 27765.09 27670.38 27575.35 27480.36 27385.4 27290.47 27195.59 27100.74 27005.93 26911.15 26816.41 26721.71 26626.68 26531.68 26436.72 26341.79 26246.9
-9999 -9999 -9999 -9999 -9999 32195.96 32100.62 32005.31 31910.03 31814.78 31719.55 31624.36 31529.19 31434.06 31338.95 31243.88 31148.84 31053.82 30958.84 30863.89 30768.98 30674.09 30579.24 30484.42 30389.64 30294.88 30200.17 30105.15 30010.16 29915.21 29820.29 29725.41 29630.56 29535.74 29440.96 29346.21 29251.5 29156.47 29061.49 28966.53 28871.61 28776.73 28681.88 28587.06 28492.28 28397.54 28302.83 28207.8 28112.81 28017.85 27922.93 27828.04 27733.19 27638.38 27543.6 27448.86 27354.16 27259.13 27164.13 27069.17 26974.25 26879.36 26784.51 26689.7 26594.92 26500.19 26405.49 26310.46 26215.45
-9999 -9999 -9999 -9999 -9999 32165.98 32070.55 31975.15 31879.77 31784.43 31689.12 31593.83 31498.57 31403.34 31308.15 31212.98 31117.84 31022.73 30927.66 30832.61 30737.6 30642.62 30547.67 30452.75 30357.87 30263.01 30168.2 30073.41 29978.66 29883.94 29788.92 29693.94 29598.99 29504.07 29409.18 29314.33 29219.51 29124.73 29029.98 28935.27 28840.25 28745.26 28650.3 28555.38 28460.5 28365.65 28270.83 28176.05 28081.31 27986.6 27891.58 27796.58 27701.63 27606.7 27511.82 27416.96 27322.15 27227.38 27132.64 27037.94 26942.9 26847.9 26752.94 26658.02 26563.13 26468.28 26373.47 26278.7 26183.96
-9999 -9999 -9999 -9999 -9999 32136.27 32040.76 31945.27 31849.8 31754.37 31658.96 31563.59 31468.24 31372.92 31277.63 31182.37 31087.13 30991.93 30896.76 30801.62 30706.51 30611.44 30516.39 30421.38 30326.39 30231.44 30136.52 30041.64 29946.79 29851.97 29757.18 29662.43 29567.72 29472.7 29377.71 29282.76 29187.84 29092.96 28998.1 28903.29 28808.51 28713.76 28619.05 28524.03 28429.04 28334.08 28239.16 28144.27 28049.42 27954.61 27859.83 27765.09 27670.38 27575.35 27480.36 27385.4 27290.47 27195.59 27100.74 27005.93 26911.15 26816.41 26721.71 26626.68 26531.68 26436.72 26341.79 26246.9 26152.05
-9999 -9999 -9999 -9999 -9999 32106.85 32011.25 31915.67 31820.12 31724.6 31629.1 31533.63 31438.19 31342.78 31247.4 31152.05 31056.72 30961.43 30866.16 30770.93 30675.72 30580.55 30485.41 30390.29 30295.21 30200.17 30105.15 30010.16 29915.21 29820.29 29725.41 29630.56 29535.74 29440.96 29346.21 29251.5 29156.47 29061.49 28966.53 28871.61 28776.73 28681.88 28587.06 28492.28 28397.54 28302.83 28207.8 28112.81 28017.85 27922.93 27828.04 27733.19 27638.38 27543.6 27448.86 27354.16 27259.13 27164.13 27069.17 26974.25 26879.36 26784.51 26689.7 26594.92 26500.19 26405.49 26310.46 26215.45 26120.49
-9999 -9999 -9999 -9999 -9999 32077.72 31982.03 31886.36 31790.72 31695.11 31599.53 31503.97 31408.44 31312.94 31217.46 31122.02 31026.6 30931.21 30835.86 30740.53 30645.23 30549.96 30454.72 30359.51 30264.34 30169.19 30074.08 29978.99 29883.94 29788.92 29693.94 29598.99 29504.07 29409.18 29314.33 29219.51 29124.73 29029.98 28935.27 28840.25 28745.26 28650.3 28555.38 28460.5 28365.65 28270.83 28176.05 28081.31 27986.6 27891.58 27796.58 27701.63 27606.7 27511.82 27416.96 27322.15 27227.38 27132.64 27037.94 26942.9 26847.9 26752.94 26658.02 26563.13 26468.28 26373.47 26278.7 26183.96 26089.27
-9999 -9999 -9999 -9999 -9999 32048.87 31953.09 31857.34 31761.61 31665.91 31570.24 31474.59 31378.97 31283.38 31187.82 31092.28 30996.77 30901.29 30805.84 30710.42 30615.03 30519.67 30424.33 30329.03 30233.76 30138.51 30043.3 29948.12 29852.97 29757.86 29662.77 29567.72 29472.7 29377.71 29282.76 29187.84 29092.96 28998.1 28903.29 28808.51 28713.76 28619.05 28524.03 28429.04 28334.08 28239.16 28144.27 28049.42 27954.61 27859.83 27765.09 27670.38 27575.35 27480.36 27385.4 27290.47 27195.59 27100.74 27005.93 26911.15 26816.41 26721.71 26626.68 26531.68 26436.72 26341.79 26246.9 26152.05 26057.24
-9999 -9999 -9999 -9999 -9999 32020.31 31924.44 31828.6 31732.79 31637 31541.24 31445.51 31349.8 31254.12 31158.47 31062.84 30967.24 30871.67 30776.13 30680.61 30585.13 30489.67 30394.24 30298.85 30203.48 30108.14 30012.83 29917.55 29822.31 29727.09 29631.91 29536.76 29441.64 29346.55 29251.5 29156.47 29061.49 28966.53 28871.61 28776.73 28681.88 28587.06 28492.28 28397.54 28302.83 28207.8 28112.81 28017.85 27922.93 27828.04 27733.19 27638.38 27543.6 27448.86 27354.16 27259.13 27164.13 27069.17 26974.25 26879.36 26784.51 26689.7 26594.92 26500.19 26405.49 26310.46 26215.45 26120.49 26025.56
-9999 -9999 -9999 -9999 -9999 31992.03 31896.08 31800.16 31704.26 31608.38 31512.54 31416.71 31320.92 31225.15 31129.41 31033.69 30938 30842.34 30746.71 30651.1 30555.52 30459.97 30364.45 30268.96 30173.5 30078.06 29982.66 29887.29 29791.95 29696.63 29601.35 29506.1 29410.88 29315.7 29220.54 29125.42 29030.33 28935.27 28840.25 28745.26 28650.3 28555.38 28460.5 28365.65 28270.83 28176.05 28081.31 27986.6 27891.58 27796.58 27701.63 27606.7 27511.82 27416.96 27322.15 27227.38 27132.64 27037.94 26942.9 26847.9 26752.94 26658.02 26563.13 26468.28 26373.47 26278.7 26183.96 26089.27 25994.23
-9999 -9999 -9999 -9999 -9999 31964.04 31868.01 31772 31676.02 31580.06 31484.12 31388.21 31292.33 31196.47 31100.64 31004.84 30909.06 30813.31 30717.58 30621.89 30526.22 30430.58 30334.96 30239.38 30143.82 30048.29 29952.8 29857.33 29761.89 29666.48 29571.1 29475.75 29380.44 29285.15 29189.9 29094.67 28999.48 28904.32 28809.2 28714.11 28619.05 28524.03 28429.04 28334.08 28239.16 28144.27 28049.42 27954.61 27859.83 27765.09 27670.38 27575.35 27480.36 27385.4 27290.47 27195.59 27100.74 27005.93 26911.15 26816.41 26721.71 26626.68 26531.68 26436.72 26341.79 26246.9 26152.05 26057.24 25962.47
