InputData/dist_22.txt
ncols         348
nrows         187
xllcorner     582512.90526395
yllcorner     8185149.3710731
cellsize      100
NODATA_value  -9999
[rows 29 to 57 of 187, columns 66 to 131 of 348]
33944.96 34034.84 34124.77 34214.76 34304.81 34394.91 34485.07 34575.28 34665.54 34755.86 34846.23 34936.66 35027.13 35117.66 35208.24 35298.87 35389.55 35480.28 35571.05 35661.88 35752.76 35843.69 35934.66 36025.68 36116.75 -9999 -9999 -9999 -9999 -9999 -9999 -9999 -9999 -9999 -9999 -9999 -9999 -9999 -9999 -9999 -9999 -9999 -9999 -9999 -9999 -9999 -9999 -9999 -9999 -9999 -9999 -9999 -9999 -9999 -9999 -9999 -9999 -9999 -9999 -9999 -9999 -9999 -9999 -9999 -9999 -9999
33988.97 34078.73 34168.55 34258.43 34348.36 34438.35 34528.39 34618.49 34708.64 34798.85 34889.11 34979.42 35069.79 35160.2 35250.67 35341.2 35431.77 35522.39 35613.06 35703.78 35794.55 35885.38 35976.24 36067.16 36158.13 36249.14 36340.2 36431.3 36522.46 -9999 -9999 -9999 -9999 -9999 -9999 -9999 -9999 -9999 -9999 -9999 -9999 -9999 -9999 -9999 -9999 -9999 -9999 -9999 -9999 -9999 -9999 -9999 -9999 -9999 -9999 -9999 -9999 -9999 -9999 -9999 -9999 -9999 -9999 -9999 -9999 -9999
34033.22 34122.87 34212.57 34302.33 34392.15 34482.02 34571.95 34661.94 34751.98 34842.07 34932.22 35022.42 35112.68 35202.98 35293.34 35383.75 35474.21 35564.73 35655.29 35745.91 35836.57 35927.29 36018.05 36108.86 36199.72 36290.63 36381.59 36472.59 36563.64 36654.74 36745.88 36837.07 36928.31 -9999 -9999 -9999 -9999 -9999 -9999 -9999 -9999 -9999 -9999 -9999 -9999 -9999 -9999 -9999 -9999 -9999 -9999 -9999 -9999 -9999 -9999 -9999 -9999 -9999 -9999 -9999 -9999 -9999 -9999 -9999 -9999 -9999
34077.71 34167.23 34256.82 34346.47 34436.17 34525.93 34615.75 34705.62 34795.55 34885.53 34975.56 35065.65 35155.8 35245.99 35336.24 35426.54 35516.9 35607.3 35697.76 35788.27 35878.82 35969.43 36060.09 36150.8 36241.55 36332.36 36423.21 36514.11 36605.05 36696.05 36787.09 36878.18 36969.31 37060.49 37151.71 37242.98 -9999 -9999 -9999 -9999 -9999 -9999 -9999 -9999 -9999 -9999 -9999 -9999 -9999 -9999 -9999 -9999 -9999 -9999 -9999 -9999 -9999 -9999 -9999 -9999 -9999 -9999 -9999 -9999 -9999 -9999
34122.43 34211.84 34301.31 34390.84 34480.43 34570.07 34659.77 34749.53 34839.34 34929.21 35019.14 35109.12 35199.15 35289.23 35379.37 35469.56 35559.81 35650.11 35740.45 35830.85 35921.3 36011.8 36102.36 36192.96 36283.61 36374.3 36465.05 36555.85 36646.69 36737.58 36828.52 36919.51 37010.54 37101.62 37192.74 37283.91 37375.13 37466.39 37557.69 37649.04 -9999 -9999 -9999 -9999 -9999 -9999 -9999 -9999 -9999 -9999 -9999 -9999 -9999 -9999 -9999 -9999 -9999 -9999 -9999 -9999 -9999 -9999 -9999 -9999 -9999 -9999
34167.23 34256.68 34346.04 34435.45 34524.92 34614.45 34704.04 34793.68 34883.38 34973.13 35062.95 35152.81 35242.73 35332.7 35422.73 35512.82 35602.95 35693.14 35783.38 35873.67 35964.01 36054.4 36144.85 36235.34 36325.89 36416.48 36507.12 36597.81 36688.55 36779.34 36870.18 36961.06 37051.99 37142.97 37233.99 37325.06 37416.17 37507.33 37598.54 37689.79 37781.08 37872.42 37963.8 38055.22 -9999 -9999 -9999 -9999 -9999 -9999 -9999 -9999 -9999 -9999 -9999 -9999 -9999 -9999 -9999 -9999 -9999 -9999 -9999 -9999 -9999 -9999
34211.84 34301.31 34390.84 34480.29 34569.64 34659.05 34748.52 34838.05 34927.64 35017.28 35106.98 35196.73 35286.54 35376.41 35466.32 35556.29 35646.32 35736.39 35826.53 35916.71 36006.95 36097.23 36187.57 36277.95 36368.39 36458.88 36549.42 36640 36730.64 36821.32 36912.06 37002.84 37093.66 37184.54 37275.46 37366.43 37457.44 37548.5 37639.61 37730.76 37821.95 37913.19 38004.47 38095.8 38187.17 38278.59 38370.04 -9999 -9999 -9999 -9999 -9999 -9999 -9999 -9999 -9999 -9999 -9999 -9999 -9999 -9999 -9999 -9999 -9999 -9999 -9999
34256.68 34346.04 34435.45 34524.92 34614.45 34703.89 34793.25 34882.66 34972.13 35061.66 35151.25 35240.89 35330.58 35420.33 35510.14 35600 35689.91 35779.88 35869.9 35959.98 36050.11 36140.28 36230.51 36320.79 36411.13 36501.51 36591.94 36682.42 36772.95 36863.53 36954.16 37044.84 37135.56 37226.34 37317.15 37408.02 37498.93 37589.89 37680.9 37771.95 37863.04 37954.18 38045.37 38136.6 38227.87 38319.19 38410.55 38501.95 38593.39 38684.88 -9999 -9999 -9999 -9999 -9999 -9999 -9999 -9999 -9999 -9999 -9999 -9999 -9999 -9999 -9999 -9999
34301.31 34390.84 34480.29 34569.64 34659.05 34748.52 34838.05 34927.5 35016.85 35106.27 35195.74 35285.27 35374.85 35464.49 35554.18 35643.93 35733.74 35823.59 35913.51 36003.47 36093.49 36183.56 36273.68 36363.86 36454.08 36544.36 36634.68 36725.06 36815.48 36905.96 36996.48 37087.06 37177.68 37268.35 37359.07 37449.83 37540.64 37631.5 37722.41 37813.36 37904.35 37995.39 38086.48 38177.61 38268.79 38360 38451.27 38542.57 38633.92 38725.32 38816.75 38908.23 38999.74 -9999 -9999 -9999 -9999 -9999 -9999 -9999 -9999 -9999 -9999 -9999 -9999 -9999
34346.04 34435.45 34524.92 34614.45 34703.89 34793.25 34882.66 34972.13 35061.66 35151.1 35240.46 35329.88 35419.34 35508.87 35598.45 35688.09 35777.79 35867.54 35957.34 36047.19 36137.1 36227.06 36317.07 36407.14 36497.26 36587.43 36677.65 36767.92 36858.24 36948.61 37039.04 37129.5 37220.02 37310.59 37401.2 37491.87 37582.57 37673.33 37764.14 37854.99 37945.88 38036.82 38127.81 38218.84 38309.92 38401.04 38492.21 38583.42 38674.67 38765.96 38857.3 38948.68 39040.11 39131.57 39223.08 39314.63 39406.22 -9999 -9999 -9999 -9999 -9999 -9999 -9999 -9999 -9999
34390.99 34480.29 34569.64 34659.05 34748.52 34838.05 34927.5 35016.85 35106.27 35195.74 35285.27 35374.71 35464.07 35553.48 35642.95 35732.48 35822.06 35911.7 36001.39 36091.13 36180.93 36270.79 36360.69 36450.65 36540.66 36630.73 36720.84 36811 36901.22 36991.48 37081.8 37172.17 37262.58 37353.05 37443.56 37534.12 37624.73 37715.38 37806.09 37896.83 37987.63 38078.47 38169.36 38260.29 38351.27 38442.29 38533.36 38624.47 38715.63 38806.83 38898.07 38989.36 39080.69 39172.05 39263.47 39354.92 39446.42 39537.96 39629.54 39721.15 -9999 -9999 -9999 -9999 -9999 -9999
34436.17 34525.35 34614.59 34703.89 34793.25 34882.66 34972.13 35061.66 35151.1 35240.46 35329.88 35419.34 35508.87 35598.32 35687.67 35777.09 35866.56 35956.09 36045.66 36135.3 36224.99 36314.73 36404.53 36494.38 36584.29 36674.24 36764.25 36854.31 36944.42 37034.58 37124.79 37215.05 37305.36 37395.72 37486.13 37576.59 37667.09 37757.65 37848.25 37938.9 38029.59 38120.34 38211.13 38301.96 38392.84 38483.76 38574.73 38665.75 38756.8 38847.91 38939.05 39030.25 39121.48 39212.75 39304.07 39395.43 39486.83 39578.28 39669.76 39761.29 39852.86 39944.46 40036.11 40127.8 40219.52 -9999
34481.59 34570.65 34659.77 34748.96 34838.2 34927.5 35016.85 35106.27 35195.74 35285.27 35374.71 35464.07 35553.48 35642.95 35732.48 35821.92 35911.28 36000.7 36090.16 36179.69 36269.27 36358.91 36448.59 36538.34 36628.13 36717.98 36807.88 36897.83 36987.84 37077.89 37168 37258.15 37348.36 37438.62 37528.92 37619.28 37709.68 37800.13 37890.63 37981.18 38071.77 38162.42 38253.11 38343.84 38434.62 38525.45 38616.32 38707.23 38798.2 38889.2 38980.25 39071.34 39162.48 39253.66 39344.89 39436.15 39527.46 39618.81 39710.2 39801.63 39893.11 39984.62 40076.18 40167.77 40259.41 40351.09
34527.23 34616.18 34705.19 34794.25 34883.38 34972.56 35061.8 35151.1 35240.46 35329.88 35419.34 35508.87 35598.32 35687.67 35777.09 35866.56 35956.09 36045.53 36134.89 36224.3 36313.77 36403.3 36492.88 36582.51 36672.2 36761.94 36851.73 36941.57 37031.47 37121.42 37211.42 37301.47 37391.58 37481.73 37571.93 37662.18 37752.48 37842.83 37933.23 38023.68 38114.17 38204.71 38295.3 38385.93 38476.62 38567.34 38658.12 38748.93 38839.8 38930.71 39021.66 39112.66 39203.7 39294.79 39385.91 39477.08 39568.3 39659.55 39750.85 39842.19 39933.57 40024.99 40116.46 40207.96 40299.5 40391.09
34573.11 34661.94 34750.83 34839.78 34928.79 35017.85 35106.98 35196.16 35285.41 35374.71 35464.07 35553.48 35642.95 35732.48 35821.92 35911.28 36000.7 36090.16 36179.69 36269.13 36358.49 36447.91 36537.38 36626.9 36716.48 36806.11 36895.8 36985.54 37075.33 37165.17 37255.07 37345.01 37435.01 37525.06 37615.16 37705.3 37795.5 37885.75 37976.05 38066.39 38156.78 38247.22 38337.71 38428.25 38518.83 38609.45 38700.13 38790.85 38881.61 38972.43 39063.28 39154.18 39245.13 39336.12 39427.15 39518.22 39609.34 39700.5 39791.71 39882.95 39974.24 40065.57 40156.94 40248.36 40339.81 40431.3
34619.21 34707.93 34796.7 34885.53 34974.42 35063.37 35152.38 35241.45 35330.58 35419.77 35509.01 35598.32 35687.67 35777.09 35866.56 35956.09 36045.53 36134.89 36224.3 36313.77 36403.3 36492.74 36582.1 36671.52 36760.98 36850.51 36940.09 37029.72 37119.4 37209.14 37298.93 37388.77 37478.66 37568.61 37658.6 37748.64 37838.74 37928.88 38019.07 38109.32 38199.61 38289.95 38380.33 38470.77 38561.25 38651.78 38742.36 38832.98 38923.64 39014.36 39105.11 39195.92 39286.77 39377.66 39468.59 39559.57 39650.6 39741.66 39832.78 39923.93 40015.12 40106.36 40197.64 40288.96 40380.32 40471.72
34663.24 34754.14 34842.79 34931.5 35020.28 35109.12 35198.01 35286.96 35375.98 35465.05 35554.18 35643.37 35732.62 35821.92 35911.28 36000.7 36090.16 36179.69 36269.13 36358.49 36447.91 36537.38 36626.9 36716.34 36805.71 36895.12 36984.59 37074.11 37163.69 37253.32 37343 37432.74 37522.53 37612.36 37702.25 37792.2 37882.19 37972.23 38062.32 38152.46 38242.64 38332.88 38423.17 38513.5 38603.89 38694.32 38784.79 38875.31 38965.88 39056.5 39147.16 39237.86 39328.62 39419.41 39510.25 39601.14 39692.07 39783.04 39874.05 39965.11 40056.21 40147.36 40238.54 40329.77 40421.04 40512.34
34696.54 34790.8 34885.1 34977.71 35066.37 35155.09 35243.86 35332.7 35421.61 35510.56 35599.58 35688.65 35777.79 35866.98 35956.22 36045.53 36134.89 36224.3 36313.77 36403.3 36492.74 36582.1 36671.52 36760.98 36850.51 36939.95 37029.31 37118.73 37208.2 37297.72 37387.3 37476.93 37566.61 37656.34 37746.13 37835.96 37925.85 38015.79 38105.77 38195.81 38285.9 38376.04 38466.22 38556.45 38646.73 38737.06 38827.44 38917.86 39008.33 39098.85 39189.41 39280.02 39370.68 39461.38 39552.12 39642.91 39733.74 39824.62 39915.54 40006.5 40097.51 40188.55 40279.65 40370.78 40461.96 40553.18
34730.1 34824.27 34918.48 35012.71 35106.98 35201.28 35289.94 35378.66 35467.45 35556.29 35645.2 35734.16 35823.18 35912.25 36001.39 36090.58 36179.83 36269.13 36358.49 36447.91 36537.38 36626.9 36716.34 36805.71 36895.12 36984.59 37074.11 37163.56 37252.92 37342.34 37431.8 37521.33 37610.9 37700.53 37790.21 37879.94 37969.73 38059.56 38149.44 38239.38 38329.36 38419.39 38509.48 38599.61 38689.79 38780.02 38870.3 38960.62 39050.99 39141.41 39231.88 39322.39 39412.94 39503.54 39594.19 39684.88 39775.62 39866.4 39957.23 40048.1 40139.01 40229.96 40320.96 40412 40503.09 40594.21
34763.92 34858 34952.11 35046.25 35140.43 35234.64 35328.88 35423.16 35513.52 35602.25 35691.04 35779.88 35868.79 35957.75 36046.77 36135.86 36224.99 36314.18 36403.43 36492.74 36582.1 36671.52 36760.98 36850.51 36939.95 37029.31 37118.73 37208.2 37297.72 37387.16 37476.53 37565.94 37655.41 37744.93 37834.51 37924.14 38013.81 38103.54 38193.32 38283.16 38373.04 38462.97 38552.95 38642.98 38733.06 38823.19 38913.37 39003.59 39093.86 39184.18 39274.55 39364.96 39455.42 39545.92 39636.47 39727.07 39817.71 39908.39 39999.13 40089.9 40180.71 40271.58 40362.48 40453.43 40544.42 40635.45
34797.99 34891.98 34986 35080.05 35174.14 35268.26 35362.41 35456.59 35550.81 35645.05 35737.09 35825.83 35914.62 36003.47 36092.38 36181.35 36270.38 36359.46 36448.59 36537.79 36627.04 36716.34 36805.71 36895.12 36984.59 37074.11 37163.56 37252.92 37342.34 37431.8 37521.33 37610.77 37700.13 37789.55 37879.02 37968.54 38058.11 38147.74 38237.42 38327.14 38416.92 38506.75 38596.63 38686.56 38776.54 38866.57 38956.64 39046.77 39136.94 39227.16 39317.43 39407.74 39498.1 39588.51 39678.96 39769.46 39860 39950.59 40041.23 40131.91 40222.63 40313.4 40404.21 40495.06 40585.96 40676.9
34832.31 34926.21 35020.14 35114.1 35208.09 35302.13 35396.19 35490.28 35584.41 35678.57 35772.75 35866.98 35960.67 36049.41 36138.21 36227.06 36315.97 36404.95 36493.97 36583.05 36672.2 36761.39 36850.64 36939.95 37029.31 37118.73 37208.2 37297.72 37387.16 37476.53 37565.94 37655.41 37744.93 37834.38 37923.74 38013.16 38102.63 38192.14 38281.72 38371.34 38461.02 38550.75 38640.52 38730.35 38820.23 38910.15 39000.13 39090.15 39180.22 39270.34 39360.51 39450.73 39540.99 39631.3 39721.66 39812.06 39902.51 39993 40083.54 40174.12 40264.75 40355.42 40446.14 40536.9 40627.7 40718.55
34866.89 34960.69 35054.53 35148.4 35242.3 35336.24 35430.21 35524.22 35618.25 35712.32 35806.43 35900.56 35994.72 36088.92 36183.14 36272.99 36361.79 36450.65 36539.57 36628.54 36717.57 36806.66 36895.8 36985 37074.25 37163.56 37252.92 37342.34 37431.8 37521.33 37610.77 37700.13 37789.55 37879.02 37968.54 38057.98 38147.35 38236.76 38326.23 38415.75 38505.32 38594.95 38684.62 38774.35 38864.12 38953.95 39043.82 39133.75 39223.72 39313.74 39403.81 39493.92 39584.09 39674.3 39764.56 39854.86 39945.21 40035.61 40126.05 40216.54 40307.07 40397.65 40488.27 40578.93 40669.64 40760.4
34901.72 34995.43 35089.17 35182.95 35276.76 35370.61 35464.49 35558.4 35652.35 35746.33 35840.34 35934.38 36028.46 36122.57 36216.71 36310.88 36405.08 36496.57 36585.38 36674.24 36763.16 36852.14 36941.17 37030.26 37119.4 37208.6 37297.86 37387.16 37476.53 37565.94 37655.41 37744.93 37834.38 37923.74 38013.16 38102.63 38192.14 38281.59 38370.95 38460.37 38549.84 38639.36 38728.93 38818.55 38908.23 38997.95 39087.72 39177.54 39267.42 39357.34 39447.3 39537.32 39627.39 39717.5 39807.66 39897.87 39988.13 40078.42 40168.77 40259.16 40349.6 40440.08 40530.61 40621.18 40711.79 40802.45
34936.8 35030.41 35124.07 35217.75 35311.47 35405.23 35499.02 35592.84 35686.69 35780.58 35874.5 35968.46 36062.45 36156.46 36250.52 36344.6 36438.71 36532.86 36627.04 36720.16 36808.96 36897.83 36986.75 37075.73 37164.77 37253.86 37343 37432.21 37521.46 37610.77 37700.13 37789.55 37879.02 37968.54 38057.98 38147.35 38236.76 38326.23 38415.75 38505.2 38594.56 38683.98 38773.45 38862.96 38952.54 39042.16 39131.83 39221.55 39311.32 39401.14 39491.01 39580.93 39670.89 39760.91 39850.97 39941.08 40031.24 40121.44 40211.69 40301.98 40392.32 40482.71 40573.14 40663.62 40754.14 40844.71
34972.13 35065.65 35159.21 35252.8 35346.43 35440.09 35533.79 35627.52 35721.28 35815.08 35908.91 36002.78 36096.68 36190.61 36284.57 36378.57 36472.59 36566.65 36660.74 36754.86 36849.02 36943.2 37032.55 37121.42 37210.35 37299.33 37388.37 37477.46 37566.61 37655.81 37745.07 37834.38 37923.74 38013.16 38102.63 38192.14 38281.59 38370.95 38460.37 38549.84 38639.36 38728.8 38818.16 38907.58 38997.05 39086.57 39176.14 39265.76 39355.43 39445.15 39534.92 39624.74 39714.61 39804.52 39894.48 39984.5 40074.55 40164.66 40254.81 40345.01 40435.26 40525.55 40615.88 40706.27 40796.69 40887.16
35007.71 35101.14 35194.6 35288.1 35381.63 35475.2 35568.8 35662.45 35756.12 35849.82 35943.57 36037.34 36131.15 36224.99 36318.87 36412.77 36506.71 36600.68 36694.69 36788.72 36882.79 36976.88 37071.01 37165.17 37256.14 37345.01 37433.94 37522.93 37611.96 37701.06 37790.21 37879.41 37968.67 38057.98 38147.35 38236.76 38326.23 38415.75 38505.2 38594.56 38683.98 38773.45 38862.96 38952.41 39041.77 39131.19 39220.66 39310.18 39399.75 39489.37 39579.04 39668.75 39758.52 39848.34 39938.2 40028.11 40118.07 40208.08 40298.14 40388.24 40478.39 40568.58 40658.82 40749.11 40839.44 40929.82
35043.54 35136.88 35230.24 35323.64 35417.09 35510.56 35604.07 35697.62 35791.2 35884.82 35978.46 36072.15 36165.87 36259.62 36353.4 36447.22 36541.07 36634.96 36728.87 36822.82 36916.8 37010.81 37104.85 37198.93 37293.03 37387.16 37479.73 37568.61 37657.54 37746.52 37835.57 37924.66 38013.81 38103.02 38192.28 38281.59 38370.95 38460.37 38549.84 38639.36 38728.8 38818.16 38907.58 38997.05 39086.57 39176.01 39265.38 39354.8 39444.27 39533.78 39623.35 39712.97 39802.64 39892.36 39982.12 40071.93 40161.8 40251.71 40341.66 40431.67 40521.72 40611.82 40701.96 40792.16 40882.39 40972.67
35079.63 35172.86 35266.13 35359.44 35452.79 35546.17 35639.59 35733.04 35826.53 35920.05 36013.61 36107.2 36200.83 36294.49 36388.18 36481.91 36575.68 36669.47 36763.3 36857.16 36951.05 37044.97 37138.93 37232.91 37326.93 37420.98 37515.06 37609.18 37703.32 37792.2 37881.13 37970.12 38059.16 38148.26 38237.42 38326.62 38415.88 38505.2 38594.56 38683.98 38773.45 38862.96 38952.41 39041.77 39131.19 39220.66 39310.18 39399.62 39488.98 39578.4 39667.87 39757.39 39846.96 39936.57 40026.24 40115.96 40205.72 40295.54 40385.39 40475.3 40565.26 40655.26 40745.3 40835.4 40925.54 41015.73
