InputData/dist_9.txt
ncols         425
nrows         149
xllcorner     556245.37652931
yllcorner     8175522.4298822
cellsize      100
NODATA_value  -9999
[rows 29 to 57 of 149, columns 0 to 64 of 425]
-9999 -9999 -9999 -9999 -9999 -9999 -9999 -9999 -9999 -9999 -9999 -9999 -9999 -9999 -9999 -9999 -9999 -9999 -9999 -9999 6020.797 6118.823 6216.913 6315.062 6413.268 6511.528 6609.841 6708.204 6806.614 6905.071 7003.57 7102.112 7200.694 7299.315 7397.973 7496.666 7595.394 7694.154 7792.945 7891.768 7990.62 8089.5 8188.406 8287.34 -9999 -9999 -9999 -9999 -9999 -9999 -9999 -9999 -9999 -9999 -9999 -9999 -9999 -9999 -9999 -9999 -9999 -9999 -9999 -9999 -9999
-9999 -9999 -9999 -9999 -9999 -9999 -9999 -9999 -9999 -9999 -9999 -9999 -9999 -9999 -9999 -9999 -9999 -9999 -9999 -9999 6041.523 6139.218 6236.986 6334.824 6432.729 6530.697 6628.726 6726.812 6824.954 6923.149 7021.396 7119.691 7218.033 7316.42 7414.85 7513.321 7611.833 7710.383 7808.969 7907.591 8006.248 8104.937 8203.658 8302.409 8401.19 8500 -9999 -9999 -9999 -9999 -9999 -9999 -9999 -9999 -9999 -9999 -9999 -9999 -9999 -9999 -9999 -9999 -9999 -9999 -9999
-9999 -9999 -9999 -9999 -9999 -9999 -9999 -9999 -9999 -9999 -9999 -9999 -9999 -9999 -9999 -9999 -9999 -9999 -9999 -9999 6063.827 6161.169 6258.594 6356.1 6453.681 6551.336 6649.06 6746.851 6844.706 6942.622 7040.597 7138.627 7236.712 7334.848 7433.034 7531.268 7629.548 7727.872 7826.238 7924.645 8023.092 8121.576 8220.098 8318.653 8417.244 8515.867 8614.522 8713.208 8811.924 8910.668 9009.439 9108.238 9207.063 9305.912 9404.786 9503.684 9602.604 9701.546 9800.51 9899.495 9998.5 10097.52 10196.57 10295.63 10394.71
-9999 -9999 -9999 -9999 -9999 -9999 -9999 -9999 -9999 -9999 -9999 -9999 -9999 -9999 -9999 -9999 -9999 -9999 -9999 -9999 -9999 6184.658 6281.72 6378.872 6476.11 6573.431 6670.832 6768.309 6865.857 6963.476 7061.162 7158.911 7256.721 7354.59 7452.516 7550.497 7648.529 7746.612 7844.744 7942.921 8041.144 8139.41 8237.718 8336.066 8434.453 8532.878 8631.338 8729.834 8828.363 8926.926 9025.52 9124.144 9222.798 9321.48 9420.191 9518.929 9617.692 9716.48 9815.294 9914.131 10012.99 10111.87 10210.78 10309.7 10408.65
-9999 -9999 -9999 -9999 -9999 -9999 -9999 -9999 -9999 -9999 -9999 -9999 -9999 -9999 -9999 -9999 -9999 -9999 -9999 -9999 -9999 6209.67 6306.346 6403.124 6500 6596.969 6694.027 6791.171 6888.396 6985.7 7083.079 7180.529 7278.049 7375.636 7473.286 7570.997 7668.768 7766.595 7864.477 7962.412 8060.397 8158.431 8256.513 8354.64 8452.811 8551.023 8649.277 8747.571 8845.903 8944.271 9042.677 9141.116 9239.589 9338.094 9436.631 9535.198 9633.795 9732.42 9831.073 9929.753 10028.46 10127.19 10225.95 10324.73 10423.53
-9999 -9999 -9999 -9999 -9999 -9999 -9999 -9999 -9999 -9999 -9999 -9999 -9999 -9999 -9999 -9999 -9999 -9999 -9999 -9999 -9999 6236.185 6332.456 6428.841 6525.335 6621.933 6718.631 6815.424 6912.308 7009.28 7106.335 7203.471 7300.685 7397.973 7495.332 7592.76 7690.253 7787.811 7885.43 7983.107 8080.841 8178.631 8276.473 8374.365 8472.308 8570.298 8668.333 8766.413 8864.536 8962.7 9060.905 9159.148 9257.43 9355.747 9454.1 9552.486 9650.906 9749.359 9847.843 9946.356 10044.9 10143.47 10242.07 10340.7 10439.35
-9999 -9999 -9999 -9999 -9999 -9999 -9999 -9999 -9999 -9999 -9999 -9999 -9999 -9999 -9999 -9999 -9999 -9999 -9999 -9999 -9999 6258.594 6356.1 6453.681 6551.336 6648.308 6744.627 6841.053 6937.579 7034.202 7130.918 7227.725 7324.616 7421.59 7518.644 7615.773 7712.976 7810.25 7907.591 8004.999 8102.469 8200 8297.59 8395.236 8492.938 8590.692 8688.498 8786.354 8884.256 8982.205 9080.198 9178.235 9276.313 9374.434 9472.592 9570.789 9669.022 9767.292 9865.597 9963.935 10062.31 10160.71 10259.14 10357.61 10456.1
-9999 -9999 -9999 -9999 -9999 -9999 -9999 -9999 -9999 -9999 -9999 -9999 -9999 -9999 -9999 -9999 -9999 -9999 -9999 -9999 -9999 6281.72 6378.872 6476.11 6573.431 6670.832 6768.309 6865.857 6963.476 7060.453 7156.815 7253.275 7349.83 7446.476 7543.209 7640.026 7736.924 7833.901 7930.952 8028.076 8125.269 8222.53 8319.855 8417.244 8514.693 8612.2 8709.765 8807.383 8905.055 9002.777 9100.55 9198.369 9296.235 9394.147 9492.102 9590.099 9688.137 9786.215 9884.331 9982.484 10080.67 10178.9 10277.16 10375.45 10473.78
-9999 -9999 -9999 -9999 -9999 -9999 -9999 -9999 -9999 -9999 -9999 -9999 -9999 -9999 -9999 -9999 -9999 -9999 -9999 -9999 -9999 6306.346 6403.124 6500 6596.969 6694.027 6791.171 6888.396 6985.7 7083.079 7180.529 7278.049 7375.636 7472.617 7569.016 7665.507 7762.087 7858.753 7955.501 8052.329 8149.233 8246.211 8343.261 8440.379 8537.564 8634.813 8732.125 8829.496 8926.926 9024.411 9121.951 9219.545 9317.188 9414.882 9512.623 9610.411 9708.244 9806.12 9904.04 10002 10100 10198.04 10296.12 10394.23 10492.38
-9999 -9999 -9999 -9999 -9999 -9999 -9999 -9999 -9999 -9999 -9999 -9999 -9999 -9999 -9999 -9999 -9999 -9999 -9999 -9999 -9999 6332.456 6428.841 6525.335 6621.933 6718.631 6815.424 6912.308 7009.28 7106.335 7203.471 7300.685 7397.973 7495.332 7592.76 7690.253 7787.811 7884.795 7981.228 8077.747 8174.35 8271.034 8367.795 8464.632 8561.542 8658.521 8755.569 8852.684 8949.86 9047.099 9144.397 9241.753 9339.165 9436.631 9534.149 9631.719 9729.337 9827.004 9924.717 10022.47 10120.28 10218.12 10316.01 10413.93 10511.9
-9999 -9999 -9999 -9999 -9999 -9999 -9999 -9999 -9999 -9999 -9999 -9999 -9999 -9999 -9999 -9999 -9999 -9999 -9999 -9999 -9999 6360.031 6456.005 6552.099 6648.308 6744.627 6841.053 6937.579 7034.202 7130.918 7227.725 7324.616 7421.59 7518.644 7615.773 7712.976 7810.25 7907.591 8004.999 8102.469 8200 8296.987 8393.45 8489.994 8586.617 8683.317 8780.091 8876.937 8973.851 9070.832 9167.879 9264.988 9362.158 9459.387 9556.673 9654.015 9751.41 9848.857 9946.356 10043.9 10141.5 10239.14 10336.83 10434.56 10532.33
-9999 -9999 -9999 -9999 -9999 -9999 -9999 -9999 -9999 -9999 -9999 -9999 -9999 -9999 -9999 -9999 -9999 -9999 -9999 -9999 -9999 6389.053 6484.597 6580.273 6676.077 6772.001 6868.042 6964.194 7060.453 7156.815 7253.275 7349.83 7446.476 7543.209 7640.026 7736.924 7833.901 7930.952 8028.076 8125.269 8222.53 8319.855 8417.244 8514.693 8612.2 8709.19 8805.68 8902.247 8998.889 9095.604 9192.388 9289.241 9386.16 9483.143 9580.188 9677.293 9774.456 9871.677 9968.952 10066.28 10163.66 10261.09 10358.57 10456.1 10553.67
-9999 -9999 -9999 -9999 -9999 -9999 -9999 -9999 -9999 -9999 -9999 -9999 -9999 -9999 -9999 -9999 -9999 -9999 -9999 -9999 -9999 6419.501 6514.599 6609.841 6705.222 6800.735 6896.376 6992.139 7088.018 7184.01 7280.11 7376.313 7472.617 7569.016 7665.507 7762.087 7858.753 7955.501 8052.329 8149.233 8246.211 8343.261 8440.379 8537.564 8634.813 8732.125 8829.496 8926.926 9024.411 9121.403 9217.917 9314.505 9411.164 9507.892 9604.687 9701.546 9798.47 9895.453 9992.497 10089.6 10186.76 10283.97 10381.23 10478.55 10575.92
-9999 -9999 -9999 -9999 -9999 -9999 -9999 -9999 -9999 -9999 -9999 -9999 -9999 -9999 -9999 -9999 -9999 -9999 -9999 -9999 -9999 6451.356 6545.991 6640.783 6735.726 6830.813 6926.038 7021.396 7116.881 7212.489 7308.214 7404.053 7500 7596.052 7692.204 7788.453 7884.795 7981.228 8077.747 8174.35 8271.034 8367.795 8464.632 8561.542 8658.521 8755.569 8852.684 8949.86 9047.099 9144.397 9241.753 9339.165 9436.631 9533.625 9630.161 9726.768 9823.441 9920.182 10016.99 10113.85 10210.78 10307.76 10404.81 10501.9 10599.06
-9999 -9999 -9999 -9999 -9999 -9999 -9999 -9999 -9999 -9999 -9999 -9999 -9999 -9999 -9999 -9999 -9999 -9999 -9999 -9999 -9999 6484.597 6578.754 6673.08 6767.57 6862.215 6957.011 7051.95 7147.027 7242.237 7337.575 7433.034 7528.612 7624.303 7720.104 7816.009 7912.016 8008.121 8104.32 8200.609 8296.987 8393.45 8489.994 8586.617 8683.317 8780.091 8876.937 8973.851 9070.832 9167.879 9264.988 9362.158 9459.387 9556.673 9654.015 9751.41 9848.857 9945.854 10042.41 10139.03 10235.72 10332.47 10429.29 10526.16 10623.09
-9999 -9999 -9999 -9999 -9999 -9999 -9999 -9999 -9999 -9999 -9999 -9999 -9999 -9999 -9999 -9999 -9999 -9999 -9999 -9999 -9999 6514.599 6609.841 6705.222 6800.735 6894.926 6989.277 7083.784 7178.44 7273.239 7368.175 7463.243 7558.439 7653.757 7749.193 7844.744 7940.403 8036.168 8132.036 8228.001 8324.062 8420.214 8516.455 8612.781 8709.19 8805.68 8902.247 8998.889 9095.604 9192.388 9289.241 9386.16 9483.143 9580.188 9677.293 9774.456 9871.677 9968.952 10066.28 10163.66 10261.09 10358.09 10454.66 10551.3 10648
-9999 -9999 -9999 -9999 -9999 -9999 -9999 -9999 -9999 -9999 -9999 -9999 -9999 -9999 -9999 -9999 -9999 -9999 -9999 -9999 -9999 6545.991 6640.783 6735.726 6830.813 6926.038 7021.396 7116.881 7211.103 7305.478 7400 7494.665 7589.466 7684.4 7779.46 7874.643 7969.943 8065.358 8160.882 8256.513 8352.245 8448.077 8544.004 8640.023 8736.132 8832.327 8928.605 9024.966 9121.403 9217.917 9314.505 9411.164 9507.892 9604.687 9701.546 9798.47 9895.453 9992.497 10089.6 10186.76 10283.97 10381.23 10478.55 10575.92 10673.33
-9999 -9999 -9999 -9999 -9999 -9999 -9999 -9999 -9999 -9999 -9999 -9999 -9999 -9999 -9999 -9999 -9999 -9999 -9999 -9999 -9999 6578.754 6673.08 6767.57 6862.215 6957.011 7051.95 7147.027 7242.237 7337.575 7433.034 7527.284 7621.68 7716.217 7810.89 7905.694 8000.625 8095.678 8190.849 8286.133 8381.527 8477.027 8572.631 8668.333 8764.132 8860.022 8956.004 9052.071 9148.224 9244.458 9340.771 9437.16 9533.625 9630.161 9726.768 9823.441 9920.182 10016.99 10113.85 10210.78 10307.76 10404.81 10501.9 10599.06 10696.26
-9999 -9999 -9999 -9999 -9999 -9999 -9999 -9999 -9999 -9999 -9999 -9999 -9999 -9999 -9999 -9999 -9999 -9999 -9999 -9999 6519.203 6612.866 6706.713 6800.735 6894.926 6989.277 7083.784 7178.44 7273.239 7368.175 7463.243 7558.439 7653.757 7749.193 7843.469 7937.884 8032.434 8127.115 8221.922 8316.851 8411.896 8507.056 8602.325 8697.701 8793.179 8888.757 8984.431 9080.198 9176.056 9272.001 9368.03 9464.143 9560.335 9656.604 9752.948 9849.365 9945.854 10042.41 10139.03 10235.72 10332.47 10429.29 10526.16 10623.09 10720.07
-9999 -9999 -9999 -9999 -9999 -9999 -9999 -9999 -9999 -9999 -9999 -9999 -9999 -9999 -9999 -9999 -9999 -9999 -9999 -9999 6555.151 6648.308 6741.662 6835.203 6928.925 7022.82 7116.881 7211.103 7305.478 7400 7494.665 7589.466 7684.4 7779.46 7874.643 7969.943 8065.358 8159.657 8254.09 8348.652 8443.341 8538.149 8633.076 8728.115 8823.265 8918.521 9013.878 9109.336 9204.89 9300.538 9396.275 9492.102 9588.014 9684.008 9780.082 9876.234 9972.462 10068.76 10165.14 10261.58 10358.09 10454.66 10551.3 10648 10744.77
-9999 -9999 -9999 -9999 -9999 -9999 -9999 -9999 -9999 -9999 -9999 -9999 -9999 -9999 -9999 -9999 -9999 -9999 -9999 6500 6592.42 6685.058 6777.905 6870.953 6964.194 7057.62 7151.224 7244.998 7338.937 7433.034 7527.284 7621.68 7716.217 7810.89 7905.694 8000.625 8095.678 8190.849 8286.133 8381.527 8475.848 8570.298 8664.872 8759.566 8854.378 8949.302 9044.335 9139.475 9234.717 9330.059 9425.497 9521.029 9616.652 9712.363 9808.16 9904.04 10000 10096.04 10192.15 10288.34 10384.6 10480.94 10577.33 10673.8 10770.33
-9999 -9999 -9999 -9999 -9999 -9999 -9999 -9999 -9999 -9999 -9999 -9999 -9999 -9999 -9999 -9999 -9999 -9999 -9999 6539.113 6630.988 6723.095 6815.424 6907.966 7000.714 7093.659 7186.793 7280.11 7373.602 7467.262 7561.084 7655.063 7749.193 7843.469 7937.884 8032.434 8127.115 8221.922 8316.851 8411.896 8507.056 8602.325 8697.701 8792.042 8886.507 8981.091 9075.792 9170.605 9265.527 9360.556 9455.687 9550.916 9646.243 9741.663 9837.175 9932.774 10028.46 10124.23 10220.08 10316.01 10412.01 10508.09 10604.24 10700.47 10796.76
-9999 -9999 -9999 -9999 -9999 -9999 -9999 -9999 -9999 -9999 -9999 -9999 -9999 -9999 -9999 -9999 -9999 -9999 6484.597 6579.514 6670.832 6762.396 6854.196 6946.222 7038.466 7130.918 7223.573 7316.42 7409.454 7502.666 7596.052 7689.604 7783.315 7877.182 7971.198 8065.358 8159.657 8254.09 8348.652 8443.341 8538.149 8633.076 8728.115 8823.265 8918.521 9013.878 9108.238 9202.717 9297.312 9392.018 9486.833 9581.754 9676.776 9771.898 9867.117 9962.43 10057.83 10153.32 10248.9 10344.56 10440.31 10536.13 10632.03 10728 10824.05
-9999 -9999 -9999 -9999 -9999 -9999 -9999 -9999 -9999 -9999 -9999 -9999 -9999 -9999 -9999 -9999 -9999 -9999 6514.599 6609.841 6705.222 6800.735 6894.201 6985.7 7077.429 7169.379 7261.542 7353.911 7446.476 7539.231 7632.169 7725.283 7818.568 7912.016 8005.623 8099.383 8193.29 8287.34 8381.527 8475.848 8570.298 8664.872 8759.566 8854.378 8949.302 9044.335 9139.475 9234.717 9330.059 9424.437 9518.929 9613.532 9708.244 9803.061 9897.979 9992.997 10088.11 10183.32 10278.62 10374.01 10469.48 10565.04 10660.68 10756.39 10852.19
-9999 -9999 -9999 -9999 -9999 -9999 -9999 -9999 -9999 -9999 -9999 -9999 -9999 -9999 -9999 -9999 -9999 -9999 6545.991 6640.783 6735.726 6830.813 6926.038 7021.396 7116.881 7209.022 7300.685 7392.564 7484.651 7576.938 7669.42 7762.087 7854.935 7947.956 8041.144 8134.495 8228.001 8321.658 8415.462 8509.406 8603.487 8697.701 8792.042 8886.507 8981.091 9075.792 9170.605 9265.527 9360.556 9455.687 9550.916 9646.243 9740.637 9835.141 9929.753 10024.47 10119.29 10214.21 10309.22 10404.33 10499.52 10594.81 10690.18 10785.64 10881.18
-9999 -9999 -9999 -9999 -9999 -9999 -9999 -9999 -9999 -9999 -9999 -9999 -9999 -9999 -9999 -9999 -9999 6484.597 6578.754 6673.08 6767.57 6862.215 6957.011 7051.95 7147.027 7242.237 7337.575 7432.362 7523.962 7615.773 7707.788 7800 7892.401 7984.986 8077.747 8170.679 8263.776 8357.033 8450.443 8544.004 8637.708 8731.552 8825.531 8919.642 9013.878 9108.238 9202.717 9297.312 9392.018 9486.833 9581.754 9676.776 9771.898 9867.117 9962.43 10056.84 10151.35 10245.97 10340.7 10435.52 10530.43 10625.44 10720.54 10815.73 10911
-9999 -9999 -9999 -9999 -9999 -9999 -9999 -9999 -9999 -9999 -9999 -9999 -9999 -9999 -9999 -9999 -9999 6519.203 6612.866 6706.713 6800.735 6894.926 6989.277 7083.784 7178.44 7273.239 7368.175 7463.243 7558.439 7653.757 7747.258 7839.005 7930.952 8023.092 8115.417 8207.923 8300.603 8393.45 8486.46 8579.627 8672.946 8766.413 8860.022 8953.771 9047.651 9141.663 9235.8 9330.059 9424.437 9518.929 9613.532 9708.244 9803.061 9897.979 9992.997 10088.11 10183.32 10278.62 10373.04 10467.57 10562.2 10656.92 10751.74 10846.66 10941.66
-9999 -9999 -9999 -9999 -9999 -9999 -9999 -9999 -9999 -9999 -9999 -9999 -9999 -9999 -9999 -9999 6462.198 6555.151 6648.308 6741.662 6835.203 6928.925 7022.82 7116.881 7211.103 7305.478 7400 7494.665 7589.466 7684.4 7779.46 7874.643 7969.943 8062.258 8154.14 8246.211 8338.465 8430.896 8523.497 8616.264 8709.19 8802.272 8895.505 8988.882 9082.4 9176.056 9269.844 9363.76 9457.801 9551.963 9646.243 9740.637 9835.141 9929.753 10024.47 10119.29 10214.21 10309.22 10404.33 10499.52 10594.81 10689.25 10783.78 10878.42 10973.15
-9999 -9999 -9999 -9999 -9999 -9999 -9999 -9999 -9999 -9999 -9999 -9999 -9999 -9999 -9999 -9999 6500 6592.42 6685.058 6777.905 6870.953 6964.194 7057.62 7151.224 7244.998 7338.937 7433.034 7527.284 7621.68 7716.217 7810.89 7905.694 8000.625 8095.678 8190.849 8285.529 8377.351 8469.356 8561.542 8653.9 8746.428 8839.117 8931.965 9024.966 9118.114 9211.406 9304.838 9398.404 9492.102 9585.927 9679.876 9773.945 9868.131 9962.43 10056.84 10151.35 10245.97 10340.7 10435.52 10530.43 10625.44 10720.54 10815.73 10911 11005.45
