InputData/dist_9.txt
ncols         425
nrows         149
xllcorner     556245.37652931
yllcorner     8175522.4298822
cellsize      100
NODATA_value  -9999
[rows 29 to 57 of 149, columns 260 to 324 of 425]
-9999 -9999 -9999 -9999 -9999 -9999 -9999 -9999 -9999 -9999 -9999 -9999 -9999 -9999 -9999 -9999 -9999 -9999 -9999 -9999 -9999 -9999 -9999 -9999 -9999 -9999 -9999 -9999 -9999 -9999 32921.88 33021.81 33121.75 33221.68 33321.61 33421.55 33521.48 33621.42 33721.36 33821.3 33921.23 34021.17 34121.11 34221.05 34320.98 34420.93 34520.86 34620.8 34720.74 34820.68 34920.63 35020.57 35120.51 35220.45 35320.39 35420.33 35520.28 35620.22 35720.16 35820.11 35920.05 36020 36119.94 36219.88 36319.83
-9999 -9999 -9999 -9999 -9999 -9999 -9999 -9999 -9999 -9999 -9999 -9999 -9999 -9999 -9999 -9999 -9999 -9999 -9999 -9999 -9999 -9999 -9999 -9999 -9999 -9999 -9999 -9999 -9999 -9999 32925.68 33025.6 33125.52 33225.44 33325.37 33425.29 33525.21 33625.14 33725.07 33824.99 33924.92 34024.84 34124.77 34224.7 34324.63 34424.55 34524.48 34624.41 34724.34 34824.27 34924.2 35024.13 35124.07 35224 35323.93 35423.86 35523.79 35623.73 35723.66 35823.59 35923.53 36023.46 36123.4 36223.34 36323.27
-9999 -9999 -9999 -9999 -9999 -9999 -9999 -9999 -9999 -9999 -9999 -9999 -9999 -9999 -9999 -9999 -9999 -9999 -9999 -9999 -9999 -9999 -9999 -9999 -9999 -9999 -9999 -9999 -9999 32829.86 32929.77 33029.68 33129.59 33229.5 33329.42 33429.33 33529.24 33629.15 33729.07 33828.98 33928.89 34028.81 34128.73 34228.64 34328.56 34428.48 34528.39 34628.31 34728.23 34828.15 34928.07 35027.99 35127.91 35227.83 35327.75 35427.67 35527.59 35627.52 35727.44 35827.36 35927.29 36027.21 36127.14 36227.06 36326.99
-9999 -9999 -9999 -9999 -9999 -9999 -9999 -9999 -9999 -9999 -9999 -9999 -9999 -9999 -9999 -9999 -9999 -9999 -9999 -9999 -9999 -9999 -9999 -9999 -9999 -9999 -9999 -9999 32734.38 32834.28 32934.18 33034.07 33133.97 33233.87 33333.77 33433.66 33533.57 33633.46 33733.37 33833.27 33933.17 34033.07 34132.98 34232.88 34332.78 34432.69 34532.59 34632.5 34732.41 34832.31 34932.22 35032.13 35132.04 35231.95 35331.86 35431.77 35531.68 35631.59 35731.5 35831.41 35931.32 36031.24 36131.15 36231.06 36330.98
-9999 -9999 -9999 -9999 -9999 -9999 -9999 -9999 -9999 -9999 -9999 -9999 -9999 -9999 -9999 -9999 -9999 -9999 -9999 -9999 -9999 -9999 -9999 -9999 -9999 -9999 -9999 32639.24 32739.12 32839 32938.88 33038.77 33138.65 33238.53 33338.42 33438.3 33538.19 33638.07 33737.96 33837.85 33937.74 34037.63 34137.52 34237.41 34337.3 34437.19 34537.08 34636.97 34736.87 34836.76 34936.66 35036.55 35136.45 35236.34 35336.24 35436.14 35536.04 35635.94 35735.84 35835.74 35935.64 36035.54 36135.44 36235.34 36335.25
-9999 -9999 -9999 -9999 -9999 -9999 -9999 -9999 -9999 -9999 -9999 -9999 -9999 -9999 -9999 -9999 -9999 -9999 -9999 -9999 -9999 -9999 -9999 -9999 -9999 -9999 -9999 32644.29 32744.16 32844.02 32943.89 33043.76 33143.63 33243.5 33343.36 33443.23 33543.11 33642.98 33742.85 33842.72 33942.6 34042.47 34142.35 34242.23 34342.1 34441.98 34541.86 34641.74 34741.62 34841.5 34941.38 35041.26 35141.14 35241.03 35340.91 35440.8 35540.68 35640.57 35740.45 35840.34 35940.23 36040.12 36140 36239.89 36339.79
-9999 -9999 -9999 -9999 -9999 -9999 -9999 -9999 -9999 -9999 -9999 -9999 -9999 -9999 -9999 -9999 -9999 -9999 -9999 -9999 -9999 -9999 -9999 -9999 -9999 -9999 32549.81 32649.66 32749.5 32849.35 32949.2 33049.05 33148.91 33248.76 33348.61 33448.47 33548.32 33648.18 33748.04 33847.89 33947.75 34047.61 34147.47 34247.34 34347.2 34447.06 34546.93 34646.79 34746.66 34846.52 34946.39 35046.25 35146.13 35245.99 35345.86 35445.73 35545.61 35645.48 35745.35 35845.22 35945.1 36044.97 36144.85 36244.72 36344.6
-9999 -9999 -9999 -9999 -9999 -9999 -9999 -9999 -9999 -9999 -9999 -9999 -9999 -9999 -9999 -9999 -9999 -9999 -9999 -9999 -9999 -9999 -9999 -9999 -9999 32455.66 32555.49 32655.32 32755.15 32854.98 32954.82 33054.65 33154.49 33254.32 33354.16 33454 33553.84 33653.68 33753.52 33853.36 33953.2 34053.05 34152.89 34252.74 34352.58 34452.43 34552.28 34652.13 34751.98 34851.83 34951.68 35051.54 35151.39 35251.24 35351.1 35450.95 35550.81 35650.67 35750.52 35850.38 35950.24 36050.11 36149.96 36249.83 36349.69
-9999 -9999 -9999 -9999 -9999 -9999 -9999 -9999 -9999 -9999 -9999 -9999 -9999 -9999 -9999 -9999 -9999 -9999 -9999 -9999 -9999 -9999 -9999 -9999 32361.86 32461.67 32561.48 32661.29 32761.11 32860.92 32960.73 33060.55 33160.37 33260.19 33360.01 33459.83 33559.65 33659.47 33759.3 33859.12 33958.95 34058.77 34158.6 34258.43 34358.26 34458.09 34557.92 34657.75 34757.59 34857.43 34957.26 35057.1 35156.93 35256.77 35356.61 35456.45 35556.29 35656.14 35755.98 35855.82 35955.67 36055.51 36155.36 36255.21 36355.05
-9999 -9999 -9999 -9999 -9999 -9999 -9999 -9999 -9999 -9999 -9999 -9999 -9999 -9999 -9999 -9999 -9999 -9999 -9999 -9999 -9999 -9999 -9999 32268.41 32368.19 32467.98 32567.78 32667.57 32767.36 32867.16 32966.95 33066.75 33166.55 33266.35 33366.15 33465.95 33565.76 33665.56 33765.37 33865.18 33964.98 34064.79 34164.6 34264.41 34364.23 34464.04 34563.86 34663.67 34763.49 34863.3 34963.13 35062.95 35162.77 35262.59 35362.41 35462.23 35562.06 35661.88 35761.71 35861.54 35961.37 36061.2 36161.03 36260.86 36360.69
-9999 -9999 -9999 -9999 -9999 -9999 -9999 -9999 -9999 -9999 -9999 -9999 -9999 -9999 -9999 -9999 -9999 -9999 -9999 -9999 -9999 -9999 -9999 32275.07 32374.84 32474.61 32574.38 32674.15 32773.92 32873.7 32973.47 33073.25 33173.03 33272.81 33372.59 33472.38 33572.16 33671.95 33771.73 33871.52 33971.31 34071.1 34170.89 34270.69 34370.48 34470.28 34570.07 34669.87 34769.67 34869.47 34969.27 35069.07 35168.88 35268.68 35368.49 35468.3 35568.11 35667.91 35767.72 35867.54 35967.35 36067.16 36166.97 36266.79 36366.61
-9999 -9999 -9999 -9999 -9999 -9999 -9999 -9999 -9999 -9999 -9999 -9999 -9999 -9999 -9999 -9999 -9999 -9999 -9999 -9999 -9999 -9999 32182.29 32282.04 32381.79 32481.53 32581.28 32681.04 32780.79 32880.54 32980.3 33080.05 33179.81 33279.57 33379.34 33479.1 33578.86 33678.63 33778.39 33878.16 33977.93 34077.71 34177.48 34277.25 34377.03 34476.8 34576.58 34676.36 34776.14 34875.92 34975.71 35075.49 35175.28 35275.06 35374.85 35474.64 35574.43 35674.22 35774.01 35873.8 35973.6 36073.4 36173.2 36272.99 36372.79
-9999 -9999 -9999 -9999 -9999 -9999 -9999 -9999 -9999 -9999 -9999 -9999 -9999 -9999 -9999 -9999 -9999 -9999 -9999 -9999 -9999 32089.87 32189.59 32289.32 32389.04 32488.77 32588.49 32688.22 32787.96 32887.69 32987.42 33087.16 33186.89 33286.63 33386.38 33486.12 33585.86 33685.61 33785.35 33885.1 33984.85 34084.6 34184.35 34284.11 34383.86 34483.62 34583.38 34683.14 34782.9 34882.66 34982.43 35082.19 35181.96 35281.72 35381.49 35481.26 35581.04 35680.81 35780.58 35880.36 35980.13 36079.91 36179.69 36279.47 36379.25
-9999 -9999 -9999 -9999 -9999 -9999 -9999 -9999 -9999 -9999 -9999 -9999 -9999 -9999 -9999 -9999 -9999 -9999 -9999 31898.12 31997.81 32097.51 32197.21 32296.9 32396.61 32496.31 32596.01 32695.72 32795.43 32895.14 32994.85 33094.56 33194.28 33293.99 33393.71 33493.43 33593.15 33692.88 33792.6 33892.33 33992.06 34091.79 34191.52 34291.25 34390.99 34490.72 34590.46 34690.2 34789.94 34889.68 34989.43 35089.17 35188.92 35288.67 35388.42 35488.17 35587.92 35687.67 35787.43 35887.18 35986.94 36086.7 36186.46 36286.22 36385.98
-9999 -9999 -9999 -9999 -9999 -9999 -9999 -9999 -9999 -9999 -9999 -9999 -9999 -9999 -9999 -9999 -9999 31706.78 31806.45 31906.11 32005.78 32105.45 32205.12 32304.8 32404.47 32504.15 32603.83 32703.52 32803.2 32902.89 33002.57 33102.27 33201.96 33301.65 33401.35 33501.04 33600.74 33700.45 33800.15 33899.85 33999.56 34099.27 34198.98 34298.69 34398.4 34498.12 34597.83 34697.55 34797.27 34896.99 34996.71 35096.44 35196.16 35295.89 35395.62 35495.35 35595.08 35694.82 35794.55 35894.29 35994.03 36093.77 36193.51 36293.25 36392.99
-9999 -9999 -9999 -9999 -9999 -9999 -9999 -9999 -9999 -9999 -9999 -9999 -9999 -9999 31416.24 31515.87 31615.5 31715.14 31814.78 31914.42 32014.06 32113.71 32213.35 32313 32412.65 32512.3 32611.96 32711.62 32811.28 32910.94 33010.61 33110.27 33209.94 33309.61 33409.28 33508.95 33608.63 33708.31 33807.99 33907.67 34007.35 34107.04 34206.72 34306.41 34406.11 34505.8 34605.49 34705.19 34804.88 34904.59 35004.29 35103.99 35203.69 35303.4 35403.11 35502.82 35602.53 35702.24 35801.96 35901.67 36001.39 36101.11 36200.83 36300.55 36400.27
-9999 -9999 -9999 -9999 -9999 -9999 -9999 -9999 -9999 -9999 -9999 31126.2 31225.79 31325.39 31424.99 31524.59 31624.2 31723.81 31823.42 31923.03 32022.65 32122.27 32221.89 32321.51 32421.13 32520.76 32620.39 32720.03 32819.66 32919.3 33018.93 33118.57 33218.22 33317.86 33417.51 33517.16 33616.81 33716.46 33816.12 33915.78 34015.44 34115.1 34214.76 34314.43 34414.1 34513.77 34613.44 34713.11 34812.79 34912.46 35012.14 35111.82 35211.5 35311.19 35410.88 35510.56 35610.25 35709.94 35809.64 35909.33 36009.03 36108.73 36208.43 36308.13 36407.83
-9999 -9999 -9999 -9999 -9999 -9999 -9999 -9999 -9999 30936.22 31035.79 31135.35 31234.92 31334.49 31434.06 31533.63 31633.21 31732.79 31832.37 31931.96 32031.55 32131.14 32230.73 32330.33 32429.92 32529.53 32629.13 32728.73 32828.34 32927.95 33027.56 33127.18 33226.8 33326.41 33426.04 33525.66 33625.29 33724.92 33824.55 33924.18 34023.82 34123.45 34223.09 34322.73 34422.38 34522.02 34621.67 34721.32 34820.97 34920.63 35020.28 35119.94 35219.6 35319.26 35418.92 35518.59 35618.25 35717.92 35817.59 35917.27 36016.94 36116.62 36216.29 36315.97 36415.66
-9999 -9999 -9999 -9999 -9999 -9999 30647.19 30746.71 30846.23 30945.76 31045.29 31144.82 31244.36 31343.9 31443.44 31542.99 31642.54 31742.09 31841.64 31941.2 32040.76 32140.32 32239.88 32339.45 32439.02 32538.59 32638.17 32737.75 32837.33 32936.91 33036.5 33136.08 33235.67 33335.27 33434.86 33534.46 33634.06 33733.66 33833.27 33932.88 34032.48 34132.1 34231.71 34331.33 34430.95 34530.57 34630.19 34729.81 34829.44 34929.07 35028.7 35128.34 35227.97 35327.61 35427.25 35526.89 35626.54 35726.18 35825.83 35925.48 36025.13 36124.79 36224.44 36324.1 36423.76
-9999 -9999 -9999 -9999 30458.17 30557.65 30657.14 30756.63 30856.12 30955.61 31055.11 31154.62 31254.12 31353.63 31453.14 31552.65 31652.17 31751.69 31851.22 31950.74 32050.27 32149.8 32249.34 32348.88 32448.42 32547.96 32647.51 32747.06 32846.61 32946.17 33045.73 33145.29 33244.85 33344.41 33443.98 33543.55 33643.13 33742.7 33842.28 33941.86 34041.45 34141.03 34240.62 34340.21 34439.8 34539.4 34639 34738.59 34838.2 34937.8 35037.41 35137.02 35236.63 35336.24 35435.86 35535.48 35635.09 35734.72 35834.34 35933.97 36033.59 36133.23 36232.86 36332.49 36432.13
-9999 30170.18 30269.62 30369.06 30468.51 30567.96 30667.41 30766.87 30866.32 30965.79 31065.25 31164.72 31264.2 31363.67 31463.15 31562.64 31662.12 31761.61 31861.11 31960.6 32060.1 32159.6 32259.11 32358.62 32458.13 32557.64 32657.16 32756.68 32856.2 32955.73 33055.26 33154.79 33254.32 33353.86 33453.4 33552.94 33652.49 33752.04 33851.59 33951.14 34050.7 34150.26 34249.82 34349.38 34448.95 34548.52 34648.09 34747.66 34847.24 34946.82 35046.4 35145.98 35245.57 35345.16 35444.75 35544.34 35643.93 35743.53 35843.13 35942.73 36042.34 36141.94 36241.55 36341.16 36440.77
30081.56 30180.96 30280.36 30379.76 30479.17 30578.59 30678.01 30777.43 30876.85 30976.28 31075.71 31175.15 31274.59 31374.03 31473.48 31572.93 31672.38 31771.84 31871.3 31970.77 32070.24 32169.71 32269.18 32368.66 32468.14 32567.62 32667.11 32766.6 32866.09 32965.59 33065.09 33164.59 33264.09 33363.6 33463.11 33562.63 33662.14 33761.66 33861.19 33960.71 34060.24 34159.77 34259.3 34358.84 34458.38 34557.92 34657.46 34757.02 34856.56 34956.12 35055.67 35155.23 35254.79 35354.35 35453.91 35553.48 35653.05 35752.62 35852.2 35951.77 36051.35 36150.93 36250.52 36350.1 36449.69
30092.69 30192.05 30291.42 30390.79 30490.16 30589.54 30688.92 30788.31 30887.7 30987.09 31086.49 31185.89 31285.3 31384.71 31484.12 31583.54 31682.96 31782.38 31881.81 31981.24 32080.68 32180.12 32279.56 32379.01 32478.46 32577.91 32677.36 32776.82 32876.29 32975.75 33075.22 33174.69 33274.16 33373.64 33473.13 33572.61 33672.09 33771.59 33871.08 33970.57 34070.07 34169.58 34269.08 34368.59 34468.1 34567.61 34667.13 34766.65 34866.17 34965.7 35065.23 35164.75 35264.29 35363.82 35463.36 35562.9 35662.45 35761.99 35861.54 35961.09 36060.64 36160.2 36259.76 36359.32 36458.88
30104.15 30203.48 30302.8 30402.14 30501.47 30600.82 30700.16 30799.51 30898.87 30998.23 31097.59 31196.96 31296.33 31395.7 31495.08 31594.46 31693.85 31793.24 31892.63 31992.03 32091.43 32190.84 32290.25 32389.66 32489.07 32588.49 32687.92 32787.34 32886.78 32986.21 33085.64 33185.09 33284.53 33383.98 33483.43 33582.88 33682.34 33781.8 33881.26 33980.73 34080.2 34179.67 34279.15 34378.63 34478.11 34577.59 34677.08 34776.57 34876.07 34975.56 35075.06 35174.57 35274.07 35373.58 35473.09 35572.6 35672.12 35771.64 35871.16 35970.68 36070.21 36169.74 36269.27 36368.8 36468.34
30115.94 30215.23 30314.52 30413.81 30513.11 30612.42 30711.72 30811.04 30910.35 31009.68 31109 31208.33 31307.67 31407.01 31506.35 31605.7 31705.05 31804.4 31903.76 32003.13 32102.49 32201.86 32301.24 32400.62 32500 32599.39 32698.78 32798.17 32897.57 32996.97 33096.38 33195.78 33295.2 33394.61 33494.03 33593.45 33692.88 33792.31 33891.74 33991.18 34090.61 34190.06 34289.5 34388.95 34488.4 34587.86 34687.32 34786.78 34886.24 34985.71 35085.18 35184.66 35284.13 35383.61 35483.09 35582.58 35682.07 35781.56 35881.05 35980.55 36080.05 36179.55 36279.06 36378.57 36478.07
30128.06 30227.3 30326.56 30425.81 30525.07 30624.34 30723.61 30822.88 30922.16 31021.44 31120.73 31220.03 31319.32 31418.63 31517.93 31617.24 31716.56 31815.88 31915.2 32014.53 32113.86 32213.2 32312.54 32411.88 32511.23 32610.58 32709.94 32809.3 32908.66 33008.03 33107.4 33206.78 33306.16 33405.54 33504.93 33604.32 33703.71 33803.11 33902.51 34001.91 34101.32 34200.73 34300.14 34399.56 34498.98 34598.41 34697.84 34797.27 34896.7 34996.14 35095.58 35195.03 35294.48 35393.93 35493.38 35592.84 35692.3 35791.76 35891.22 35990.69 36090.16 36189.64 36289.12 36388.6 36488.08
30140.5 30239.71 30338.92 30438.13 30537.35 30636.58 30735.81 30835.04 30934.29 31033.53 31132.78 31232.04 31331.29 31430.56 31529.83 31629.1 31728.38 31827.66 31926.95 32026.24 32125.54 32224.84 32324.14 32423.45 32522.76 32622.08 32721.4 32820.73 32920.05 33019.39 33118.73 33218.07 33317.41 33416.76 33516.12 33615.47 33714.83 33814.2 33913.57 34012.94 34112.32 34211.7 34311.08 34410.46 34509.86 34609.25 34708.64 34808.05 34907.45 35006.86 35106.27 35205.68 35305.1 35404.52 35503.95 35603.37 35702.8 35802.23 35901.67 36001.11 36100.55 36200 36299.45 36398.9 36498.36
30153.28 30252.44 30351.61 30450.78 30549.96 30649.14 30748.33 30847.53 30946.73 31045.93 31145.14 31244.36 31343.58 31442.8 31542.04 31641.27 31740.51 31839.76 31939 32038.26 32137.52 32236.78 32336.05 32435.32 32534.6 32633.88 32733.16 32832.45 32931.75 33031.05 33130.35 33229.66 33328.96 33428.28 33527.6 33626.92 33726.25 33825.58 33924.92 34024.26 34123.6 34222.95 34322.3 34421.65 34521.01 34620.37 34719.73 34819.11 34918.48 35017.85 35117.23 35216.62 35316 35415.39 35514.79 35614.18 35713.58 35812.99 35912.39 36011.8 36111.22 36210.63 36310.05 36409.48 36508.9
30166.37 30265.49 30364.62 30463.75 30562.89 30662.03 30761.18 30860.33 30959.49 31058.65 31157.82 31257 31356.18 31455.37 31554.56 31653.75 31752.95 31852.16 31951.37 32050.59 32149.8 32249.03 32348.26 32447.5 32546.74 32645.98 32745.23 32844.48 32943.74 33043 33142.27 33241.54 33340.82 33440.09 33539.38 33638.67 33737.96 33837.26 33936.56 34035.86 34135.17 34234.48 34333.8 34433.13 34532.45 34631.78 34731.11 34830.45 34929.79 35029.13 35128.48 35227.83 35327.18 35426.54 35525.91 35625.27 35724.64 35824.02 35923.39 36022.77 36122.15 36221.54 36320.93 36420.32 36519.72
