InputData/dist_19.txt
ncols         222
nrows         252
xllcorner     556954.49680309
yllcorner     8200869.3568622
cellsize      100
NODATA_value  -9999
[rows 210 to 239 of 252, columns 68 to 135 of 222]
9180.959 9264.988 9347.727 9430.271 9513.148 9596.354 9679.876 9763.708 9847.843 9932.271 10016.99 10101.98 10187.25 10272.78 10358.57 10444.62 10530.91 10617.44 10704.21 10791.2 10878.42 10965.86 11053.51 11141.36 11229.43 11317.69 11406.14 11494.78 11583.61 11672.62 11761.8 11851.16 11940.69 12030.38 12119.82 12209.01 12298.37 12387.9 12477.58 12567.02 12656.22 12745.59 12835.11 12924.78 13014.61 13104.58 13194.7 13284.95 13375.35 13465.88 13556.55 13647.34 13738.27 13829.32 13920.49 14011.78 14103.19 14194.72 14286.36 14378.11 14469.97 14561.94 14654.01 14746.19 14838.46 14930.84 15023.32 15115.89
9235.8 9319.335 9403.191 9486.833 9569.222 9651.942 9734.988 9818.351 9902.02 9985.99 10070.25 10154.8 10239.63 10324.73 10410.09 10495.71 10581.59 10667.71 10754.07 10840.66 10927.49 11014.54 11101.8 11189.28 11276.97 11364.86 11452.95 11541.23 11629.7 11718.36 11807.2 11896.22 11985.41 12074.77 12164.29 12253.98 12343.42 12432.62 12521.98 12611.5 12701.18 12790.62 12879.83 12969.19 13058.71 13148.38 13238.2 13328.17 13418.27 13508.52 13598.9 13689.41 13780.06 13870.83 13961.73 14052.76 14143.9 14235.17 14326.55 14418.04 14509.65 14601.37 14693.2 14785.13 14877.16 14969.3 15061.54 15153.88
9291.394 9374.434 9457.801 9541.488 9625.487 9708.244 9790.813 9873.702 9956.907 10040.42 10124.23 10208.33 10292.72 10377.38 10462.31 10547.51 10632.97 10718.67 10804.63 10890.82 10977.25 11063.91 11150.79 11237.88 11325.19 11412.71 11500.43 11588.36 11676.47 11764.78 11853.27 11941.94 12030.79 12119.82 12209.01 12298.37 12387.9 12477.58 12567.02 12656.22 12745.59 12835.11 12924.78 13014.22 13103.43 13192.8 13282.32 13371.99 13461.8 13551.75 13641.85 13732.08 13822.45 13912.94 14003.57 14094.33 14185.2 14276.2 14367.32 14458.56 14549.91 14641.38 14732.96 14824.64 14916.43 15008.33 15100.33 15192.43
9347.727 9430.271 9513.148 9596.354 9679.876 9763.708 9847.335 9929.753 10012.49 10095.54 10178.9 10262.55 10346.5 10430.72 10515.23 10600 10685.04 10770.33 10855.87 10941.66 11027.69 11113.96 11200.45 11287.16 11374.09 11461.24 11548.59 11636.15 11723.91 11811.86 11900 11988.33 12076.84 12165.53 12254.39 12343.42 12432.62 12521.98 12611.5 12701.18 12790.62 12879.83 12969.19 13058.71 13148.38 13237.82 13327.04 13416.41 13505.92 13595.59 13685.39 13775.34 13865.42 13955.64 14046 14136.48 14227.09 14317.82 14408.68 14499.66 14590.75 14681.96 14773.29 14864.72 14956.27 15047.92 15139.68 15231.55
9403.191 9486.833 9569.222 9651.942 9734.988 9818.351 9902.02 9985.99 10068.76 10151.35 10234.26 10317.46 10400.96 10484.75 10568.82 10653.17 10737.78 10822.66 10907.79 10993.18 11078.81 11164.68 11250.78 11337.11 11423.66 11510.43 11597.41 11684.61 11772 11859.6 11947.38 12035.36 12123.53 12211.88 12300.41 12389.11 12477.98 12567.02 12656.22 12745.59 12835.11 12924.78 13014.22 13103.43 13192.8 13282.32 13371.99 13461.43 13550.65 13640.01 13729.53 13819.19 13908.99 13998.93 14089 14179.21 14269.55 14360.01 14450.61 14541.32 14632.16 14723.11 14814.18 14905.37 14996.67 15088.08 15179.59 15271.21
9457.801 9541.488 9625.487 9708.244 9790.813 9873.702 9956.907 10040.42 10124.23 10207.84 10290.29 10373.04 10456.1 10539.45 10623.09 10707.01 10791.2 10875.66 10960.38 11045.36 11130.59 11216.06 11301.77 11387.71 11473.88 11560.28 11646.89 11733.71 11820.74 11907.98 11995.42 12083.05 12170.87 12258.87 12347.06 12435.43 12523.98 12612.69 12701.57 12790.62 12879.83 12969.19 13058.71 13148.38 13237.82 13327.04 13416.41 13505.92 13595.59 13685.03 13774.25 13863.62 13953.14 14042.79 14132.59 14222.52 14312.58 14402.78 14493.1 14583.55 14674.13 14764.82 14855.64 14946.57 15037.62 15128.78 15220.05 15311.43
9513.148 9596.354 9679.876 9763.708 9847.335 9929.753 10012.49 10095.54 10178.9 10262.55 10346.5 10429.29 10511.9 10594.81 10678.01 10761.51 10845.28 10929.32 11013.63 11098.2 11183.02 11268.1 11353.41 11438.97 11524.76 11610.77 11697.01 11783.46 11870.13 11957.01 12044.09 12131.36 12218.84 12306.5 12394.35 12482.39 12570.6 12658.99 12747.55 12836.28 12925.17 13014.22 13103.43 13192.8 13282.32 13371.99 13461.43 13550.65 13640.01 13729.53 13819.19 13908.63 13997.86 14087.23 14176.74 14266.39 14356.18 14446.11 14536.16 14626.35 14716.66 14807.09 14897.65 14988.33 15079.13 15170.04 15261.06 15352.2
9569.222 9651.942 9734.988 9818.351 9902.02 9985.99 10068.76 10151.35 10234.26 10317.46 10400.96 10484.75 10568.35 10650.82 10733.59 10816.65 10900 10983.62 11067.52 11151.68 11236.1 11320.78 11405.7 11490.87 11576.27 11661.9 11747.77 11833.85 11920.15 12006.67 12093.39 12180.31 12267.44 12354.76 12442.27 12529.96 12617.84 12705.9 12794.14 12882.55 12971.12 13059.86 13148.76 13237.82 13327.04 13416.41 13505.92 13595.59 13685.03 13774.25 13863.62 13953.14 14042.79 14132.23 14221.46 14310.83 14400.35 14490 14579.78 14669.7 14759.74 14849.92 14940.21 15030.64 15121.18 15211.84 15302.61 15393.5
9625.487 9708.244 9790.813 9873.702 9956.907 10040.42 10124.23 10207.84 10290.29 10373.04 10456.1 10539.45 10623.09 10707.01 10789.81 10872.44 10955.36 11038.57 11122.05 11205.8 11289.82 11374.09 11458.62 11543.4 11628.41 11713.67 11799.15 11884.86 11970.8 12056.95 12143.31 12229.88 12316.66 12403.63 12490.8 12578.16 12665.7 12753.43 12841.34 12929.42 13017.68 13106.11 13194.7 13283.45 13372.36 13461.43 13550.65 13640.01 13729.53 13819.19 13908.63 13997.86 14087.23 14176.74 14266.39 14355.83 14445.07 14534.44 14623.95 14713.6 14803.38 14893.29 14983.32 15073.49 15163.77 15254.18 15344.71 15435.35
9674.709 9761.66 9847.335 9929.753 10012.49 10095.54 10178.9 10262.55 10346.5 10429.29 10511.9 10594.81 10678.01 10761.51 10845.28 10928.86 11011.36 11094.14 11177.21 11260.55 11344.16 11428.04 11512.17 11596.55 11681.18 11766.05 11851.16 11936.5 12022.06 12107.85 12193.85 12280.07 12366.49 12453.11 12539.94 12626.96 12714.17 12801.56 12889.14 12976.9 13064.84 13152.95 13241.22 13329.67 13418.27 13507.04 13595.96 13685.03 13774.25 13863.62 13953.14 14042.79 14132.23 14221.46 14310.83 14400.35 14490 14579.44 14668.67 14758.05 14847.56 14937.2 15026.98 15116.88 15206.91 15297.06 15387.33 15477.73
9724.711 9811.218 9897.979 9984.988 10068.76 10151.35 10234.26 10317.46 10400.96 10484.75 10568.35 10650.82 10733.59 10816.65 10900 10983.62 11067.52 11150.34 11232.99 11315.92 11399.12 11482.6 11566.33 11650.32 11734.56 11819.05 11903.78 11988.75 12073.94 12159.36 12245 12330.86 12416.92 12503.2 12589.68 12676.36 12763.23 12850.29 12937.54 13024.98 13112.59 13200.38 13288.34 13376.47 13464.77 13553.23 13641.85 13730.62 13819.55 13908.63 13997.86 14087.23 14176.74 14266.39 14355.83 14445.07 14534.44 14623.95 14713.6 14803.04 14892.28 14981.66 15071.16 15160.8 15250.57 15340.47 15430.49 15520.63
9775.479 9861.541 9947.864 10034.44 10121.26 10207.84 10290.29 10373.04 10456.1 10539.45 10623.09 10707.01 10789.81 10872.44 10955.36 11038.57 11122.05 11205.8 11289.38 11371.9 11454.69 11537.76 11621.1 11704.7 11788.55 11872.66 11957.01 12041.59 12126.42 12211.47 12296.75 12382.25 12467.96 12553.88 12640.02 12726.35 12812.88 12899.61 12986.53 13073.64 13160.93 13248.4 13336.04 13423.86 13511.85 13600 13688.32 13776.79 13865.42 13954.21 14043.15 14132.23 14221.46 14310.83 14400.35 14490 14579.44 14668.67 14758.05 14847.56 14937.2 15026.64 15115.89 15205.26 15294.77 15384.41 15474.17 15564.06
9827.004 9912.618 9998.5 10084.64 10171.04 10257.68 10344.56 10429.29 10511.9 10594.81 10678.01 10761.51 10845.28 10928.86 11011.36 11094.14 11177.21 11260.55 11344.16 11428.04 11510.86 11593.53 11676.47 11759.68 11843.14 11926.86 12010.83 12095.04 12179.49 12264.18 12349.09 12434.23 12519.58 12605.16 12690.94 12776.93 12863.13 12949.52 13036.1 13122.88 13209.84 13296.99 13384.32 13471.82 13559.5 13647.34 13735.36 13823.53 13911.87 14000.36 14089 14177.8 14266.74 14355.83 14445.07 14534.44 14623.95 14713.6 14803.04 14892.28 14981.66 15071.16 15160.8 15250.25 15339.49 15428.87 15518.38 15608.01
9879.271 9964.437 10049.88 10135.58 10221.55 10307.76 10394.23 10480.94 10567.88 10650.82 10733.59 10816.65 10900 10983.62 11067.52 11150.34 11232.99 11315.92 11399.12 11482.6 11566.33 11649.89 11732.43 11815.24 11898.32 11981.65 12065.24 12149.07 12233.15 12317.47 12402.02 12486.79 12571.79 12657.01 12742.45 12828.09 12913.95 13000 13086.25 13172.7 13259.34 13346.16 13433.17 13520.36 13607.72 13695.25 13782.96 13870.83 13958.87 14047.06 14135.42 14223.92 14312.58 14401.39 14490.34 14579.44 14668.67 14758.05 14847.56 14937.2 15026.64 15115.89 15205.26 15294.77 15384.41 15473.85 15563.1 15652.48
9932.271 10016.99 10101.98 10187.25 10272.78 10358.57 10444.62 10530.91 10617.44 10704.21 10789.81 10872.44 10955.36 11038.57 11122.05 11205.8 11289.38 11371.9 11454.69 11537.76 11621.1 11704.7 11788.55 11871.39 11954.08 12037.03 12120.23 12203.69 12287.39 12371.34 12455.52 12539.94 12624.58 12709.45 12794.53 12879.83 12965.34 13051.05 13136.97 13223.09 13309.4 13395.89 13482.58 13569.45 13656.5 13743.73 13831.12 13918.69 14006.43 14094.33 14182.38 14270.6 14358.97 14447.49 14536.16 14624.98 14713.94 14803.04 14892.28 14981.66 15071.16 15160.8 15250.25 15339.49 15428.87 15518.38 15608.01 15697.45
9985.99 10070.25 10154.8 10239.63 10324.73 10410.09 10495.71 10581.59 10667.71 10754.07 10840.66 10927.49 11011.36 11094.14 11177.21 11260.55 11344.16 11428.04 11510.86 11593.53 11676.47 11759.68 11843.14 11926.86 12010.41 12092.97 12175.8 12258.87 12342.2 12425.78 12509.6 12593.65 12677.93 12762.45 12847.18 12932.13 13017.3 13102.67 13188.25 13274.04 13360.01 13446.19 13532.55 13619.1 13705.84 13792.75 13879.84 13967.1 14054.54 14142.14 14229.9 14317.82 14405.9 14494.14 14582.52 14671.06 14759.74 14848.57 14937.54 15026.64 15115.89 15205.26 15294.77 15384.41 15473.85 15563.1 15652.48 15741.98
10040.42 10124.23 10208.33 10292.72 10377.38 10462.31 10547.51 10632.97 10718.67 10804.63 10890.82 10977.25 11063.91 11150.34 11232.99 11315.92 11399.12 11482.6 11566.33 11649.89 11732.43 11815.24 11898.32 11981.65 12065.24 12149.07 12231.93 12314.63 12397.58 12480.79 12564.24 12647.92 12731.85 12816.01 12900.39 12984.99 13069.81 13154.85 13240.09 13325.54 13411.19 13497.04 13583.08 13669.31 13755.73 13842.33 13929.11 14016.06 14103.19 14190.49 14277.96 14365.58 14453.37 14541.32 14629.42 14717.68 14806.08 14894.63 14983.32 15072.16 15161.13 15250.25 15339.49 15428.87 15518.38 15608.01 15697.45 15786.7
10095.54 10178.9 10262.55 10346.5 10430.72 10515.23 10600 10685.04 10770.33 10855.87 10941.66 11027.69 11113.96 11200.45 11287.16 11371.9 11454.69 11537.76 11621.1 11704.7 11788.55 11871.39 11954.08 12037.03 12120.23 12203.69 12287.39 12370.93 12453.51 12536.35 12619.43 12702.76 12786.32 12870.12 12954.15 13038.41 13122.88 13207.57 13292.48 13377.59 13462.91 13548.43 13634.15 13720.06 13806.16 13892.44 13978.91 14065.56 14152.38 14239.38 14326.55 14413.88 14501.38 14589.04 14676.85 14764.82 14852.95 14941.22 15029.64 15118.2 15206.91 15295.75 15384.73 15473.85 15563.1 15652.48 15741.98 15831.61
10151.35 10234.26 10317.46 10400.96 10484.75 10568.82 10653.17 10737.78 10822.66 10907.79 10993.18 11078.81 11164.68 11250.78 11337.11 11423.66 11510.43 11593.53 11676.47 11759.68 11843.14 11926.86 12010.41 12092.97 12175.8 12258.87 12342.2 12425.78 12509.6 12592.46 12675.17 12758.13 12841.34 12924.78 13008.46 13092.36 13176.49 13260.84 13345.41 13430.19 13515.18 13600.37 13685.76 13771.35 13857.13 13943.1 14029.25 14115.59 14202.11 14288.81 14375.67 14462.71 14549.91 14637.28 14724.81 14812.5 14900.34 14988.33 15076.47 15164.76 15253.2 15341.77 15430.49 15519.34 15608.33 15697.45 15786.7 15876.08
10207.84 10290.29 10373.04 10456.1 10539.45 10623.09 10707.01 10791.2 10875.66 10960.38 11045.36 11130.59 11216.06 11301.77 11387.71 11473.88 11560.28 11646.89 11732.43 11815.24 11898.32 11981.65 12065.24 12149.07 12231.93 12314.63 12397.58 12480.79 12564.24 12647.92 12731.46 12814.05 12896.9 12979.98 13063.31 13146.86 13230.65 13314.65 13398.88 13483.32 13567.98 13652.84 13737.9 13823.17 13908.63 13994.28 14080.13 14166.16 14252.37 14338.76 14425.33 14512.06 14598.97 14686.05 14773.29 14860.69 14948.24 15035.96 15123.82 15211.84 15300 15388.31 15476.76 15565.35 15654.07 15742.93 15831.93 15921.06
10262.55 10346.5 10429.29 10511.9 10594.81 10678.01 10761.51 10845.28 10929.32 11013.63 11098.2 11183.02 11268.1 11353.41 11438.97 11524.76 11610.77 11697.01 11783.46 11870.13 11954.08 12037.03 12120.23 12203.69 12287.39 12370.93 12453.51 12536.35 12619.43 12702.76 12786.32 12870.12 12952.99 13035.72 13118.69 13201.89 13285.33 13368.99 13452.88 13536.99 13621.31 13705.84 13790.58 13875.52 13960.66 14046 14131.53 14217.24 14303.15 14389.23 14475.5 14561.94 14648.55 14735.33 14822.28 14909.39 14996.67 15084.1 15171.68 15259.42 15347.31 15435.35 15523.53 15611.85 15700.32 15788.92 15877.66 15966.53
10317.46 10400.96 10484.75 10568.35 10650.82 10733.59 10816.65 10900 10983.62 11067.52 11151.68 11236.1 11320.78 11405.7 11490.87 11576.27 11661.9 11747.77 11833.85 11920.15 12006.67 12092.97 12175.8 12258.87 12342.2 12425.78 12509.6 12592.46 12675.17 12758.13 12841.34 12924.78 13008.46 13091.98 13174.6 13257.45 13340.54 13423.86 13507.41 13591.17 13675.16 13759.36 13843.77 13928.39 14013.21 14098.23 14183.44 14268.85 14354.44 14440.22 14526.18 14612.32 14698.64 14785.13 14871.79 14958.61 15045.6 15132.75 15220.05 15307.51 15395.13 15482.89 15570.81 15658.86 15747.06 15835.4 15923.88 16012.5
10373.04 10456.1 10539.45 10623.09 10707.01 10789.81 10872.44 10955.36 11038.57 11122.05 11205.8 11289.82 11374.09 11458.62 11543.4 11628.41 11713.67 11799.15 11884.86 11970.8 12056.95 12143.31 12229.88 12314.63 12397.58 12480.79 12564.24 12647.92 12731.46 12814.05 12896.9 12979.98 13063.31 13146.86 13230.65 13313.53 13396.27 13479.24 13562.45 13645.88 13729.53 13813.4 13897.48 13981.77 14066.27 14150.97 14235.87 14320.96 14406.25 14491.72 14577.38 14663.22 14749.24 14835.43 14921.8 15008.33 15095.03 15181.9 15268.92 15356.11 15443.45 15530.94 15618.58 15706.37 15794.3 15882.38 15970.6 16058.95
10429.29 10511.9 10594.81 10678.01 10761.51 10845.28 10928.86 11011.36 -9999 -9999 -9999 -9999 -9999 11512.17 11596.55 11681.18 11766.05 11851.16 11936.5 12022.06 12107.85 12193.85 12280.07 12366.49 12453.11 12536.35 12619.43 12702.76 12786.32 12870.12 12952.99 13035.72 13118.69 13201.89 13285.33 13368.99 13452.51 13535.14 13618 13701.09 13784.41 13867.95 13951.7 14035.67 14119.84 14204.22 14288.81 14373.59 14458.56 14543.73 14629.08 14714.62 14800.34 14886.24 14972.31 15058.55 15144.97 15231.55 15318.29 15405.19 15492.26 15579.47 15666.84 15754.36 15842.03 15929.85 16017.8 16105.9
-9999 -9999 -9999 10733.59 10816.65 -9999 -9999 -9999 -9999 -9999 -9999 -9999 -9999 -9999 -9999 -9999 -9999 -9999 11988.75 12073.94 12159.36 12245 12330.86 12416.92 12503.2 12589.68 12675.17 12758.13 12841.34 12924.78 13008.46 13091.98 13174.6 13257.45 13340.54 13423.86 13507.41 13591.17 13674.06 13756.82 13839.8 13923 14006.43 14090.07 14173.92 14257.98 14342.25 14426.71 14511.38 14596.23 14681.28 14766.52 14851.94 14937.54 15023.32 15109.27 15195.39 15281.69 15368.15 15454.77 15541.56 15628.5 15715.6 15802.85 15890.25 15977.8 16065.49 16153.33
-9999 -9999 -9999 -9999 -9999 -9999 -9999 -9999 -9999 -9999 -9999 -9999 -9999 -9999 -9999 -9999 -9999 -9999 -9999 -9999 -9999 -9999 -9999 12467.96 12553.88 12640.02 12726.35 12812.88 12896.9 12979.98 13063.31 13146.86 13230.65 13313.53 13396.27 13479.24 13562.45 13645.88 13729.53 13813.04 13895.68 13978.55 14061.65 14144.96 14228.49 14312.23 14396.18 14480.33 14564.68 14649.23 14733.97 14818.91 14904.03 14989.33 15074.81 15160.47 15246.31 15332.32 15418.5 15504.84 15591.34 15678.01 15764.83 15851.81 15938.95 16026.23 16113.66 16201.23
-9999 -9999 -9999 -9999 -9999 -9999 -9999 -9999 -9999 -9999 -9999 -9999 -9999 -9999 -9999 -9999 -9999 -9999 -9999 -9999 -9999 -9999 -9999 -9999 -9999 -9999 -9999 -9999 12949.52 13035.72 13118.69 13201.89 13285.33 13368.99 13452.51 13535.14 13618 13701.09 13784.41 13867.95 13951.7 14034.6 14117.37 14200.35 14283.56 14366.98 14450.61 14534.44 14618.48 14702.72 14787.16 14871.79 14956.6 15041.61 15126.8 15212.17 15297.71 15383.43 15469.32 15555.38 15641.61 15728 15814.55 15901.26 15988.12 16075.14 16162.3 16249.62
-9999 -9999 -9999 -9999 -9999 -9999 -9999 -9999 -9999 -9999 -9999 -9999 -9999 -9999 -9999 -9999 -9999 -9999 -9999 -9999 -9999 -9999 -9999 -9999 -9999 -9999 -9999 -9999 -9999 -9999 -9999 13257.45 13340.54 13423.86 13507.41 13591.17 13674.06 13756.82 -9999 -9999 -9999 -9999 -9999 -9999 -9999 14422.21 14505.52 14589.04 14672.76 14756.69 14840.82 14925.15 15009.66 15094.37 15179.26 -9999 -9999 15435.03 15520.63 15606.41 15692.35 15778.47 15864.74 15951.18 16037.77 16124.52 16211.42 16298.47
-9999 -9999 -9999 -9999 -9999 -9999 -9999 -9999 -9999 -9999 -9999 -9999 -9999 -9999 -9999 -9999 -9999 -9999 -9999 -9999 -9999 -9999 -9999 -9999 -9999 -9999 -9999 -9999 -9999 -9999 -9999 -9999 -9999 -9999 -9999 -9999 -9999 -9999 -9999 -9999 -9999 -9999 -9999 -9999 -9999 -9999 -9999 -9999 -9999 -9999 -9999 -9999 -9999 -9999 -9999 -9999 -9999 -9999 -9999 -9999 15743.57 15829.4 15915.4 16001.56 16087.88 16174.36 16261 16347.78
-9999 -9999 -9999 -9999 -9999 -9999 -9999 -9999 -9999 -9999 -9999 -9999 -9999 -9999 -9999 -9999 -9999 -9999 -9999 -9999 -9999 -9999 -9999 -9999 -9999 -9999 -9999 -9999 -9999 -9999 -9999 -9999 -9999 -9999 -9999 -9999 -9999 -9999 -9999 -9999 -9999 -9999 -9999 -9999 -9999 -9999 -9999 -9999 -9999 -9999 -9999 -9999 -9999 -9999 -9999 -9999 -9999 -9999 -9999 -9999 -9999 -9999 -9999 16052.41 16138.46 16224.67 16311.04 16397.56
