InputData/dist_20.txt
ncols         279
nrows         134
xllcorner     558997.83959468
yllcorner     8189421.0051433
cellsize      100
NODATA_value  -9999
[rows 58 to 86 of 134, columns 0 to 64 of 279]
-9999 -9999 -9999 -9999 -9999 -9999 -9999 -9999 7244.308 7343.705 7443.118 7542.546 7641.989 7741.447 7840.918 7940.403 8039.9 8139.41 8238.932 8338.465 8438.009 8537.564 8637.129 8736.704 8836.289 8935.883 9035.485 9135.097 9234.717 9334.345 9433.981 9533.625 9633.275 9732.934 9832.599 9932.271 10031.95 10131.63 10231.32 10331.02 10430.72 10530.43 10630.15 10729.87 10829.59 10929.32 11029.05 11128.79 11228.54 11328.28 11428.04 11527.79 11627.55 11727.32 11827.09 11926.86 12026.64 12126.42 12226.2 12325.99 12425.78 12525.57 12625.37 12725.17 12824.98
-9999 -9999 -9999 -9999 -9999 -9999 -9999 7134.424 7233.948 7333.485 7433.034 7532.596 7632.169 7731.753 7831.347 7930.952 8030.566 8130.19 8229.824 8329.466 8429.116 8528.774 8628.441 8728.115 8827.797 8927.485 9027.182 9126.884 9226.592 9326.307 9426.027 9525.755 9625.487 9725.225 9824.968 9924.717 10024.47 10124.23 10223.99 10323.76 10423.53 10523.31 10623.09 10722.87 10822.66 10922.45 11022.25 11122.05 11221.85 11321.66 11421.47 11521.28 11621.1 11720.92 11820.74 11920.57 12020.4 12120.23 12220.07 12319.9 12419.74 12519.58 12619.43 12719.28 12819.13
-9999 -9999 -9999 -9999 -9999 -9999 -9999 7125.307 7224.957 7324.616 7424.285 7523.962 7623.647 7723.341 7823.043 7922.752 8022.468 8122.192 8221.922 8321.658 8421.401 8521.15 8620.905 8720.665 8820.431 8920.202 9019.978 9119.759 9219.545 9319.335 9419.13 9518.929 9618.731 9718.539 9818.351 9918.165 10017.98 10117.81 10217.63 10317.46 10417.29 10517.13 10616.97 10716.81 10816.65 10916.5 11016.35 11116.2 11216.06 11315.92 11415.78 11515.64 11615.51 11715.38 11815.24 11915.12 12014.99 12114.87 12214.75 12314.63 12414.51 12514.39 12614.28 12714.17 12814.05
-9999 -9999 -9999 -9999 -9999 -9999 -9999 7117.584 7217.34 7317.103 7416.873 7516.648 7616.43 7716.217 7816.009 7915.807 8015.61 8115.417 8215.229 8315.047 8414.868 8514.693 8614.522 8714.356 8814.193 8914.034 9013.878 9113.726 9213.577 9313.432 9413.288 9513.148 9613.012 9712.878 9812.747 9912.618 10012.49 10112.37 10212.25 10312.13 10412.01 10511.9 10611.79 10711.68 10811.57 10911.46 11011.36 11111.26 11211.16 11311.06 11410.96 11510.86 11610.77 11710.68 11810.59 11910.5 12010.41 12110.33 12210.24 12310.16 12410.08 12510 12609.92 12709.84 12809.76
-9999 -9999 -9999 -9999 -9999 -9999 7011.419 7111.259 7211.103 7310.951 7410.803 7510.659 7610.519 7710.383 7810.25 7910.12 8009.994 8109.871 8209.75 8309.633 8409.519 8509.406 8609.297 8709.19 8809.086 8908.984 9008.885 9108.787 9208.691 9308.599 9408.507 9508.417 9608.33 9708.244 9808.16 9908.077 10008 10107.92 10207.84 10307.76 10407.69 10507.62 10607.54 10707.47 10807.41 10907.34 11007.27 11107.21 11207.14 11307.08 11407.02 11506.95 11606.89 11706.84 11806.78 11906.72 12006.67 12106.2 12205.33 12304.47 12403.63 12502.8 12601.98 12701.18 12800.39
-9999 -9999 -9999 -9999 -9999 6906.519 7006.426 7106.335 7206.247 7306.162 7406.079 7505.998 7605.919 7705.842 7805.767 7905.694 8005.623 8105.554 8205.486 8305.42 8405.355 8505.292 8605.231 8705.171 8805.112 8905.055 9004.999 9104.943 9204.89 9304.838 9404.786 9504.735 9604.687 9704.638 9804.591 9904.544 10004.5 10104.45 10204.41 10304.37 10404.33 10504.29 10604.24 10704.21 10804.17 10903.67 11002.73 11101.8 11200.89 11300 11399.12 11498.26 11597.41 11696.58 11795.76 11894.96 11994.17 12093.39 12192.62 12291.87 12391.13 12490.4 -9999 -9999 -9999
-9999 -9999 -9999 -9999 -9999 6902.898 7002.856 7102.816 7202.777 7302.739 7402.702 7502.666 7602.631 7702.597 7802.563 7902.531 8002.5 8102.469 8202.438 8302.409 8402.381 8502.353 8602.325 8702.299 8802.272 8902.247 9002.222 9102.197 9202.174 9302.15 9402.127 9502.105 9602.083 9701.546 9800.51 9899.495 9998.5 10097.52 10196.57 10295.63 10394.71 10493.81 10592.92 10692.05 10791.2 10890.36 10989.54 11088.73 11187.94 11287.16 11386.4 11485.64 11584.9 11684.18 11783.46 11882.76 11982.07 12081.39 12180.72 12280.07 -9999 -9999 -9999 -9999 -9999
-9999 -9999 -9999 -9999 6800.735 6900.725 7000.714 7100.704 7200.694 7300.685 7400.676 7500.667 7600.658 7700.649 7800.641 7900.633 8000.625 8100.617 8200.609 8300.603 8400.596 8500 8598.837 8697.701 8796.59 8895.505 8994.442 9093.404 9192.388 9291.394 9390.421 9489.468 9588.535 9687.621 9786.726 9885.849 9984.988 10084.15 10183.32 10282.51 10381.71 10480.94 10580.17 10679.42 10778.68 10877.96 10977.25 11076.55 11175.87 11275.19 11374.53 11473.88 11573.25 11672.62 11772 11871.39 11970.8 12070.21 12169.63 -9999 -9999 -9999 -9999 -9999 -9999
-9999 -9999 -9999 6700 6800 6900 7000 7100 7200 7299.315 7397.973 7496.666 7595.394 7694.154 7792.945 7891.768 7990.62 8089.5 8188.406 8287.34 8386.299 8485.281 8584.288 8683.317 8782.369 8881.441 8980.534 9079.647 9178.78 9277.931 9377.1 9476.286 9575.489 9674.709 9773.945 9873.196 9972.462 10071.74 10171.04 10270.35 10369.67 10469 10568.35 10667.71 10767.08 10866.46 10965.86 11065.26 11164.68 11264.1 11363.54 11462.98 11562.44 11661.9 11761.38 11860.86 11960.35 12059.85 12159.36 -9999 -9999 -9999 -9999 -9999 -9999
-9999 -9999 6592.42 6691.039 6789.698 6888.396 6987.131 7085.901 7184.706 7283.543 7382.412 7481.31 7580.237 7679.193 7778.175 7877.182 7976.215 8075.271 8174.35 8273.451 8372.574 8471.718 8570.881 8670.063 8769.265 8868.483 8967.72 9066.973 9166.242 9265.527 9364.828 9464.143 9563.473 9662.815 9762.172 9861.541 9960.924 10060.32 10159.72 10259.14 10358.57 10458.01 10557.46 10656.92 10756.39 10855.87 10955.36 11054.86 11154.37 11253.89 11353.41 11452.95 11552.49 11652.04 11751.6 11851.16 11950.73 12050.31 -9999 -9999 -9999 -9999 -9999 -9999 -9999
-9999 -9999 6576.473 6675.328 6774.216 6873.136 6972.087 7071.068 7170.077 7269.113 7368.175 7467.262 7566.373 7665.507 7764.664 7863.841 7963.04 8062.258 8161.495 8260.751 8360.023 8459.314 8558.621 8657.944 8757.282 8856.636 8956.004 9055.385 9154.78 9254.188 9353.609 9453.042 9552.486 9651.942 9751.41 9850.889 9950.377 10049.88 10149.38 10248.9 10348.43 10447.97 10547.51 10647.07 10746.63 10846.2 10945.78 11045.36 11144.95 11244.55 11344.16 11443.78 11543.4 11643.02 11742.66 11842.3 11941.94 -9999 -9999 -9999 -9999 -9999 -9999 -9999 -9999
-9999 6462.972 6562.012 6661.081 6760.178 6859.3 6958.448 7057.62 7156.815 7256.032 7355.27 7454.529 7553.807 7653.104 7752.419 7851.751 7951.101 8050.466 8149.847 8249.242 8348.652 8448.077 8547.515 8646.965 8746.428 8845.903 8945.39 9044.888 9144.397 9243.917 9343.447 9442.986 9542.536 9642.095 9741.663 9841.24 9940.825 10040.42 10140.02 10239.63 10339.25 10438.87 10538.5 10638.14 10737.78 10837.44 10937.09 11036.76 11136.43 11236.1 11335.78 11435.47 11535.16 11634.86 11734.56 11834.27 -9999 -9999 -9999 -9999 -9999 -9999 -9999 -9999 -9999
6350.59 6449.806 6549.046 6648.308 6747.592 6846.897 6946.222 7045.566 7144.928 7244.308 7343.705 7443.118 7542.546 7641.989 7741.447 7840.918 7940.403 8039.9 8139.41 8238.932 8338.465 8438.009 8537.564 8637.129 8736.704 8836.289 8935.883 9035.485 9135.097 9234.717 9334.345 9433.981 9533.625 9633.275 9732.934 9832.599 9932.271 10031.95 10131.63 10231.32 10331.02 10430.72 10530.43 10630.15 10729.87 10829.59 10929.32 11029.05 11128.79 11228.54 11328.28 11428.04 11527.79 11627.55 11727.32 11827.09 -9999 -9999 -9999 -9999 -9999 -9999 -9999 -9999 -9999
6338.77 6438.167 6537.583 6637.018 6736.468 6835.935 6935.417 7034.913 7134.424 7233.948 7333.485 7433.034 7532.596 7632.169 7731.753 7831.347 7930.952 8030.566 8130.19 8229.824 8329.466 8429.116 8528.774 8628.441 8728.115 8827.797 8927.485 9027.182 9126.884 9226.592 9326.307 9426.027 9525.755 9625.487 9725.225 9824.968 9924.717 10024.47 10124.23 10223.99 10323.76 10423.53 10523.31 10623.09 10722.87 10822.66 10922.45 11022.25 11122.05 11221.85 11321.66 11421.47 11521.28 11621.1 11720.92 -9999 -9999 -9999 -9999 -9999 -9999 -9999 -9999 -9999 -9999
6328.507 6428.063 6527.634 6627.217 6726.812 6826.419 6926.038 7025.667 7125.307 7224.957 7324.616 7424.285 7523.962 7623.647 7723.341 7823.043 7922.752 8022.468 8122.192 8221.922 8321.658 8421.401 8521.15 8620.905 8720.665 8820.431 8920.202 9019.978 9119.759 9219.545 9319.335 9419.13 9518.929 9618.731 9718.539 9818.351 9918.165 10017.98 10117.81 10217.63 10317.46 10417.29 10517.13 10616.97 10716.81 10816.65 10916.5 11016.35 11116.2 11216.06 11315.92 11415.78 11515.64 11615.51 -9999 -9999 -9999 -9999 -9999 -9999 -9999 -9999 -9999 -9999 -9999
6319.81 6419.501 6519.203 6618.912 6718.631 6818.357 6918.092 7017.834 7117.584 7217.34 7317.103 7416.873 7516.648 7616.43 7716.217 7816.009 7915.807 8015.61 8115.417 8215.229 8315.047 8414.868 8514.693 8614.522 8714.356 8814.193 8914.034 9013.878 9113.726 9213.577 9313.432 9413.288 9513.148 9613.012 9712.878 9812.747 9912.618 10012.49 10112.37 10212.25 10312.13 10412.01 10511.9 10611.79 10711.68 10811.57 10911.46 11011.36 11111.26 11211.16 11311.06 11410.96 11510.86 -9999 -9999 -9999 -9999 -9999 -9999 -9999 -9999 -9999 -9999 -9999 -9999
6312.686 6412.488 6512.296 6612.11 6711.93 6811.754 6911.584 7011.419 7111.259 7211.103 7310.951 7410.803 7510.659 7610.519 7710.383 7810.25 7910.12 8009.994 8109.871 8209.75 8309.633 8409.519 8509.406 8609.297 8709.19 8809.086 8908.984 9008.885 9108.787 9208.691 9308.599 9408.507 9508.417 9608.33 9708.244 9808.16 9908.077 10008 10107.92 10207.84 10307.76 10407.69 10507.62 10607.54 10707.47 10807.41 10907.34 11007.27 11107.21 11207.14 11307.08 11407.02 11506.95 -9999 -9999 -9999 -9999 -9999 -9999 -9999 -9999 -9999 -9999 -9999 -9999
6307.139 6407.027 6506.919 6606.814 6706.713 6806.614 6906.519 7006.426 7106.335 7206.247 7306.162 7406.079 7505.998 7605.919 7705.842 7805.767 7905.694 8005.623 8105.554 8205.486 8305.42 8405.355 8505.292 8605.231 8705.171 8805.112 8905.055 9004.999 9104.943 9204.89 9304.838 9404.786 9504.735 9604.687 9704.638 9804.591 9904.544 10004.5 10104.45 10204.41 10304.37 10404.33 10504.29 10604.24 10704.21 10804.17 10904.13 11004.09 11104.05 11204.02 11303.98 11403.95 -9999 -9999 -9999 -9999 -9999 -9999 -9999 -9999 -9999 -9999 -9999 -9999 -9999
6303.174 6403.124 6503.076 6603.03 6702.984 6802.94 6902.898 7002.856 7102.816 7202.777 7302.739 7402.702 7502.666 7602.631 7702.597 7802.563 7902.531 8002.5 8102.469 8202.438 8302.409 8402.381 8502.353 8602.325 8702.299 8802.272 8902.247 9002.222 9102.197 9202.174 9302.15 9402.127 9502.105 9602.083 9702.062 9802.041 9902.02 10002 10101.98 10201.96 10301.94 10401.92 10501.9 10601.89 10701.87 10801.85 10901.83 11001.82 11101.8 11201.79 11301.77 -9999 -9999 -9999 -9999 -9999 -9999 -9999 -9999 -9999 -9999 -9999 -9999 -9999 -9999
-9999 6400.781 6500.769 6600.757 6700.746 6800.735 6900.725 7000.714 7100.704 7200.694 7300.685 7400.676 7500.667 7600.658 7700.649 7800.641 7900.633 8000.625 8100.617 8200.609 8300.603 8400.596 8500.588 8600.581 8700.574 8800.568 8900.562 9000.556 9100.55 9200.544 9300.538 9400.532 9500.526 9600.521 9700.516 9800.51 9900.505 10000.5 10100.5 10200.49 10300.49 10400.48 10500.48 10600.47 10700.47 10800.46 10900.46 11000.45 11100.45 11200.45 -9999 -9999 -9999 -9999 -9999 -9999 -9999 -9999 -9999 -9999 -9999 -9999 -9999 -9999 -9999
-9999 -9999 6500 6600 6700 6800 6900 7000 7100 7200 7300 7400 7500 7600 7700 7800 7900 8000 8100 8200 8300 8400 8500 8600 8700 8800 8900 9000 9100 9200 9300 9400 9500 9600 9700 9800 9900 10000 10100 10200 10300 10400 10500 10600 10700 10800 10900 11000 11100 11200 -9999 -9999 -9999 -9999 -9999 -9999 -9999 -9999 -9999 -9999 -9999 -9999 -9999 -9999 -9999
-9999 -9999 -9999 -9999 6700 6800 6900 7000 7100 7200 7300 7400 7500 7600 7700 7800 7900 8000 8100 8200 8300 8400 8500 8600 8700 8800 8900 9000 9100 9200 9300 9400 9500 9600 9700 9800 9900 10000 10100 10200 10300 10400 10500 10600 10700 10800 10900 11000 11100 -9999 -9999 -9999 -9999 -9999 -9999 -9999 -9999 -9999 -9999 -9999 -9999 -9999 -9999 -9999 -9999
-9999 -9999 -9999 -9999 -9999 6800 6900 7000 7100 7200 7300 7400 7500 7600 7700 7800 7900 8000 8100 8200 8300 8400 8500 8600 8700 8800 8900 9000 9100 9200 9300 9400 9500 9600 9700 9800 9900 10000 10100 10200 10300 10400 10500 10600 10700 10800 10900 11000 -9999 -9999 -9999 -9999 -9999 -9999 -9999 -9999 -9999 -9999 -9999 -9999 -9999 -9999 -9999 -9999 -9999
-9999 -9999 -9999 -9999 -9999 -9999 6900 7000 7100 7200 7300 7400 7500 7600 7700 7800 7900 8000 8100 8200 8300 8400 8500 8600 8700 8800 8900 9000 9100 9200 9300 9400 9500 9600 9700 9800 9900 10000 10100 10200 10300 10400 10500 10600 10700 10800 10900 -9999 -9999 -9999 -9999 -9999 -9999 -9999 -9999 -9999 -9999 -9999 -9999 -9999 -9999 -9999 -9999 -9999 -9999
-9999 -9999 -9999 -9999 -9999 -9999 -9999 7000 7100 7200 7300 7400 7500 7600 7700 7800 7900 8000 8100 8200 8300 8400 8500 8600 8700 8800 8900 9000 9100 9200 9300 9400 9500 9600 9700 9800 9900 10000 10100 10200 10300 10400 10500 10600 10700 10800 10900 -9999 -9999 -9999 -9999 -9999 -9999 -9999 -9999 -9999 -9999 -9999 -9999 -9999 -9999 -9999 -9999 -9999 -9999
-9999 -9999 -9999 -9999 -9999 -9999 -9999 -9999 7100 7200 7300 7400 7500 7600 7700 7800 7900 8000 8100 8200 8300 8400 8500 8600 8700 8800 8900 9000 9100 9200 9300 9400 9500 9600 9700 9800 9900 10000 10100 10200 10300 10400 10500 10600 10700 10800 -9999 -9999 -9999 -9999 -9999 -9999 -9999 -9999 -9999 -9999 -9999 -9999 -9999 -9999 -9999 -9999 -9999 -9999 -9999
-9999 -9999 -9999 -9999 -9999 -9999 -9999 -9999 -9999 -9999 7300 7400 7500 7600 7700 7800 7900 8000 8100 8200 8300 8400 8500 8600 8700 8800 8900 9000 9100 9200 9300 9400 9500 9600 9700 9800 9900 10000 10100 10200 10300 10400 10500 10600 10700 -9999 -9999 -9999 -9999 -9999 -9999 -9999 -9999 -9999 -9999 -9999 -9999 -9999 -9999 -9999 -9999 -9999 -9999 -9999 -9999
-9999 -9999 -9999 -9999 -9999 -9999 -9999 -9999 -9999 -9999 -9999 7400 7500 7600 7700 7800 7900 8000 8100 8200 8300 8400 8500 8600 8700 8800 8900 9000 9100 9200 9300 9400 9500 9600 9700 9800 9900 10000 10100 10200 10300 10400 10500 10600 -9999 -9999 -9999 -9999 -9999 -9999 -9999 -9999 -9999 -9999 -9999 -9999 -9999 -9999 -9999 -9999 -9999 -9999 -9999 -9999 -9999
-9999 -9999 -9999 -9999 -9999 -9999 -9999 -9999 -9999 -9999 -9999 -9999 7500 7600 7700 7800 7900 8000 8100 8200 8300 8400 8500 8600 8700 8800 8900 9000 9100 9200 9300 9400 9500 9600 9700 9800 9900 10000 10100 10200 10300 10400 10500 -9999 -9999 -9999 -9999 -9999 -9999 -9999 -9999 -9999 -9999 -9999 -9999 -9999 -9999 -9999 -9999 -9999 -9999 -9999 -9999 -9999 -9999
