InputData/dist_15.txt
ncols         179
nrows         191
xllcorner     511130.79369993
yllcorner     8186024.366672
cellsize      100
NODATA_value  -9999
[rows 58 to 86 of 191, columns 0 to 65 of 179]
-9999 -9999 -9999 -9999 -9999 -9999 -9999 -9999 -9999 -9999 -9999 -9999 -9999 -9999 -9999 -9999 -9999 -9999 -9999 -9999 -9999 -9999 -9999 -9999 -9999 -9999 -9999 -9999 -9999 -9999 -9999 -9999 -9999 -9999 -9999 -9999 -9999 35144.98 35073.64 35002.43 34931.36 34860.44 34789.65 34719.02 34648.23 34577.59 34506.81 34436.17 34365.68 34295.34 34225.14 34155.09 34085.19 34015.44 33945.84 33876.39 33807.1 33737.96 33668.98 33600.15 33531.48 33462.96 33379.34 33279.57 33179.81 33080.05
-9999 -9999 -9999 -9999 -9999 -9999 -9999 -9999 -9999 -9999 -9999 -9999 -9999 -9999 -9999 -9999 -9999 -9999 -9999 -9999 -9999 -9999 -9999 -9999 -9999 -9999 -9999 -9999 -9999 -9999 -9999 -9999 -9999 -9999 -9999 -9999 -9999 35075.06 35003.57 34932.22 34861.01 34789.94 34719.02 34648.23 34577.59 34506.81 34436.17 34365.39 34294.75 34224.26 34153.92 34083.72 34013.67 33943.78 33874.03 33804.44 33735 33665.71 33596.58 33527.6 33458.78 33390.12 33321.61 33253.27 33185.09 33087.16
-9999 -9999 -9999 -9999 -9999 -9999 -9999 -9999 -9999 -9999 -9999 -9999 -9999 -9999 -9999 -9999 -9999 -9999 -9999 -9999 -9999 -9999 -9999 -9999 -9999 -9999 -9999 -9999 -9999 -9999 -9999 -9999 -9999 -9999 -9999 -9999 35077.06 35005.29 34933.65 34862.16 34790.8 34719.59 34648.52 34577.59 34506.81 34436.17 34365.39 34294.75 34223.97 34153.33 34082.84 34012.5 33942.3 33872.26 33802.37 33732.63 33663.04 33593.6 33524.32 33455.2 33386.23 33317.41 33248.76 33180.27 33111.93 33043.76
-9999 -9999 -9999 -9999 -9999 -9999 -9999 -9999 -9999 -9999 -9999 -9999 -9999 -9999 -9999 -9999 -9999 -9999 -9999 -9999 -9999 -9999 -9999 -9999 -9999 -9999 -9999 -9999 -9999 -9999 -9999 -9999 -9999 -9999 -9999 -9999 35007.57 34935.66 34863.88 34792.24 34720.74 34649.39 34578.17 34507.1 34436.17 34365.39 34294.75 34223.97 34153.33 34082.55 34011.91 33941.42 33871.08 33800.89 33730.85 33660.96 33591.22 33521.64 33452.2 33382.93 33313.81 33244.85 33176.05 33107.4 33038.92 32970.59
-9999 -9999 -9999 -9999 -9999 -9999 -9999 -9999 -9999 -9999 -9999 -9999 -9999 -9999 -9999 -9999 -9999 -9999 -9999 -9999 -9999 -9999 -9999 -9999 -9999 -9999 -9999 -9999 -9999 -9999 -9999 -9999 -9999 -9999 -9999 35010.43 34938.23 34866.17 34794.25 34722.47 34650.83 34579.33 34507.97 34436.75 34365.68 34294.75 34223.97 34153.33 34082.55 34011.91 33941.13 33870.49 33800 33729.66 33659.47 33589.43 33519.55 33449.81 33380.23 33310.81 33241.54 33172.43 33103.47 33034.68 32966.04 32897.57
-9999 -9999 -9999 -9999 -9999 -9999 -9999 -9999 -9999 -9999 -9999 -9999 -9999 -9999 -9999 -9999 -9999 -9999 -9999 -9999 -9999 -9999 -9999 -9999 -9999 -9999 -9999 -9999 -9999 -9999 -9999 -9999 -9999 -9999 -9999 34941.38 34869.04 34796.84 34724.77 34652.85 34581.06 34509.42 34437.91 34366.55 34295.34 34224.26 34153.33 34082.55 34011.91 33941.13 33870.49 33799.7 33729.07 33658.58 33588.24 33518.05 33448.02 33378.14 33308.41 33238.83 33169.41 33100.15 33031.05 32962.1 32893.31 32824.69
-9999 -9999 -9999 -9999 -9999 -9999 -9999 -9999 -9999 -9999 -9999 -9999 -9999 -9999 -9999 -9999 -9999 -9999 -9999 -9999 -9999 -9999 -9999 -9999 -9999 -9999 -9999 -9999 -9999 -9999 -9999 -9999 -9999 -9999 34945.1 34872.48 34800 34727.66 34655.45 34583.38 34511.45 34439.66 34368.01 34296.5 34225.14 34153.92 34082.84 34011.91 33941.13 33870.49 33799.7 33729.07 33658.28 33587.65 33517.16 33446.82 33376.64 33306.61 33236.73 33167 33097.43 33028.02 32958.76 32889.66 32820.73 32751.95
-9999 -9999 -9999 -9999 -9999 -9999 -9999 -9999 -9999 -9999 -9999 -9999 -9999 -9999 -9999 -9999 -9999 -9999 -9999 -9999 -9999 -9999 -9999 -9999 -9999 -9999 -9999 -9999 -9999 -9999 -9999 -9999 -9999 -9999 34876.5 34803.73 34731.11 34658.62 34586.27 34514.05 34441.98 34370.05 34298.25 34226.6 34155.09 34083.72 34012.5 33941.42 33870.49 33799.7 33729.07 33658.28 33587.65 33516.86 33446.23 33375.74 33305.41 33235.22 33165.19 33095.32 33025.6 32956.03 32886.63 32817.38 32748.28 32679.35
-9999 -9999 -9999 -9999 -9999 -9999 -9999 -9999 -9999 -9999 -9999 -9999 -9999 -9999 -9999 -9999 -9999 -9999 -9999 -9999 -9999 -9999 -9999 -9999 -9999 -9999 -9999 -9999 -9999 -9999 -9999 -9999 -9999 34881.08 34808.05 34735.14 34662.37 34589.74 34517.24 34444.88 34372.66 34300.58 34228.64 34156.84 34085.19 34013.67 33942.3 33871.08 33800 33729.07 33658.28 33587.65 33516.86 33446.23 33375.44 33304.8 33234.32 33163.99 33093.8 33023.78 32953.91 32884.19 32814.63 32745.23 32675.98 32606.9
-9999 -9999 -9999 -9999 -9999 -9999 -9999 -9999 -9999 -9999 -9999 -9999 -9999 -9999 -9999 -9999 -9999 -9999 -9999 -9999 -9999 -9999 -9999 -9999 -9999 -9999 -9999 -9999 -9999 -9999 -9999 -9999 -9999 34812.93 34739.75 34666.7 34593.79 34521.01 34448.37 34375.86 34303.5 34231.27 34159.19 34087.24 34015.44 33943.78 33872.26 33800.89 33729.66 33658.58 33587.65 33516.86 33446.23 33375.44 33304.8 33234.02 33163.38 33092.9 33022.57 32952.39 32882.37 32812.5 32742.79 32673.23 32603.83 32534.6
-9999 -9999 -9999 -9999 -9999 -9999 -9999 -9999 -9999 -9999 -9999 -9999 -9999 -9999 -9999 -9999 -9999 -9999 -9999 -9999 -9999 -9999 -9999 -9999 -9999 -9999 -9999 -9999 -9999 -9999 -9999 -9999 -9999 34744.93 34671.6 34598.41 34525.35 34452.43 34379.64 34307 34234.48 34162.11 34089.88 34017.79 33945.84 33874.03 33802.37 33730.85 33659.47 33588.24 33517.16 33446.23 33375.44 33304.8 33234.02 33163.38 33092.6 33021.96 32951.48 32881.15 32810.97 32740.95 32671.09 32601.38 32531.83 32462.44
-9999 -9999 -9999 -9999 -9999 -9999 -9999 -9999 -9999 -9999 -9999 -9999 -9999 -9999 -9999 -9999 -9999 -9999 -9999 -9999 -9999 -9999 -9999 -9999 -9999 -9999 -9999 -9999 -9999 -9999 -9999 -9999 -9999 34677.08 34603.61 34530.28 34457.07 34384.01 34311.08 34238.28 34165.63 34093.11 34020.73 33948.49 33876.39 33804.44 33732.63 33660.96 33589.43 33518.05 33446.82 33375.74 33304.8 33234.02 33163.38 33092.6 33021.96 32951.18 32880.54 32810.06 32739.73 32669.56 32599.54 32529.68 32459.97 32390.43
-9999 -9999 -9999 -9999 -9999 -9999 -9999 -9999 -9999 -9999 -9999 -9999 -9999 -9999 -9999 -9999 -9999 -9999 -9999 -9999 -9999 -9999 -9999 -9999 -9999 -9999 -9999 -9999 -9999 -9999 -9999 -9999 34683.14 34609.39 34535.78 34462.3 34388.95 34315.74 34242.66 34169.72 34096.92 34024.26 33951.73 33879.34 33807.1 33735 33663.04 33591.22 33519.55 33448.02 33376.64 33305.41 33234.32 33163.38 33092.6 33021.96 32951.18 32880.54 32809.75 32739.12 32668.64 32598.31 32528.14 32458.13 32388.27 32318.57
-9999 -9999 -9999 -9999 -9999 -9999 -9999 -9999 -9999 -9999 -9999 -9999 -9999 -9999 -9999 -9999 -9999 -9999 -9999 -9999 -9999 -9999 -9999 -9999 -9999 -9999 -9999 -9999 -9999 -9999 -9999 -9999 34615.75 34541.86 34468.1 34394.48 34320.98 34247.63 34174.41 34101.32 34028.37 33955.56 33882.89 33810.35 33737.96 33665.71 33593.6 33521.64 33449.81 33378.14 33306.61 33235.22 33163.99 33092.9 33021.96 32951.18 32880.54 32809.75 32739.12 32668.33 32597.7 32527.22 32456.89 32386.73 32316.71 32246.86
-9999 -9999 -9999 -9999 -9999 -9999 -9999 -9999 -9999 -9999 -9999 -9999 -9999 -9999 -9999 -9999 -9999 -9999 -9999 -9999 -9999 -9999 -9999 -9999 -9999 -9999 -9999 -9999 -9999 -9999 -9999 34622.68 34548.52 34474.48 34400.58 34326.81 34253.18 34179.67 34106.3 34033.07 33959.98 33887.02 33814.2 33741.52 33668.98 33596.58 33524.32 33452.2 33380.23 33308.41 33236.73 33165.19 33093.8 33022.57 32951.48 32880.54 32809.75 32739.12 32668.33 32597.7 32526.91 32456.28 32385.8 32315.48 32245.31 32175.3
-9999 -9999 -9999 -9999 -9999 -9999 -9999 -9999 -9999 -9999 -9999 -9999 -9999 -9999 -9999 -9999 -9999 -9999 -9999 -9999 -9999 -9999 -9999 -9999 -9999 -9999 -9999 -9999 -9999 -9999 34630.19 34555.75 34481.45 34407.27 34333.22 34259.3 34185.52 34111.88 34038.36 33964.98 33891.74 33818.63 33745.67 33672.84 33600.15 33527.6 33455.2 33382.93 33310.81 33238.83 33167 33095.32 33023.78 32952.39 32881.15 32810.06 32739.12 32668.33 32597.7 32526.91 32456.28 32385.49 32314.86 32244.38 32174.06 32103.89
-9999 -9999 -9999 -9999 -9999 -9999 -9999 -9999 -9999 -9999 -9999 -9999 -9999 -9999 -9999 -9999 -9999 -9999 -9999 -9999 -9999 -9999 -9999 -9999 -9999 -9999 -9999 -9999 -9999 34638.27 34563.57 34488.98 34414.53 34340.21 34266.02 34191.96 34118.03 34044.23 33970.57 33897.05 33823.66 33750.41 33677.29 33604.32 33531.48 33458.78 33386.23 33313.81 33241.54 33169.41 33097.43 33025.6 32953.91 32882.37 32810.97 32739.73 32668.64 32597.7 32526.91 32456.28 32385.49 32314.86 32244.07 32173.44 32102.96 32032.64
-9999 -9999 -9999 -9999 -9999 -9999 -9999 -9999 -9999 -9999 -9999 -9999 -9999 -9999 -9999 -9999 -9999 -9999 -9999 -9999 -9999 -9999 -9999 -9999 -9999 -9999 -9999 -9999 34646.93 34571.95 34497.1 34422.38 34347.78 34273.31 34198.98 34124.77 34050.7 33976.76 33902.95 33829.28 33755.74 33682.34 33609.07 33535.95 33462.96 33390.12 33317.41 33244.85 33172.43 33100.15 33028.02 32956.03 32884.19 32812.5 32740.95 32669.56 32598.31 32527.22 32456.28 32385.49 32314.86 32244.07 32173.44 32102.65 32032.02 31961.54
-9999 -9999 -9999 -9999 -9999 -9999 -9999 -9999 -9999 -9999 -9999 -9999 -9999 -9999 -9999 -9999 -9999 -9999 -9999 -9999 -9999 -9999 -9999 -9999 -9999 -9999 -9999 34656.17 34580.92 34505.8 34430.8 34355.93 34281.19 34206.58 34132.1 34057.75 33983.53 33909.44 33835.48 33761.66 33687.98 33614.43 33541.02 33467.75 33394.61 33321.61 33248.76 33176.05 33103.47 33031.05 32958.76 32886.63 32814.63 32742.79 32671.09 32599.54 32528.14 32456.89 32385.8 32314.86 32244.07 32173.44 32102.65 32032.02 31961.23 31890.59
-9999 -9999 -9999 -9999 -9999 -9999 -9999 -9999 -9999 -9999 -9999 -9999 -9999 -9999 -9999 -9999 -9999 -9999 -9999 -9999 -9999 -9999 -9999 -9999 -9999 -9999 -9999 34590.46 34515.07 34439.8 34364.66 34289.65 34214.76 34140 34065.38 33990.88 33916.52 33842.28 33768.18 33694.21 33620.38 33546.68 33473.13 33399.7 33326.41 33253.27 33180.27 33107.4 33034.68 32962.1 32889.66 32817.38 32745.23 32673.23 32601.38 32529.68 32458.13 32386.73 32315.48 32244.38 32173.44 32102.65 32032.02 31961.23 31890.59 31819.8
-9999 -9999 -9999 -9999 -9999 -9999 -9999 -9999 -9999 -9999 -9999 -9999 -9999 -9999 -9999 -9999 -9999 -9999 -9999 -9999 -9999 -9999 -9999 -9999 -9999 -9999 34600.58 34524.92 34449.38 34373.97 34298.69 34223.53 34148.5 34073.6 33998.82 33924.18 33849.67 33775.29 33701.04 33626.92 33552.94 33479.1 33405.39 33331.82 33258.38 33185.09 33111.93 33038.92 32966.04 32893.31 32820.73 32748.28 32675.98 32603.83 32531.83 32459.97 32388.27 32316.71 32245.31 32174.06 32102.96 32032.02 31961.23 31890.59 31819.8 31749.17
-9999 -9999 -9999 -9999 -9999 -9999 -9999 -9999 -9999 -9999 -9999 -9999 -9999 -9999 -9999 -9999 -9999 -9999 -9999 -9999 -9999 -9999 -9999 -9999 -9999 -9999 34535.34 34459.54 34383.86 34308.31 34232.88 34157.57 34082.4 34007.35 33932.43 33857.64 33782.98 33708.46 33634.06 33559.8 33485.67 33411.68 33337.82 33264.09 33190.51 33117.07 33043.76 32970.59 32897.57 32824.69 32751.95 32679.35 32606.9 32534.6 32462.44 32390.43 32318.57 32246.86 32175.3 32103.89 32032.64 31961.54 31890.59 31819.8 31749.17 31678.38
-9999 -9999 -9999 -9999 -9999 -9999 -9999 -9999 -9999 -9999 -9999 -9999 -9999 -9999 -9999 -9999 -9999 -9999 -9999 -9999 -9999 -9999 -9999 -9999 -9999 34546.34 34470.28 34394.33 34318.51 34242.81 34167.23 34091.79 34016.46 33941.27 33866.21 33791.27 33716.46 33641.79 33567.25 33492.84 33418.56 33344.41 33270.41 33196.54 33122.8 33049.21 32975.75 32902.43 32829.25 32756.22 32683.33 32610.58 32537.98 32465.52 32393.21 32321.04 32249.03 32177.17 32105.45 32033.89 31962.48 31891.22 31820.12 31749.17 31678.38 31607.75
-9999 -9999 -9999 -9999 -9999 -9999 -9999 -9999 -9999 -9999 -9999 -9999 -9999 -9999 -9999 -9999 -9999 -9999 -9999 -9999 -9999 -9999 -9999 -9999 -9999 34481.59 34405.38 34329.29 34253.32 34177.48 34101.76 34026.17 33950.7 33875.36 33800.15 33725.07 33650.11 33575.29 33500.6 33426.04 33351.61 33277.32 33203.16 33129.14 33055.26 32981.51 32907.9 32834.43 32761.11 32687.92 32614.87 32541.97 32469.22 32396.61 32324.14 32251.82 32179.65 32107.63 32035.76 31964.04 31892.48 31821.06 31749.8 31678.7 31607.75 31536.96
-9999 -9999 -9999 -9999 -9999 -9999 -9999 -9999 -9999 -9999 -9999 -9999 -9999 -9999 -9999 -9999 -9999 -9999 -9999 -9999 -9999 -9999 -9999 -9999 34493.48 34417 34340.64 34264.41 34188.3 34112.32 34036.45 33960.71 33885.1 33809.61 33734.25 33659.03 33583.93 33508.95 33434.11 33359.41 33284.83 33210.39 33136.08 33061.91 32987.88 32913.98 32840.22 32766.6 32693.12 32619.78 32546.58 32473.53 32400.62 32327.85 32255.23 32182.76 32110.43 32038.26 31966.23 31894.36 31822.63 31751.06 31679.65 31608.38 31537.28 31466.33
-9999 -9999 -9999 -9999 -9999 -9999 -9999 -9999 -9999 -9999 -9999 -9999 -9999 -9999 -9999 -9999 -9999 -9999 -9999 -9999 -9999 -9999 -9999 34505.94 34429.2 34352.58 34276.09 34199.71 34123.45 34047.32 33971.31 33895.43 33819.67 33744.04 33668.53 33593.15 33517.91 33442.79 33367.8 33292.94 33218.22 33143.63 33069.17 32994.85 32920.66 32846.61 32772.7 32698.93 32625.3 32551.8 32478.46 32405.25 32332.18 32259.26 32186.49 32113.86 32041.38 31969.05 31896.87 31824.83 31752.95 31681.22 31609.65 31538.23 31466.97 31395.86
-9999 -9999 -9999 -9999 -9999 -9999 -9999 -9999 -9999 -9999 -9999 -9999 -9999 -9999 -9999 -9999 -9999 -9999 -9999 -9999 -9999 -9999 34518.98 34441.98 34365.1 34288.34 34211.7 34135.17 34058.77 33982.5 33906.34 33830.31 33754.41 33678.63 33602.98 33527.45 33452.05 33376.79 33301.65 33226.64 33151.77 33077.03 33002.43 32927.95 32853.61 32779.41 32705.35 32631.43 32557.64 32484 32410.49 32337.13 32263.91 32190.84 32117.91 32045.13 31972.49 31900 31827.66 31755.47 31683.43 31611.55 31539.82 31468.24 31396.81 31325.55
-9999 -9999 -9999 -9999 -9999 -9999 -9999 -9999 -9999 -9999 -9999 -9999 -9999 -9999 -9999 -9999 -9999 -9999 -9999 -9999 -9999 -9999 34455.33 34378.19 34301.17 34224.26 34147.47 34070.81 33994.27 33917.84 33841.54 33765.37 33689.32 33613.39 33537.59 33461.92 33386.38 33310.96 33235.67 33160.52 33085.5 33010.61 32935.85 32861.22 32786.73 32712.38 32638.17 32564.09 32490.15 32416.35 32342.7 32269.18 32195.81 32122.58 32049.49 31976.55 31903.76 31831.12 31758.62 31686.28 31614.08 31542.04 31470.14 31398.41 31326.83 31255.4
-9999 -9999 -9999 -9999 -9999 -9999 -9999 -9999 -9999 -9999 -9999 -9999 -9999 -9999 -9999 -9999 -9999 -9999 -9999 -9999 -9999 -9999 34391.86 34314.57 34237.41 34160.36 34083.43 34006.62 33929.93 33853.36 33776.91 33700.59 33624.39 33548.32 33472.38 33396.56 33320.86 33245.3 33169.87 33094.56 33019.39 32944.35 32869.44 32794.66 32720.03 32645.52 32571.15 32496.92 32422.83 32348.88 32275.07 32201.4 32127.87 32054.48 31981.24 31908.15 31835.2 31762.4 31689.75 31617.24 31544.89 31472.69 31400.64 31328.74 31257 31185.41
