InputData/dist_21.txt
ncols         137
nrows         122
xllcorner     572528.41721637
yllcorner     8195621.6166888
cellsize      100
NODATA_value  -9999
[rows 58 to 86 of 122, columns 0 to 65 of 137]
-9999 -9999 -9999 -9999 -9999 -9999 -9999 -9999 -9999 19140.79 19230.19 19319.68 19409.28 19498.72 19588.01 19677.4 19766.89 19856.48 19946.18 20035.97 20125.85 20215.84 20305.91 20396.08 20486.34 20576.69 20667.12 20757.65 20848.26 20938.96 21029.74 21120.61 21211.55 21302.58 21393.69 21484.88 21576.14 21667.49 21758.91 21850.4 21941.97 22033.61 22125.32 22217.11 22308.97 22400.89 22492.89 22584.95 22677.08 22769.28 22861.54 22953.87 23046.26 23138.71 23231.23 23323.81 23416.45 23509.15 23601.91 23694.72 23787.6 23880.54 23973.53 24066.57 24159.68 24252.83
-9999 -9999 -9999 -9999 -9999 -9999 -9999 -9999 -9999 19185.67 19275.11 19364.4 19453.79 19543.29 19632.88 19722.32 19811.61 19901.01 19990.5 20080.09 20169.78 20259.57 20349.45 20439.42 20529.49 20619.65 20709.9 20800.24 20890.67 20981.18 21071.78 21162.47 21253.23 21344.09 21435.02 21526.03 21617.12 21708.29 21799.54 21890.87 21982.27 22073.74 22165.29 22256.91 22348.6 22440.37 22532.2 22624.1 22716.07 22808.11 22900.22 22992.39 23084.63 23176.93 23269.29 23361.72 23454.21 23546.76 23639.37 23732.04 23824.78 23917.57 24010.41 24103.32 24196.28 24289.3
-9999 -9999 -9999 -9999 -9999 -9999 -9999 -9999 -9999 19230.19 19319.68 19409.28 19498.72 19588.01 19677.4 19766.89 19856.48 19945.93 20035.22 20124.61 20214.1 20303.69 20393.38 20483.16 20573.04 20663.01 20753.07 20843.22 20933.47 21023.8 21114.21 21204.72 21295.3 21385.98 21476.73 21567.57 21658.49 21749.48 21840.56 21931.71 22022.94 22114.25 22205.63 22297.09 22388.61 22480.21 22571.88 22663.63 22755.44 22847.32 22939.27 23031.28 23123.37 23215.51 23307.72 23400 23492.34 23584.74 23677.21 23769.73 23862.31 23954.96 24047.66 24140.42 24233.24 24326.12
-9999 -9999 -9999 -9999 -9999 -9999 -9999 -9999 19185.93 19275.11 19364.4 19453.79 19543.29 19632.88 19722.32 19811.61 19901.01 19990.5 20080.09 20169.53 20258.83 20348.22 20437.71 20527.3 20616.98 20706.76 20796.63 20886.6 20976.65 21066.8 21157.03 21247.35 21337.76 21428.25 21518.83 21609.49 21700.23 21791.05 21881.96 21972.94 22064 22155.13 22246.35 22337.64 22429 22520.44 22611.94 22703.52 22795.18 22886.9 22978.69 23070.54 23162.47 23254.46 23346.52 23438.64 23530.83 23623.08 23715.4 23807.77 23900.21 23992.71 24085.27 24177.88 24270.56 24363.29
-9999 -9999 -9999 -9999 -9999 -9999 -9999 -9999 19231.48 19320.46 19409.53 19498.72 19588.01 19677.4 19766.89 19856.48 19945.93 20035.22 20124.61 20214.1 20303.69 20393.14 20482.43 20571.83 20661.32 20750.9 20840.59 20930.36 21020.23 21110.19 21200.24 21290.37 21380.6 21470.91 21561.31 21651.79 21742.36 21833 21923.73 22014.54 22105.43 22196.4 22287.44 22378.56 22469.76 22561.03 22652.37 22743.79 22835.28 22926.84 23018.47 23110.17 23201.94 23293.78 23385.68 23477.65 23569.68 23661.78 23753.95 23846.17 23938.46 24030.81 24123.22 24215.7 24308.23 24400.82
-9999 -9999 -9999 -9999 -9999 -9999 -9999 19188.8 19277.45 19366.21 19455.08 19544.05 19633.13 19722.32 19811.61 19901.01 19990.5 20080.09 20169.53 20258.83 20348.22 20437.71 20527.3 20616.74 20706.04 20795.43 20884.92 20974.51 21064.19 21153.96 21243.82 21333.78 21423.82 21513.95 21604.17 21694.47 21784.86 21875.33 21965.88 22056.52 22147.23 22238.03 22328.9 22419.86 22510.89 22601.99 22693.17 22784.42 22875.75 22967.15 23058.62 23150.16 23241.77 23333.45 23425.2 23517.02 23608.9 23700.84 23792.86 23884.93 23977.07 24069.28 24161.54 24253.87 24346.25 24438.7
-9999 -9999 -9999 -9999 -9999 -9999 19147.06 19235.38 19323.82 19412.37 19501.03 19589.79 19678.67 19767.65 19856.74 19945.93 20035.22 20124.61 20214.1 20303.69 20393.14 20482.43 20571.83 20661.32 20750.9 20840.35 20929.64 21019.04 21108.53 21198.11 21287.79 21377.56 21467.42 21557.37 21647.4 21737.53 21827.73 21918.03 22008.41 22098.87 22189.41 22280.04 22370.74 22461.52 22552.38 22643.32 22734.34 22825.42 22916.59 23007.82 23099.13 23190.52 23281.97 23373.49 23465.08 23556.74 23648.47 23740.26 23832.12 23924.05 24016.04 24108.09 24200.21 24292.38 24384.63 24476.93
-9999 -9999 -9999 -9999 -9999 19106.28 19194.27 19282.38 19370.6 19458.93 19547.38 19635.94 19724.6 19813.38 19902.26 19991.25 20080.34 20169.53 20258.83 20348.22 20437.71 20527.3 20616.74 20706.04 20795.43 20884.92 20974.51 21063.95 21153.25 21242.65 21332.13 21421.72 21511.39 21601.16 21691.01 21780.96 21870.98 21961.1 22051.3 22141.59 22231.96 22322.41 22412.94 22503.55 22594.25 22685.02 22775.87 22866.79 22957.79 23048.86 23140.01 23231.23 23322.52 23413.88 23505.32 23596.82 23688.39 23780.03 23871.74 23963.51 24055.35 24147.26 24239.22 24331.26 24423.35 24515.51
-9999 -9999 -9999 -9999 19066.46 19154.11 19241.88 19329.77 19417.78 19505.9 19594.13 19682.48 19770.94 19859.51 19948.18 20036.97 20125.85 20214.85 20303.94 20393.14 20482.43 20571.83 20661.32 20750.9 20840.35 20929.64 21019.04 21108.53 21198.11 21287.55 21376.86 21466.25 21555.74 21645.32 21734.99 21824.76 21914.61 22004.54 22094.57 22184.68 22274.87 22365.15 22455.51 22545.95 22636.47 22727.08 22817.76 22908.51 22999.35 23090.26 23181.24 23272.3 23363.43 23454.64 23545.91 23637.26 23728.67 23820.16 23911.71 24003.33 24095.02 24186.77 24278.59 24370.47 24462.42 24554.43
-9999 -9999 -9999 19027.61 19114.92 19202.34 19289.89 19377.56 19465.35 19553.26 19641.28 19729.42 19817.67 19906.03 19994.5 20083.08 20171.76 20260.55 20349.45 20438.44 20527.54 20616.74 20706.04 20795.43 20884.92 20974.51 21063.95 21153.25 21242.65 21332.13 21421.72 21511.16 21600.46 21689.86 21779.35 21868.93 21958.6 22048.36 22138.2 22228.13 22318.15 22408.26 22498.45 22588.71 22679.06 22769.5 22860.01 22950.6 23041.27 23132.01 23222.83 23313.73 23404.7 23495.74 23586.86 23678.05 23769.31 23860.64 23952.04 24043.5 24135.04 24226.64 24318.31 24410.04 24501.84 24593.7
-9999 -9999 -9999 19076.69 19163.77 19250.97 19338.3 19425.76 19513.33 19601.02 19688.83 19776.75 19864.79 19952.95 20041.21 20129.58 20218.06 20306.65 20395.34 20484.14 20573.04 20662.04 20751.14 20840.35 20929.64 21019.04 21108.53 21198.11 21287.55 21376.86 21466.25 21555.74 21645.32 21734.77 21824.07 21913.47 22002.96 22092.53 22182.2 22271.96 22361.8 22451.73 22541.74 22631.84 22722.02 22812.28 22902.62 22993.04 23083.54 23174.12 23264.78 23355.51 23446.32 23537.21 23628.16 23719.19 23810.29 23901.46 23992.71 24084.02 24175.4 24266.85 24358.37 24449.95 24541.6 24633.31
-9999 -9999 19039.43 19126.16 19213.02 19300 19387.11 19474.34 19561.7 19649.17 19736.77 19824.48 19912.31 20000.25 20088.3 20176.47 20264.75 20353.13 20441.63 20530.22 20618.92 20707.73 20796.63 20885.64 20974.75 21063.95 21153.25 21242.65 21332.13 21421.72 21511.16 21600.46 21689.86 21779.35 21868.93 21958.37 22047.68 22137.07 22226.56 22316.14 22405.8 22495.55 22585.39 22675.32 22765.32 22855.42 22945.59 23035.84 23126.18 23216.59 23307.08 23397.65 23488.29 23579.02 23669.81 23760.68 23851.63 23942.64 24033.73 24124.88 24216.11 24307.41 24398.77 24490.2 24581.7 24673.27
-9999 19003.16 19089.53 19176.03 19262.66 19349.42 19436.31 19523.32 19610.46 19697.71 19785.1 19872.59 19960.21 20047.94 20135.79 20223.75 20311.82 20400 20488.29 20576.69 20665.19 20753.79 20842.5 20931.32 21020.23 21109.24 21198.35 21287.55 21376.86 21466.25 21555.74 21645.32 21734.77 21824.07 21913.47 22002.96 22092.53 22181.97 22271.28 22360.68 22450.17 22539.74 22629.41 22719.15 22808.99 22898.91 22988.91 23078.99 23169.16 23259.41 23349.73 23440.14 23530.62 23621.18 23711.81 23802.52 23893.3 23984.16 24075.09 24166.09 24257.16 24348.31 24439.52 24530.8 24622.14 24713.56
-9999 19053.87 19140.01 19226.28 19312.69 19399.23 19485.89 19572.69 19659.6 19746.64 19833.81 19921.09 20008.5 20096.02 20183.66 20271.41 20359.27 20447.25 20535.34 20623.53 20711.83 20800.24 20888.75 20977.37 21066.09 21154.9 21243.82 21332.84 21421.95 21511.16 21600.46 21689.86 21779.35 21868.93 21958.37 22047.68 22137.07 22226.56 22316.14 22405.58 22494.89 22584.29 22673.77 22763.35 22853.01 22942.75 23032.59 23122.5 23212.5 23302.57 23392.73 23482.97 23573.29 23663.69 23754.16 23844.71 23935.33 24026.03 24116.8 24207.64 24298.56 24389.55 24480.61 24571.73 24662.93 24754.19
-9999 19104.97 19190.88 19276.93 19363.11 19449.42 19535.87 19622.44 19709.13 19795.96 19882.91 19969.98 20057.17 20144.48 20231.91 20319.45 20407.11 20494.88 20582.76 20670.75 20758.85 20847.06 20935.38 21023.8 21112.32 21200.94 21289.67 21378.49 21467.42 21556.44 21645.55 21734.77 21824.07 21913.47 22002.96 22092.53 22181.97 22271.28 22360.68 22450.17 22539.74 22629.19 22718.49 22807.89 22897.38 22986.95 23076.61 23166.36 23256.18 23346.09 23436.08 23526.16 23616.31 23706.54 23796.85 23887.23 23977.7 24068.24 24158.85 24249.54 24340.29 24431.13 24522.03 24613 24704.05 24795.16
19070.92 19156.46 19242.14 19327.96 19413.91 19500 19586.22 19672.57 19759.05 19845.65 19932.38 20019.24 20106.22 20193.32 20280.53 20367.87 20455.32 20542.88 20630.56 20718.35 20806.25 20894.26 20982.37 21070.6 21158.92 21247.35 21335.88 21424.52 21513.25 21602.08 21691.01 21780.04 21869.16 21958.37 22047.68 22137.07 22226.56 22316.14 22405.58 22494.89 22584.29 22673.77 22763.35 22852.79 22942.1 23031.5 23120.99 23210.56 23300.21 23389.96 23479.78 23569.68 23659.67 23749.74 23839.88 23930.11 24020.41 24110.79 24201.24 24291.77 24382.37 24473.05 24563.79 24654.61 24745.5 24836.46
19123.02 19208.33 19293.78 19379.37 19465.1 19550.96 19636.96 19723.08 19809.34 19895.73 19982.24 20068.88 20155.64 20242.53 20329.54 20416.66 20503.9 20591.26 20678.73 20766.32 20854.02 20941.82 21029.74 21117.77 21205.89 21294.13 21382.47 21470.91 21559.45 21648.09 21736.84 21825.67 21914.61 22003.64 22092.76 22181.97 22271.28 22360.68 22450.17 22539.74 22629.19 22718.49 22807.89 22897.38 22986.95 23076.39 23165.71 23255.11 23344.59 23434.16 23523.82 23613.55 23703.38 23793.28 23883.26 23973.32 24063.46 24153.67 24243.97 24334.34 24424.78 24515.3 24605.89 24696.56 24787.29 24878.1
19175.51 19260.58 19345.8 19431.16 19516.66 19602.29 19688.07 19773.97 19860.01 19946.18 20032.47 20118.9 20205.45 20292.12 20378.91 20465.82 20552.86 20640.01 20727.28 20814.66 20902.15 20989.76 21077.48 21165.3 21253.23 21341.28 21429.42 21517.67 21606.02 21694.47 21783.02 21871.67 21960.42 22049.26 22138.2 22227.24 22316.36 22405.58 22494.89 22584.29 22673.77 22763.35 22852.79 22942.1 23031.5 23120.99 23210.56 23300 23389.31 23478.71 23568.2 23657.77 23747.42 23837.16 23926.97 24016.87 24106.85 24196.9 24287.03 24377.24 24467.53 24557.89 24648.33 24738.84 24829.42 24920.07
-9999 19313.21 19398.2 19483.33 19568.6 19654.01 19739.55 19825.24 19911.05 19997 20083.08 20169.28 20255.62 20342.07 20428.66 20515.36 20602.18 20689.13 20776.19 20863.37 20950.66 21038.06 21125.58 21213.2 21300.94 21388.78 21476.73 21564.79 21652.95 21741.21 21829.57 21918.03 22006.59 22095.25 22184 22272.85 22361.8 22450.84 22539.96 22629.19 22718.49 22807.89 22897.38 22986.95 23076.39 23165.71 23255.11 23344.59 23434.16 23523.61 23612.92 23702.32 23791.8 23881.37 23971.02 24060.76 24150.57 24240.46 24330.43 24420.48 24510.61 24600.81 24691.09 24781.45 24871.87 24962.37
-9999 19366.21 19450.96 19535.87 19620.91 19706.09 19791.41 19876.87 19962.46 20048.19 20134.05 20220.04 20306.16 20392.4 20478.77 20565.26 20651.88 20738.61 20825.46 20912.44 20999.52 21086.73 21174.04 21261.47 21349 21436.65 21524.4 21612.27 21700.23 21788.3 21876.47 21964.74 22053.12 22141.59 22230.16 22318.83 22407.59 22496.44 22585.39 22674.44 22763.57 22852.79 22942.1 23031.5 23120.99 23210.56 23300 23389.31 23478.71 23568.2 23657.77 23747.21 23836.53 23925.93 24015.41 24104.98 24194.63 24284.36 24374.17 24464.05 24554.02 24644.07 24734.19 24824.38 24914.65 25005
-9999 -9999 19504.1 19588.77 19673.59 19758.54 19843.64 19928.87 20014.24 20099.75 20185.39 20271.16 20357.06 20443.09 20529.25 20615.53 20701.93 20788.46 20875.11 20961.87 21048.75 21135.75 21222.87 21310.09 21397.43 21484.88 21572.44 21660.1 21747.87 21835.75 21923.73 22011.81 22100 22188.29 22276.67 22365.15 22453.73 22542.4 22631.17 22720.04 22808.99 22898.04 22987.17 23076.39 23165.71 23255.11 23344.59 23434.16 23523.61 23612.92 23702.32 23791.8 23881.37 23970.82 24060.13 24149.53 24239.02 24328.58 24418.23 24507.96 24597.76 24687.65 24777.61 24867.65 24957.76 25047.95
-9999 -9999 19557.61 19642.05 19726.63 19811.36 19896.23 19981.24 20066.39 20151.68 20237.09 20322.65 20408.33 20494.14 20580.09 20666.16 20752.35 20838.67 20925.11 21011.66 21098.34 21185.14 21272.05 21359.07 21446.21 21533.46 21620.82 21708.29 21795.87 21883.55 21971.35 22059.24 22147.23 22235.33 22323.53 22411.83 22500.22 22588.71 22677.3 22765.98 22854.76 22943.63 23032.59 23121.63 23210.77 23300 23389.31 23478.71 23568.2 23657.77 23747.21 23836.53 23925.93 24015.41 24104.98 24194.42 24283.74 24373.14 24462.63 24552.19 24641.83 24731.56 24821.36 24911.24 25001.2 25091.23
-9999 -9999 -9999 19695.69 19780.04 19864.54 19949.19 20033.97 20118.9 20203.96 20289.16 20374.49 20459.96 20545.56 20631.29 20717.14 20803.13 20889.23 20975.46 21061.81 21148.29 21234.88 21321.59 21408.41 21495.35 21582.4 21669.56 21756.84 21844.22 21931.71 22019.31 22107.01 22194.82 22282.73 22370.74 22458.85 22547.06 22635.37 22723.78 22812.28 22900.87 22989.56 23078.35 23167.22 23256.18 23345.23 23434.38 23523.61 23612.92 23702.32 23791.8 23881.37 23970.82 24060.13 24149.53 24239.02 24328.58 24418.03 24507.35 24596.75 24686.23 24775.79 24865.44 24955.16 25044.96 25134.84
-9999 -9999 -9999 19749.68 19833.81 19918.08 20002.5 20087.06 20171.76 20256.6 20341.58 20426.7 20511.95 20597.33 20682.84 20768.49 20854.26 20940.15 21026.17 21112.32 21198.58 21284.97 21371.48 21458.1 21544.84 21631.69 21718.66 21805.73 21892.92 21980.22 22067.62 22155.13 22242.75 22330.47 22418.3 22506.22 22594.25 22682.37 22770.6 22858.92 22947.33 23035.84 23124.45 23213.14 23301.93 23390.81 23479.78 23568.84 23657.98 23747.21 23836.53 23925.93 24015.41 24104.98 24194.42 24283.74 24373.14 24462.63 24552.19 24641.63 24730.95 24820.36 24909.84 24999.4 25089.04 25178.76
-9999 -9999 -9999 -9999 19887.94 19971.98 20056.17 20140.51 20224.98 20309.6 20394.36 20479.26 20564.29 20649.46 20734.75 20820.18 20905.74 20991.43 21077.24 21163.18 21249.23 21335.42 21421.72 21508.14 21594.68 21681.33 21768.1 21854.98 21941.97 22029.07 22116.28 22203.6 22291.03 22378.56 22466.2 22553.94 22641.78 22729.72 22817.76 22905.89 22994.13 23082.46 23170.89 23259.41 23348.02 23436.72 23525.52 23614.4 23703.38 23792.44 23881.58 23970.82 24060.13 24149.53 24239.02 24328.58 24418.03 24507.35 24596.75 24686.23 24775.79 24865.24 24954.56 25043.96 25133.44 25223.01
-9999 -9999 -9999 -9999 -9999 20026.23 20110.2 20194.31 20278.56 20362.96 20447.49 20532.17 20616.98 20701.93 20787.02 20872.23 20957.58 21043.05 21128.65 21214.38 21300.23 21386.21 21472.31 21558.53 21644.86 21731.31 21817.88 21904.57 21991.36 22078.27 22165.29 22252.42 22339.65 22426.99 22514.44 22601.99 22689.64 22777.4 22865.26 22953.21 23041.27 23129.42 23217.67 23306.01 23394.44 23482.97 23571.59 23660.3 23749.11 23837.99 23926.97 24016.04 24105.19 24194.42 24283.74 24373.14 24462.63 24552.19 24641.63 24730.95 24820.36 24909.84 24999.4 25088.84 25178.17 25267.57
-9999 -9999 -9999 -9999 -9999 -9999 20164.57 20248.46 20332.49 20416.66 20500.98 20585.43 20670.03 20754.76 20839.63 20924.63 21009.76 21095.02 21180.42 21265.94 21351.58 21437.35 21523.24 21609.26 21695.39 21781.64 21868.01 21954.5 22041.1 22127.81 22214.63 22301.57 22388.61 22475.77 22563.02 22650.39 22737.85 22825.42 22913.1 23000.87 23088.74 23176.71 23264.78 23352.94 23441.2 23529.56 23618 23706.54 23795.17 23883.89 23972.69 24061.59 24150.57 24239.64 24328.79 24418.03 24507.35 24596.75 24686.23 24775.79 24865.24 24954.56 25043.96 25133.44 25223.01 25312.45
-9999 -9999 -9999 -9999 -9999 -9999 -9999 -9999 -9999 20470.71 20554.8 20639.04 20723.42 20807.93 20892.58 20977.37 -9999 -9999 -9999 -9999 21403.27 21488.83 21574.52 21660.33 21746.26 21832.32 21918.48 22004.77 22091.17 22177.69 22264.32 22351.06 22437.91 22524.88 22611.94 22699.12 22786.4 22873.78 22961.27 23048.86 23136.55 23224.34 23312.23 23400.21 23488.29 23576.47 23664.74 23753.11 23841.56 23930.11 24018.74 24107.47 24196.28 24285.18 24374.17 24463.24 24552.39 24641.63 24730.95 24820.36 24909.84 24999.4 25088.84 25178.17 25267.57 25357.05
-9999 -9999 -9999 -9999 -9999 -9999 -9999 -9999 -9999 -9999 -9999 20692.99 -9999 -9999 -9999 -9999 -9999 -9999 -9999 -9999 -9999 -9999 21626.14 21711.75 21797.48 21883.33 21969.3 22055.38 22141.59 22227.91 22314.35 22400.89 22487.55 22574.32 22661.2 22748.19 22835.28 22922.48 23009.78 23097.19 23184.69 23272.3 23360.01 23447.81 23535.72 23623.72 23711.81 23800 23888.28 23976.66 24065.12 24153.67 24242.32 24331.05 24419.87 24508.77 24597.76 24686.84 24776 24865.24 24954.56 25043.96 25133.44 25223.01 25312.45 25401.77
