InputData/dist_6.txt
ncols         261
nrows         227
xllcorner     499310.88880297
yllcorner     8193391.227492
cellsize      100
NODATA_value  -9999
[rows 87 to 115 of 227, columns 130 to 194 of 261]
38707.23 38608.29 38509.35 38410.41 38311.49 38212.56 38113.64 38014.73 37915.83 37816.93 37718.03 37619.14 37520.26 37421.38 37322.51 37223.65 37124.79 37025.94 36927.09 36828.25 36729.41 36630.59 36531.77 36432.95 36334.14 36235.34 36136.55 36037.76 35938.98 35840.2 35741.43 35642.67 35543.92 35445.17 35346.43 35247.7 35148.97 35050.25 34951.54 34852.83 34754.14 34655.45 34556.77 34458.09 34359.42 34260.77 34162.11 34063.47 33964.84 33866.21 33767.59 33668.98 33570.38 33471.78 33373.19 33274.61 33176.05 33077.48 32978.93 32880.39 32781.86 32683.33 32584.81 32486.3 32387.81
38692.89 38593.91 38494.93 38395.96 38297 38198.04 38099.08 38000.13 37901.19 37802.25 37703.32 37604.39 37505.46 37406.55 37307.64 37208.73 37109.84 37010.95 36912.06 36813.18 36714.3 36615.43 36516.57 36417.71 36318.87 36220.02 36121.18 36022.36 35923.53 35824.71 35725.9 35627.1 35528.3 35429.51 35330.72 35231.95 35133.18 35034.41 34935.66 34836.91 34738.16 34639.43 34540.7 34441.98 34343.27 34244.56 34145.86 34047.17 33948.49 33849.82 33751.15 33652.49 33553.84 33455.2 33356.56 33257.93 33159.31 33060.7 32962.1 32863.5 32764.92 32666.34 32567.78 32469.22 32370.67
38678.8 38579.79 38480.77 38381.77 38282.77 38183.77 38084.77 37985.79 37886.8 37787.83 37688.86 37589.89 37490.93 37391.98 37293.03 37194.09 37095.15 36996.21 36897.29 36798.37 36699.45 36600.55 36501.64 36402.75 36303.86 36204.97 36106.09 36007.22 35908.36 35809.5 35710.64 35611.8 35512.96 35414.12 35315.29 35216.47 35117.66 35018.85 34920.05 34821.26 34722.47 34623.69 34524.92 34426.15 34327.39 34228.64 34129.9 34031.16 33932.43 33833.71 33735 33636.29 33537.59 33438.9 33340.21 33241.54 33142.87 33044.21 32945.56 32846.92 32748.28 32649.66 32551.04 32452.43 32353.82
38664.97 38565.92 38466.87 38367.82 38268.79 38169.75 38070.72 37971.7 37872.68 37773.67 37674.66 37575.66 37476.66 37377.67 37278.68 37179.7 37080.72 36981.75 36882.79 36783.83 36684.88 36585.93 36486.98 36388.05 36289.12 36190.19 36091.27 35992.36 35893.45 35794.55 35695.66 35596.77 35497.89 35399.01 35300.14 35201.28 35102.42 35003.57 34904.73 34805.89 34707.06 34608.23 34509.42 34410.61 34311.8 34213.01 34114.22 34015.44 33916.66 33817.89 33719.13 33620.38 33521.64 33422.89 33324.16 33225.44 33126.73 33028.02 32929.32 32830.63 32731.94 32633.27 32534.6 32435.94 32337.29
38651.39 38552.3 38453.22 38354.14 38255.07 38156 38056.93 37957.87 37858.82 37759.77 37660.72 37561.68 37462.65 37363.62 37264.59 37165.57 37066.56 36967.55 36868.55 36769.55 36670.56 36571.57 36472.59 36373.62 36274.65 36175.68 36076.72 35977.77 35878.82 35779.88 35680.95 35582.02 35483.09 35384.18 35285.27 35186.36 35087.46 34988.57 34889.68 34790.8 34691.93 34593.06 34494.2 34395.35 34296.5 34197.66 34098.83 34000 33901.18 33802.37 33703.56 33604.76 33505.97 33407.18 33308.41 33209.64 33110.88 33012.12 32913.37 32814.63 32715.9 32617.17 32518.46 32419.75 32321.04
38638.06 38538.94 38439.82 38340.71 38241.6 38142.5 38043.39 37944.3 37845.21 37746.13 37647.05 37547.97 37448.9 37349.83 37250.77 37151.71 37052.66 36953.62 36854.58 36755.54 36656.52 36557.49 36458.47 36359.46 36260.45 36161.45 36062.45 35963.45 35864.47 35765.48 35666.51 35567.54 35468.58 35369.62 35270.67 35171.72 35072.78 34973.85 34874.92 34776 34677.08 34578.17 34479.27 34380.37 34281.48 34182.6 34083.72 33984.85 33885.98 33787.13 33688.28 33589.43 33490.59 33391.77 33292.94 33194.13 33095.32 32996.52 32897.72 32798.93 32700.15 32601.38 32502.62 32403.86 32305.11
38624.99 38525.84 38426.68 38327.54 38228.39 38129.25 38030.12 37930.99 37831.86 37732.75 37633.63 37534.52 37435.41 37336.31 37237.21 37138.12 37039.04 36939.95 36840.88 36741.8 36642.73 36543.67 36444.62 36345.56 36246.52 36147.48 36048.44 35949.41 35850.38 35751.36 35652.35 35553.34 35454.34 35355.34 35256.35 35157.36 35058.38 34959.41 34860.44 34761.47 34662.52 34563.57 34464.62 34365.68 34266.75 34167.82 34068.9 33969.99 33871.08 33772.18 33673.28 33574.39 33475.51 33376.64 33277.77 33178.91 33080.05 32981.21 32882.37 32783.53 32684.71 32585.89 32487.07 32388.27 32289.47
38612.18 38512.98 38413.8 38314.62 38215.44 38116.27 38017.1 37917.94 37818.78 37719.63 37620.47 37521.33 37422.19 37323.05 37223.92 37124.79 37025.67 36926.55 36827.43 36728.33 36629.22 36530.13 36431.03 36331.94 36232.86 36133.78 36034.71 35935.64 35836.57 35737.52 35638.46 35539.41 35440.37 35341.34 35242.3 35143.28 35044.26 34945.24 34846.23 34747.23 34648.23 34549.24 34450.25 34351.27 34252.3 34153.33 34054.37 33955.41 33856.46 33757.52 33658.58 33559.65 33460.72 33361.8 33262.89 33163.99 33065.09 32966.2 32867.31 32768.43 32669.56 32570.69 32471.83 32372.98 32274.14
38599.61 38500.39 38401.17 38301.96 38202.75 38103.54 38004.34 37905.14 37805.95 37706.76 37607.58 37508.4 37409.22 37310.05 37210.89 37111.72 37012.57 36913.41 36814.26 36715.12 36615.98 36516.84 36417.71 36318.59 36219.47 36120.36 36021.24 35922.14 35823.04 35723.94 35624.85 35525.77 35426.68 35327.61 35228.54 35129.48 35030.41 34931.36 34832.31 34733.27 34634.23 34535.2 34436.17 34337.15 34238.14 34139.13 34040.13 33941.13 33842.13 33743.15 33644.17 33545.2 33446.23 33347.27 33248.31 33149.36 33050.42 32951.48 32852.55 32753.63 32654.71 32555.8 32456.89 32358 32259.11
38587.3 38488.05 38388.8 38289.55 38190.31 38091.07 37991.84 37892.61 37793.39 37694.16 37594.95 37495.73 37396.52 37297.32 37198.12 37098.92 36999.73 36900.54 36801.36 36702.18 36603 36503.84 36404.67 36305.51 36206.35 36107.2 36008.05 35908.91 35809.77 35710.64 35611.52 35512.39 35413.27 35314.16 35215.05 35115.95 35016.85 34917.76 34818.67 34719.59 34620.52 34521.44 34422.38 34323.32 34224.26 34125.21 34026.17 33927.13 33828.09 33729.07 33630.05 33531.03 33432.02 33333.02 33234.02 33135.03 33036.04 32937.06 32838.09 32739.12 32640.16 32541.21 32442.26 32343.31 32244.38
38575.25 38475.96 38376.69 38277.41 38178.14 38078.87 37979.6 37880.34 37781.08 37681.82 37582.57 37483.33 37384.09 37284.85 37185.62 37086.39 36987.16 36887.94 36788.72 36689.51 36590.3 36491.09 36391.89 36292.7 36193.51 36094.32 35995.14 35895.96 35796.79 35697.62 35598.45 35499.3 35400.14 35300.99 35201.85 35102.71 35003.57 34904.44 34805.32 34706.2 34607.08 34507.97 34408.86 34309.77 34210.67 34111.58 34012.5 33913.42 33814.35 33715.28 33616.21 33517.16 33418.11 33319.06 33220.02 33120.99 33021.96 32922.94 32823.93 32724.91 32625.91 32526.91 32427.92 32328.93 32229.96
38563.45 38464.14 38364.83 38265.52 38166.21 38066.91 37967.62 37868.32 37769.04 37669.75 37570.47 37471.19 37371.91 37272.64 37173.38 37074.11 36974.86 36875.6 36776.35 36677.11 36577.86 36478.63 36379.39 36280.16 36180.93 36081.71 35982.5 35883.28 35784.07 35684.87 35585.67 35486.48 35387.29 35288.1 35188.92 35089.74 34990.57 34891.4 34792.24 34693.08 34593.93 34494.78 34395.64 34296.5 34197.37 34098.24 33999.12 33900 33800.89 33701.78 33602.68 33503.58 33404.49 33305.41 33206.32 33107.25 33008.18 32909.12 32810.06 32711.01 32611.96 32512.92 32413.89 32314.86 32215.83
38551.91 38452.57 38353.23 38253.89 38154.55 38055.22 37955.89 37856.57 37757.25 37657.93 37558.62 37459.31 37360 37260.7 37161.41 37062.11 36962.82 36863.53 36764.25 36664.97 36565.7 36466.42 36367.16 36267.89 36168.63 36069.38 35970.13 35870.88 35771.64 35672.4 35573.16 35473.93 35374.71 35275.49 35176.27 35077.06 34977.85 34878.65 34779.45 34680.25 34581.06 34481.88 34382.7 34283.52 34184.35 34085.19 33986.03 33886.87 33787.72 33688.57 33589.43 33490.3 33391.17 33292.04 33192.92 33093.8 32994.7 32895.59 32796.49 32697.4 32598.31 32499.23 32400.15 32301.08 32202.02
38540.63 38441.25 38341.88 38242.52 38143.15 38043.79 37944.43 37845.08 37745.73 37646.38 37547.04 37447.7 37348.36 37249.03 37149.7 37050.37 36951.05 36851.73 36752.41 36653.11 36553.8 36454.49 36355.19 36255.89 36156.61 36057.32 35958.03 35858.75 35759.47 35660.2 35560.93 35461.67 35362.41 35263.15 35163.9 35064.66 34965.41 34866.17 34766.94 34667.71 34568.48 34469.26 34370.05 34270.83 34171.63 34072.42 33973.23 33874.03 33774.84 33675.66 33576.48 33477.3 33378.14 33278.97 33179.81 33080.66 32981.51 32882.37 32783.23 32684.09 32584.97 32485.84 32386.73 32287.61 32188.51
38529.6 38430.2 38330.8 38231.4 38132.01 38032.62 37933.23 37833.85 37734.47 37635.09 37535.71 37436.35 37336.98 37237.62 37138.25 37038.9 36939.55 36840.2 36740.85 36641.51 36542.17 36442.83 36343.5 36244.17 36144.85 36045.53 35946.21 35846.9 35747.59 35648.28 35548.98 35449.68 35350.39 35251.1 35151.81 35052.53 34953.25 34853.98 34754.71 34655.45 34556.19 34456.93 34357.68 34258.43 34159.19 34059.95 33960.71 33861.48 33762.26 33663.04 33563.82 33464.61 33365.4 33266.2 33167 33067.81 32968.62 32869.44 32770.26 32671.09 32571.92 32472.76 32373.6 32274.45 32175.3
38518.83 38419.39 38319.97 38220.54 38121.12 38021.7 37922.29 37822.88 37723.47 37624.06 37524.66 37425.26 37325.86 37226.47 37127.08 37027.69 36928.31 36828.93 36729.55 36630.18 36530.81 36431.44 36332.08 36232.72 36133.36 36034.01 35934.66 35835.32 35735.98 35636.64 35537.3 35437.97 35338.65 35239.32 35140 35040.69 34941.38 34842.07 34742.77 34643.47 34544.18 34444.88 34345.6 34246.31 34147.04 34047.76 33948.49 33849.22 33749.96 33650.71 33551.45 33452.2 33352.96 33253.72 33154.49 33055.26 32956.03 32856.81 32757.59 32658.38 32559.18 32459.97 32360.78 32261.59 32162.4
38508.31 38408.85 38309.4 38209.95 38110.5 38011.05 37911.61 37812.17 37712.73 37613.3 37513.86 37414.44 37315.01 37215.59 37116.17 37016.75 36917.34 36817.93 36718.52 36619.12 36519.72 36420.32 36320.93 36221.54 36122.15 36022.77 35923.39 35824.02 35724.64 35625.27 35525.91 35426.54 35327.18 35227.83 35128.48 35029.13 34929.79 34830.45 34731.11 34631.78 34532.45 34433.13 34333.8 34234.48 34135.17 34035.86 33936.56 33837.26 33737.96 33638.67 33539.38 33440.09 33340.82 33241.54 33142.27 33043 32943.74 32844.48 32745.23 32645.98 32546.74 32447.5 32348.26 32249.03 32149.8
38498.05 38398.57 38299.09 38199.61 38100.13 38000.66 37901.19 37801.72 37702.25 37602.79 37503.33 37403.88 37304.42 37204.97 37105.52 37006.08 36906.64 36807.2 36707.77 36608.33 36508.9 36409.48 36310.05 36210.63 36111.22 36011.8 35912.39 35812.99 35713.58 35614.18 35514.79 35415.39 35316 35216.62 35117.23 35017.85 34918.48 34819.11 34719.73 34620.37 34521.01 34421.65 34322.3 34222.95 34123.6 34024.26 33924.92 33825.58 33726.25 33626.92 33527.6 33428.28 33328.96 33229.66 33130.35 33031.05 32931.75 32832.45 32733.16 32633.88 32534.6 32435.32 32336.05 32236.78 32137.52
38488.05 38388.54 38289.03 38189.53 38090.02 37990.52 37891.03 37791.54 37692.04 37592.55 37493.07 37393.58 37294.1 37194.63 37095.15 36995.68 36896.21 36796.74 36697.27 36597.81 36498.36 36398.9 36299.45 36200 36100.55 36001.11 35901.67 35802.23 35702.8 35603.37 35503.95 35404.52 35305.1 35205.68 35106.27 35006.86 34907.45 34808.05 34708.64 34609.25 34509.86 34410.46 34311.08 34211.7 34112.32 34012.94 33913.57 33814.2 33714.83 33615.47 33516.12 33416.76 33317.41 33218.07 33118.73 33019.39 32920.05 32820.73 32721.4 32622.08 32522.76 32423.45 32324.14 32224.84 32125.54
38478.3 38378.77 38279.24 38179.71 38080.18 37980.65 37881.13 37781.61 37682.09 37582.57 37483.06 37383.55 37284.04 37184.54 37085.04 36985.54 36886.04 36786.55 36687.05 36587.57 36488.08 36388.6 36289.12 36189.64 36090.16 35990.69 35891.22 35791.76 35692.3 35592.84 35493.38 35393.93 35294.48 35195.03 35095.58 34996.14 34896.7 34797.27 34697.84 34598.41 34498.98 34399.56 34300.14 34200.73 34101.32 34001.91 33902.51 33803.11 33703.71 33604.32 33504.93 33405.54 33306.16 33206.78 33107.4 33008.03 32908.66 32809.3 32709.94 32610.58 32511.23 32411.88 32312.54 32213.2 32113.86
38468.82 38369.26 38269.7 38170.14 38070.59 37971.04 37871.49 37771.95 37672.4 37572.86 37473.32 37373.79 37274.25 37174.72 37075.2 36975.67 36876.14 36776.62 36677.11 36577.59 36478.07 36378.57 36279.06 36179.55 36080.05 35980.55 35881.05 35781.56 35682.07 35582.58 35483.09 35383.61 35284.13 35184.66 35085.18 34985.71 34886.24 34786.78 34687.32 34587.86 34488.4 34388.95 34289.5 34190.06 34090.61 33991.18 33891.74 33792.31 33692.88 33593.45 33494.03 33394.61 33295.2 33195.78 33096.38 32996.97 32897.57 32798.17 32698.78 32599.39 32500 32400.62 32301.24 32201.86 32102.49
38459.59 38360 38260.42 38160.84 38061.27 37961.69 37862.12 37762.55 37662.98 37563.41 37463.85 37364.29 37264.73 37165.17 37065.62 36966.07 36866.52 36766.97 36667.43 36567.88 36468.34 36368.8 36269.27 36169.74 36070.21 35970.68 35871.16 35771.64 35672.12 35572.6 35473.09 35373.58 35274.07 35174.57 35075.06 34975.56 34876.07 34776.57 34677.08 34577.59 34478.11 34378.63 34279.15 34179.67 34080.2 33980.73 33881.26 33781.8 33682.34 33582.88 33483.43 33383.98 33284.53 33185.09 33085.64 32986.21 32886.78 32787.34 32687.92 32588.49 32489.07 32389.66 32290.25 32190.84 32091.43
38450.62 38351.01 38251.41 38151.8 38052.2 37952.6 37853 37753.41 37653.82 37554.23 37454.64 37355.05 37255.47 37155.89 37056.31 36956.73 36857.16 36757.59 36658.02 36558.45 36458.88 36359.32 36259.76 36160.2 36060.64 35961.09 35861.54 35761.99 35662.45 35562.9 35463.36 35363.82 35264.29 35164.75 35065.23 34965.7 34866.17 34766.65 34667.13 34567.61 34468.1 34368.59 34269.08 34169.58 34070.07 33970.57 33871.08 33771.59 33672.09 33572.61 33473.13 33373.64 33274.16 33174.69 33075.22 32975.75 32876.29 32776.82 32677.36 32577.91 32478.46 32379.01 32279.56 32180.12 32080.68
38441.9 38342.27 38242.64 38143.02 38043.39 37943.77 37844.15 37744.54 37644.92 37545.3 37445.7 37346.09 37246.48 37146.87 37047.27 36947.66 36848.07 36748.47 36648.88 36549.28 36449.69 36350.1 36250.52 36150.93 36051.35 35951.77 35852.2 35752.62 35653.05 35553.48 35453.91 35354.35 35254.79 35155.23 35055.67 34956.12 34856.56 34757.02 34657.46 34557.92 34458.38 34358.84 34259.3 34159.77 34060.24 33960.71 33861.19 33761.66 -9999 33562.63 33463.11 33363.6 33264.09 33164.59 33065.09 32965.59 32866.09 32766.6 32667.11 32567.62 32468.14 32368.66 32269.18 32169.71 32070.24
38433.45 38333.8 38234.15 38134.5 38034.85 37935.21 37835.57 37735.93 37636.29 37536.65 37437.02 37337.38 37237.75 37138.12 37038.49 36938.87 36839.25 36739.63 36640 36540.39 36440.77 36341.16 36241.55 36141.94 36042.34 35942.73 35843.13 35743.53 35643.93 35544.34 35444.75 35345.16 35245.57 35145.98 35046.4 34946.82 34847.24 34747.66 34648.09 34548.52 34448.95 34349.38 34249.82 34150.26 34050.7 33951.14 33851.59 33752.04 -9999 33552.94 33453.4 33353.86 33254.32 33154.79 33055.26 32955.73 32856.2 32756.68 32657.16 32557.64 32458.13 32358.62 32259.11 32159.6 32060.1
38425.25 38325.58 38225.91 38126.24 38026.57 37926.9 37827.24 37727.57 37627.91 37528.26 37428.6 37328.94 37229.29 37129.64 37029.99 36930.34 36830.7 36731.05 36631.41 36531.77 36432.13 36332.49 36232.86 36133.23 36033.59 35933.97 35834.34 35734.72 35635.09 35535.48 35435.86 35336.24 35236.63 35137.02 35037.41 34937.8 34838.2 34738.59 34639 34539.4 34439.8 34340.21 34240.62 34141.03 34041.45 33941.86 33842.28 -9999 -9999 33543.55 33443.98 33344.41 33244.85 33145.29 33045.73 32946.17 32846.61 32747.06 32647.51 32547.96 32448.42 32348.88 32249.34 32149.8 32050.27
38417.31 38317.62 38217.93 38118.24 38018.55 37918.86 37819.18 37719.49 37619.81 37520.13 37420.45 37320.77 37221.1 37121.42 37021.75 36922.08 36822.41 36722.75 36623.08 36523.42 36423.76 36324.1 36224.44 36124.79 36025.13 35925.48 35825.83 35726.18 35626.54 35526.89 35427.25 35327.61 35227.97 35128.34 35028.7 34929.07 34829.44 34729.81 34630.19 34530.57 34430.95 34331.33 34231.71 34132.1 34032.48 33932.88 -9999 -9999 -9999 -9999 33434.86 33335.27 33235.67 33136.08 33036.5 32936.91 32837.33 32737.75 32638.17 32538.59 32439.02 32339.45 32239.88 32140.32 32040.76
38409.63 38309.92 38210.21 38110.5 38010.79 37911.08 37811.38 37711.67 37611.96 37512.27 37412.57 37312.87 37213.17 37113.48 37013.78 36914.09 36814.4 36714.71 36615.02 36515.34 36415.66 36315.97 36216.29 36116.62 36016.94 35917.27 35817.59 35717.92 35618.25 35518.59 35418.92 35319.26 35219.6 35119.94 35020.28 34920.63 34820.97 34721.32 34621.67 34522.02 34422.38 34322.73 34223.09 34123.45 -9999 -9999 -9999 -9999 -9999 -9999 33426.04 33326.41 33226.8 33127.18 33027.56 32927.95 32828.34 32728.73 32629.13 32529.53 32429.92 32330.33 32230.73 32131.14 32031.55
38402.21 38302.48 38202.75 38103.02 38003.29 37903.56 37803.84 37704.11 37604.39 37504.67 37404.95 37305.23 37205.51 37105.79 37006.08 36906.37 36806.66 36706.95 36607.24 36507.54 36407.83 36308.13 36208.43 36108.73 36009.03 35909.33 35809.64 35709.94 35610.25 35510.56 35410.88 35311.19 35211.5 35111.82 35012.14 34912.46 34812.79 34713.11 34613.44 34513.77 34414.1 34314.43 34214.76 -9999 -9999 -9999 -9999 -9999 -9999 -9999 -9999 33317.86 33218.22 33118.57 33018.93 32919.3 32819.66 32720.03 32620.39 32520.76 32421.13 32321.51 32221.89 32122.27 32022.65
