InputData/dist_3.txt
ncols         217
nrows         221
xllcorner     533400.95843018
yllcorner     8211474.3266709
cellsize      100
NODATA_value  -9999
[rows 32 to 63 of 221, columns 0 to 72 of 217]
-9999 -9999 -9999 -9999 -9999 -9999 -9999 -9999 -9999 -9999 -9999 -9999 -9999 -9999 -9999 -9999 -9999 -9999 -9999 -9999 -9999 -9999 -9999 -9999 -9999 -9999 -9999 -9999 -9999 -9999 -9999 -9999 -9999 -9999 -9999 23369.42 23274.45 23179.52 23084.63 22989.78 22894.98 22800.22 22705.51 22610.84 22515.77 22420.75 22325.77 22230.83 22135.94 22041.1 21946.3 21851.54 21756.84 21662.18 21567.11 21472.07 21377.09 21282.15 21187.26 21092.42 20997.62 20902.87 20808.17 20713.52 20618.44 20523.4 20428.41 20333.47 20238.58 20143.73 20048.94 19954.2 19859.51
-9999 -9999 -9999 -9999 -9999 -9999 -9999 -9999 -9999 -9999 -9999 -9999 -9999 -9999 -9999 -9999 -9999 -9999 -9999 -9999 -9999 -9999 -9999 -9999 -9999 -9999 -9999 -9999 -9999 -9999 -9999 -9999 -9999 -9999 23432.67 23337.95 23243.28 23148.22 23053.2 22958.22 22863.29 22768.4 22673.55 22578.75 22483.99 22389.28 22294.62 22199.55 22104.53 22009.54 21914.61 21819.72 21724.87 21630.07 21535.32 21440.62 21345.96 21250.88 21155.85 21060.86 20965.92 20871.03 20776.19 20681.39 20586.65 20491.95 20397.3 20302.22 20207.18 20112.19 20017.24 19922.35 19827.51
-9999 -9999 -9999 -9999 -9999 -9999 -9999 -9999 -9999 -9999 -9999 -9999 -9999 -9999 -9999 -9999 -9999 -9999 -9999 -9999 -9999 -9999 -9999 -9999 -9999 -9999 -9999 -9999 -9999 -9999 -9999 -9999 -9999 -9999 23400.86 23306.01 23211.21 23116.45 23021.73 22927.06 22831.99 22736.97 22642 22547.06 22452.17 22357.33 22262.53 22167.77 22073.06 21978.4 21883.33 21788.3 21693.32 21598.38 21503.49 21408.64 21313.85 21219.1 21124.39 21029.74 20934.66 20839.63 20744.64 20649.7 20554.8 20459.96 20365.17 20270.42 20175.73 20081.09 19985.99 19890.95 19795.96
-9999 -9999 -9999 -9999 -9999 -9999 -9999 -9999 -9999 -9999 -9999 -9999 -9999 -9999 -9999 -9999 -9999 -9999 -9999 -9999 -9999 -9999 -9999 -9999 -9999 -9999 -9999 -9999 -9999 -9999 -9999 -9999 -9999 23464.44 23369.42 23274.45 23179.52 23084.63 22989.78 22894.98 22800.22 22705.51 22610.84 22515.77 22420.75 22325.77 22230.83 22135.94 22041.1 21946.3 21851.54 21756.84 21662.18 21567.11 21472.07 21377.09 21282.15 21187.26 21092.42 20997.62 20902.87 20808.17 20713.52 20618.44 20523.4 20428.41 20333.47 20238.58 20143.73 20048.94 19954.2 19859.51 19764.87
-9999 -9999 -9999 -9999 -9999 -9999 -9999 -9999 -9999 -9999 -9999 -9999 -9999 -9999 -9999 -9999 -9999 -9999 -9999 -9999 -9999 -9999 -9999 -9999 -9999 -9999 -9999 -9999 -9999 -9999 -9999 -9999 23527.43 23432.67 23337.95 23243.28 23148.22 23053.2 22958.22 22863.29 22768.4 22673.55 22578.75 22483.99 22389.28 22294.62 22199.55 22104.53 22009.54 21914.61 21819.72 21724.87 21630.07 21535.32 21440.62 21345.96 21250.88 21155.85 21060.86 20965.92 20871.03 20776.19 20681.39 20586.65 20491.95 20397.3 20302.22 20207.18 20112.19 20017.24 19922.35 19827.51 19732.71
-9999 -9999 -9999 -9999 -9999 -9999 -9999 -9999 -9999 -9999 -9999 -9999 -9999 -9999 -9999 -9999 -9999 -9999 -9999 -9999 -9999 -9999 -9999 -9999 -9999 -9999 -9999 -9999 -9999 -9999 -9999 -9999 23495.74 23400.86 23306.01 23211.21 23116.45 23021.73 22927.06 22831.99 22736.97 22642 22547.06 22452.17 22357.33 22262.53 22167.77 22073.06 21978.4 21883.33 21788.3 21693.32 21598.38 21503.49 21408.64 21313.85 21219.1 21124.39 21029.74 20934.66 20839.63 20744.64 20649.7 20554.8 20459.96 20365.17 20270.42 20175.73 20081.09 19985.99 19890.95 19795.96 19701.02
-9999 -9999 -9999 -9999 -9999 -9999 -9999 -9999 -9999 -9999 -9999 -9999 -9999 -9999 -9999 -9999 -9999 -9999 -9999 -9999 -9999 -9999 -9999 -9999 -9999 -9999 -9999 -9999 -9999 -9999 -9999 23559.5 23464.44 23369.42 23274.45 23179.52 23084.63 22989.78 22894.98 22800.22 22705.51 22610.84 22515.77 22420.75 22325.77 22230.83 22135.94 22041.1 21946.3 21851.54 21756.84 21662.18 21567.11 21472.07 21377.09 21282.15 21187.26 21092.42 20997.62 20902.87 20808.17 20713.52 20618.44 20523.4 20428.41 20333.47 20238.58 20143.73 20048.94 19954.2 19859.51 19764.87 19669.77
-9999 -9999 -9999 -9999 -9999 -9999 -9999 -9999 -9999 -9999 -9999 -9999 -9999 -9999 -9999 -9999 -9999 -9999 -9999 -9999 -9999 -9999 -9999 -9999 -9999 -9999 -9999 -9999 -9999 -9999 23623.93 23528.71 23433.52 23338.38 23243.28 23148.22 23053.2 22958.22 22863.29 22768.4 22673.55 22578.75 22483.99 22389.28 22294.62 22199.55 22104.53 22009.54 21914.61 21819.72 21724.87 21630.07 21535.32 21440.62 21345.96 21250.88 21155.85 21060.86 20965.92 20871.03 20776.19 20681.39 20586.65 20491.95 20397.3 20302.22 20207.18 20112.19 20017.24 19922.35 19827.51 19732.71 19637.97
-9999 -9999 -9999 -9999 -9999 -9999 -9999 -9999 -9999 -9999 -9999 -9999 -9999 -9999 -9999 -9999 -9999 -9999 -9999 -9999 -9999 -9999 -9999 -9999 -9999 -9999 -9999 -9999 -9999 23689.03 23593.64 23498.3 23402.99 23307.72 23212.5 23117.31 23022.16 22927.06 22831.99 22736.97 22642 22547.06 22452.17 22357.33 22262.53 22167.77 22073.06 21978.4 21883.33 21788.3 21693.32 21598.38 21503.49 21408.64 21313.85 21219.1 21124.39 21029.74 20934.66 20839.63 20744.64 20649.7 20554.8 20459.96 20365.17 20270.42 20175.73 20081.09 19985.99 19890.95 19795.96 19701.02 19606.12
-9999 -9999 -9999 -9999 -9999 -9999 -9999 -9999 -9999 -9999 -9999 -9999 -9999 -9999 -9999 -9999 -9999 -9999 -9999 -9999 -9999 -9999 -9999 -9999 -9999 -9999 -9999 -9999 -9999 23659.25 23563.74 23468.28 23372.85 23277.46 23182.11 23086.79 22991.52 22896.29 22801.1 22705.95 22610.84 22515.77 22420.75 22325.77 22230.83 22135.94 22041.1 21946.3 21851.54 21756.84 21662.18 21567.11 21472.07 21377.09 21282.15 21187.26 21092.42 20997.62 20902.87 20808.17 20713.52 20618.44 20523.4 20428.41 20333.47 20238.58 20143.73 20048.94 19954.2 19859.51 19764.87 19669.77 19574.73
-9999 -9999 -9999 -9999 -9999 -9999 -9999 -9999 -9999 -9999 -9999 -9999 -9999 -9999 -9999 -9999 -9999 -9999 -9999 -9999 -9999 -9999 -9999 -9999 -9999 -9999 -9999 -9999 23725.51 23629.85 23534.23 23438.64 23343.09 23247.58 23152.11 23056.67 22961.27 22865.91 22770.6 22675.32 22580.08 22484.88 22389.73 22294.62 22199.55 22104.53 22009.54 21914.61 21819.72 21724.87 21630.07 21535.32 21440.62 21345.96 21250.88 21155.85 21060.86 20965.92 20871.03 20776.19 20681.39 20586.65 20491.95 20397.3 20302.22 20207.18 20112.19 20017.24 19922.35 19827.51 19732.71 19637.97 19543.29
-9999 -9999 -9999 -9999 -9999 -9999 -9999 -9999 -9999 -9999 -9999 -9999 -9999 -9999 -9999 -9999 -9999 -9999 -9999 -9999 -9999 -9999 -9999 -9999 -9999 -9999 -9999 23792.44 23696.63 23600.85 23505.11 23409.4 23313.73 23218.1 23122.5 23026.94 22931.42 22835.94 22740.49 22645.09 22549.72 22454.4 22359.12 22263.87 22168.67 22073.51 21978.4 21883.33 21788.3 21693.32 21598.38 21503.49 21408.64 21313.85 21219.1 21124.39 21029.74 20934.66 20839.63 20744.64 20649.7 20554.8 20459.96 20365.17 20270.42 20175.73 20081.09 19985.99 19890.95 19795.96 19701.02 19606.12 19511.28
-9999 -9999 -9999 -9999 -9999 -9999 -9999 -9999 -9999 -9999 -9999 -9999 -9999 -9999 -9999 -9999 -9999 -9999 -9999 -9999 -9999 -9999 -9999 -9999 -9999 -9999 -9999 23764.05 23668.12 23572.23 23476.37 23380.55 23284.76 23189.01 23093.29 22997.61 22901.96 22806.36 22710.79 22615.26 22519.77 22424.32 22328.9 22233.53 22138.2 22042.91 21947.66 21852.46 21757.3 21662.18 21567.11 21472.07 21377.09 21282.15 21187.26 21092.42 20997.62 20902.87 20808.17 20713.52 20618.44 20523.4 20428.41 20333.47 20238.58 20143.73 20048.94 19954.2 19859.51 19764.87 19669.77 19574.73 19479.73
-9999 -9999 -9999 -9999 -9999 -9999 -9999 -9999 -9999 -9999 -9999 -9999 -9999 -9999 -9999 -9999 -9999 -9999 -9999 -9999 -9999 -9999 -9999 -9999 -9999 -9999 23832.12 23736.05 23640.01 23544 23448.03 23352.09 23256.18 23160.31 23064.47 22968.67 22872.91 22777.18 22681.49 22585.84 22490.22 22394.64 22299.1 22203.6 22108.14 22012.72 21917.35 21822.01 21726.71 21631.46 21536.25 21441.08 21345.96 21250.88 21155.85 21060.86 20965.92 20871.03 20776.19 20681.39 20586.65 20491.95 20397.3 20302.22 20207.18 20112.19 20017.24 19922.35 19827.51 19732.71 19637.97 19543.29 19448.65
-9999 -9999 -9999 -9999 -9999 -9999 -9999 -9999 -9999 -9999 -9999 -9999 -9999 -9999 -9999 -9999 -9999 -9999 -9999 -9999 -9999 -9999 -9999 -9999 -9999 23900.84 23804.62 23708.44 23612.29 23516.16 23420.08 23324.02 23228 23132.01 23036.06 22940.14 22844.26 22748.41 22652.59 22556.82 22461.08 22365.38 22269.71 22174.08 22078.5 21982.95 21887.44 21791.97 21696.54 21601.16 21505.81 21410.51 21315.25 21220.04 21124.87 21029.74 20934.66 20839.63 20744.64 20649.7 20554.8 20459.96 20365.17 20270.42 20175.73 20081.09 19985.99 19890.95 19795.96 19701.02 19606.12 19511.28 19416.49
-9999 -9999 -9999 -9999 -9999 -9999 -9999 -9999 -9999 -9999 -9999 -9999 -9999 -9999 -9999 -9999 -9999 -9999 -9999 -9999 -9999 -9999 24162.99 24066.57 23970.19 23873.84 23777.51 23681.22 23584.95 23488.72 23392.52 23296.35 23200.21 23104.11 23008.04 22912.01 22816 22720.04 22624.1 22528.21 22432.34 22336.52 22240.73 22144.98 22049.26 21953.59 21857.95 21762.35 21666.79 21571.28 21475.8 21380.37 21284.97 21189.62 21094.31 20999.05 20903.83 20808.65 20713.52 20618.44 20523.4 20428.41 20333.47 20238.58 20143.73 20048.94 19954.2 19859.51 19764.87 19669.77 19574.73 19479.73 19384.79
-9999 -9999 -9999 -9999 -9999 -9999 -9999 -9999 -9999 -9999 -9999 -9999 -9999 -9999 -9999 -9999 -9999 -9999 -9999 -9999 24329.82 24233.24 24136.69 24040.17 23943.68 23847.22 23750.79 23654.39 23558.01 23461.67 23365.36 23269.08 23172.83 23076.61 22980.43 22884.27 22788.15 22692.07 22596.02 22500 22404.02 22308.07 22212.16 22116.28 22020.45 21924.64 21828.88 21733.15 21637.47 21541.82 21446.21 21350.64 21255.12 21159.63 21064.19 20968.79 20873.43 20778.11 20682.84 20587.62 20492.44 20397.3 20302.22 20207.18 20112.19 20017.24 19922.35 19827.51 19732.71 19637.97 19543.29 19448.65 19353.55
-9999 -9999 -9999 25951.49 25854.4 25757.33 25660.28 25563.25 25466.25 25369.27 25272.32 25175.38 25078.48 24981.59 24884.73 24787.9 24691.09 24594.31 24497.55 24400.82 24304.12 24207.44 24110.79 24014.16 23917.57 23821 23724.46 23627.95 23531.47 23435.02 23338.59 23242.2 23145.84 23049.51 22953.21 22856.95 22760.71 22664.51 22568.34 22472.21 22376.1 22280.04 22184 22088.01 21992.04 21896.12 21800.23 21704.38 21608.56 21512.79 21417.05 21321.35 21225.69 21130.07 21034.5 20938.96 20843.46 20748.01 20652.6 20557.24 20461.92 20366.64 20271.41 20176.22 20081.09 19985.99 19890.95 19795.96 19701.02 19606.12 19511.28 19416.49 19321.75
26219.46 26122.21 26024.99 25927.79 25830.6 25733.44 25636.3 25539.19 25442.09 25345.02 25247.97 25150.94 25053.94 24956.96 24860.01 24763.08 24666.17 24569.29 24472.43 24375.6 24278.8 24182.02 24085.27 23988.54 23891.84 23795.17 23698.52 23601.91 23505.32 23408.76 23312.23 23215.73 23119.26 23022.81 22926.4 22830.02 22733.68 22637.36 22541.07 22444.82 22348.6 22252.42 22156.26 22060.14 21964.06 21868.01 21772 21676.02 21580.08 21484.18 21388.31 21292.49 21196.7 21100.95 21005.24 20909.57 20813.94 20718.35 20622.8 20527.3 20431.84 20336.42 20241.05 20145.72 20050.44 19955.2 19860.01 19764.87 19669.77 19574.73 19479.73 19384.79 19289.89
26196.37 26099.04 26001.73 25904.44 25807.17 25709.92 25612.69 25515.49 25418.3 25321.14 25224 25126.88 25029.78 24932.71 24835.66 24738.63 24641.63 24544.65 24447.7 24350.77 24253.87 24156.99 24060.13 23963.3 23866.5 23769.73 23672.98 23576.26 23479.57 23382.9 23286.26 23189.65 23093.07 22996.52 22900 22803.51 22707.05 22610.62 22514.22 22417.85 22321.51 22225.21 22128.94 22032.7 21936.5 21840.33 21744.2 21648.09 21552.03 21456 21360.01 21264.05 21168.14 21072.26 20976.42 20880.61 20784.85 20689.13 20593.45 20497.8 20402.21 20306.65 20211.13 20115.67 20020.24 19924.86 19829.52 19734.23 19638.99 19543.8 19448.65 19353.55 19258.5
-9999 26076.23 25978.84 25881.46 25784.1 25686.77 25589.45 25492.16 25394.88 25297.63 25200.4 25103.19 25006 24908.83 24811.69 24714.57 24617.47 24520.4 24423.35 24326.32 24229.32 24132.34 24035.39 23938.46 23841.56 23744.68 23647.83 23551.01 23454.21 23357.44 23260.7 23163.98 23067.29 22970.63 22874 22777.4 22680.83 22584.29 22487.78 22391.29 22294.84 22198.42 22102.04 22005.68 21909.36 21813.07 21716.81 21620.59 21524.4 21428.25 21332.13 21236.05 21140.01 21044 20948.03 20852.1 20756.2 20660.35 20564.53 20468.76 20373.02 20277.33 20181.68 20086.06 19990.5 19894.97 19799.49 19704.06 19608.67 19513.33 19418.03 19322.79 19227.58
-9999 26053.79 25956.31 25858.85 25761.4 25663.98 25566.58 25469.2 25371.83 25274.49 25177.17 25079.87 24982.59 24885.34 24788.1 24690.89 24593.7 24496.53 24399.38 24302.26 24205.16 24108.09 24011.04 23914.01 23817.01 23720.03 23623.08 23526.16 23429.26 23332.38 23235.53 23138.71 23041.92 22945.15 22848.41 22751.7 22655.02 22558.37 22461.75 22365.15 22268.59 22172.05 22075.55 21979.08 21882.64 21786.23 21689.86 21593.52 21497.21 21400.93 21304.69 21208.49 21112.32 21016.18 20920.09 20824.03 20728 20632.01 20536.07 20440.16 20344.29 20248.46 20152.67 20056.92 19961.21 19865.55 19769.93 19674.35 19578.81 19483.33 19387.88 19292.49 19197.13
-9999 26031.71 25934.15 25836.6 25739.08 25641.57 25544.08 25446.61 25349.16 25251.73 25154.32 25056.94 24959.57 24862.22 24764.89 24667.59 24570.31 24473.05 24375.81 24278.59 24181.4 24084.23 23987.08 23889.96 23792.86 23695.78 23598.73 23501.7 23404.7 23307.72 23210.77 23113.85 23016.95 22920.08 22823.23 22726.42 22629.63 22532.87 22436.13 22339.43 22242.75 22146.11 22049.49 21952.9 21856.35 21759.83 21663.33 21566.87 21470.45 21374.05 21277.69 21181.36 21085.07 20988.81 20892.58 20796.39 20700.24 20604.13 20508.05 20412.01 20316 20220.04 20124.12 20028.23 19932.38 19836.58 19740.82 19645.1 19549.42 19453.79 19358.2 19262.66 19167.16
-9999 -9999 25912.35 25814.72 25717.12 25619.52 25521.95 25424.4 25326.86 25229.35 25131.85 25034.38 24936.92 24839.48 24742.07 24644.68 24547.3 24449.95 24352.62 24255.31 24158.02 24060.76 23963.51 23866.29 23769.1 23671.92 23574.78 23477.65 23380.55 23283.47 23186.42 23089.39 22992.39 22895.41 22798.46 22701.54 22604.65 22507.78 22410.94 22314.12 22217.34 22120.58 22023.85 21927.15 21830.48 21733.84 21637.24 21540.66 21444.11 21347.6 21251.12 21154.67 21058.25 20961.87 20865.52 20769.21 20672.93 20576.69 20480.48 20384.31 20288.17 20192.08 20096.02 20000 19904.02 19808.08 19712.18 19616.32 19520.5 19424.73 19328.99 19233.3 19137.66
-9999 -9999 25890.93 25793.22 25695.53 25597.85 25500.2 25402.56 25304.94 25207.34 25109.76 25012.2 24914.65 24817.13 24719.63 24622.14 24524.68 24427.24 24329.82 24232.42 24135.04 24037.68 23940.34 23843.03 23745.74 23648.47 23551.22 23454 23356.8 23259.62 23162.47 23065.34 22968.24 22871.16 22774.11 22677.08 22580.08 22483.11 22386.16 22289.23 22192.34 22095.47 21998.64 21901.83 21805.04 21708.29 21611.57 21514.88 21418.22 21321.59 21224.98 21128.42 21031.88 20935.38 20838.91 20742.47 20646.06 20549.7 20453.36 20357.06 20260.8 20164.57 20068.38 19972.23 19876.12 19780.04 19684 19588.01 19492.05 19396.13 19300.26 19204.43 19108.64
-9999 -9999 25869.87 25772.08 25674.31 25576.55 25478.81 25381.1 25283.39 25185.71 25088.04 24990.4 24892.77 24795.16 24697.57 24600 24502.45 24404.92 24307.41 24209.92 24112.45 24015 23917.57 23820.16 23722.77 23625.41 23528.07 23430.75 23333.45 23236.18 23138.93 23041.7 22944.5 22847.32 22750.16 22653.04 22555.93 22458.85 22361.8 22264.77 22167.77 22070.79 21973.85 21876.93 21780.04 21683.17 21586.34 21489.53 21392.76 21296.01 21199.29 21102.61 21005.95 20909.33 20812.74 20716.18 20619.65 20523.16 20426.7 20330.27 20233.88 20137.53 20041.21 19944.92 19848.68 19752.47 19656.3 19560.16 19464.07 19368.02 19272 19176.03 19080.09
-9999 -9999 25849.18 25751.31 25653.46 25555.63 25457.81 25360.01 25262.22 25164.46 25066.71 24968.98 24871.27 24773.57 24675.9 24578.24 24480.61 24382.99 24285.39 24187.81 24090.25 23992.71 23895.19 23797.69 23700.21 23602.75 23505.32 23407.9 23310.51 23213.14 23115.79 23018.47 22921.17 22823.89 22726.64 22629.41 22532.2 22435.02 22337.86 22240.73 22143.62 22046.54 21949.49 21852.46 21755.46 21658.49 21561.54 21464.62 21367.73 21270.87 21174.04 21077.24 20980.47 20883.73 20787.02 20690.34 20593.69 20497.07 20400.49 20303.94 20207.42 20110.94 20014.49 19918.08 19821.71 19725.37 19629.06 19532.79 19436.56 19340.37 19244.22 19148.11 19052.03
-9999 -9999 -9999 25730.92 25632.99 25535.07 25437.18 25339.3 25241.43 25143.59 25045.76 24947.95 24850.15 24752.37 24654.61 24556.87 24459.15 24361.45 24263.76 24166.09 24068.44 23970.82 23873.21 23775.62 23678.05 23580.5 23482.97 23385.46 23287.98 23190.52 23093.07 22995.65 22898.25 22800.88 22703.52 22606.19 22508.89 22411.6 22314.35 22217.11 22119.9 22022.71 21925.56 21828.42 21731.31 21634.23 21537.18 21440.15 21343.15 21246.18 21149.23 21052.32 20955.43 20858.57 20761.74 20664.95 20568.18 20471.44 20374.74 20278.07 20181.43 20084.82 19988.25 19891.71 19795.2 19698.73 19602.29 19505.9 19409.53 19313.21 19216.92 19120.67 19024.46
-9999 -9999 -9999 25710.89 25612.89 25514.9 25416.92 25318.96 25221.02 25123.1 25025.19 24927.29 24829.42 24731.56 24633.72 24535.89 24438.09 24340.29 24242.53 24144.77 24047.04 23949.32 23851.63 23753.95 23656.29 23558.65 23461.03 23363.43 23265.86 23168.3 23070.76 22973.25 22875.75 22778.28 22680.83 22583.4 22486 22388.61 22291.25 22193.92 22096.61 21999.32 21902.05 21804.82 21707.6 21610.41 21513.25 21416.12 21319.01 21221.92 21124.87 21027.84 20930.84 20833.87 20736.92 20640.01 20543.13 20446.27 20349.45 20252.65 20155.89 20059.16 19962.46 19865.8 19769.17 19672.57 19576.01 19479.48 19382.98 19286.52 19190.1 19093.72 18997.37
-9999 -9999 -9999 25691.24 25593.16 25495.1 25397.05 25299.01 25200.99 25102.99 25005 24907.03 24809.07 24711.13 24613.21 24515.3 24417.41 24319.54 24221.68 24123.85 24026.03 23928.23 23830.44 23732.68 23634.93 23537.21 23439.5 23341.81 23244.14 23146.49 23048.86 22951.25 22853.66 22756.1 22658.55 22561.03 22463.53 22366.04 22268.59 22171.15 22073.74 21976.35 21878.98 21781.64 21684.33 21587.03 21489.77 21392.52 21295.3 21198.11 21100.95 21003.81 20906.7 20809.61 20712.56 20615.53 20518.53 20421.56 20324.62 20227.7 20130.82 20033.97 19937.15 19840.36 19743.61 19646.88 19550.19 19453.54 19356.91 19260.32 19163.77 19067.25 18970.77
-9999 -9999 -9999 25671.97 25573.81 25475.67 25377.55 25279.44 25181.34 25083.26 24985.2 24887.14 24789.11 24691.09 24593.09 24495.1 24397.13 24299.18 24201.24 24103.32 24005.42 23907.53 23809.66 23711.81 23613.98 23516.16 23418.37 23320.59 23222.83 23125.09 23027.38 22929.68 22831.99 22734.34 22636.7 22539.08 22441.48 22343.9 22246.35 22148.81 22051.3 21953.81 21856.35 21758.91 21661.49 21564.09 21466.72 21369.37 21272.05 21174.75 21077.48 20980.23 20883.01 20785.81 20688.64 20591.5 20494.39 20397.3 20300.25 20203.22 20106.22 20009.25 19912.31 19815.4 19718.52 19621.67 19524.86 19428.07 19331.32 19234.6 19137.92 19041.27 18944.66
-9999 -9999 -9999 -9999 25554.84 25456.63 25358.43 25260.25 25162.07 25063.92 24965.78 24867.65 24769.54 24671.44 24573.36 24475.29 24377.24 24279.21 24181.19 24083.19 23985.2 23887.23 23789.28 23691.35 23593.43 23495.53 23397.65 23299.79 23201.94 23104.11 23006.3 22908.51 22810.74 22712.99 22615.26 22517.55 22419.86 22322.19 22224.54 22126.91 22029.3 21931.71 21834.15 21736.61 21639.09 21541.59 21444.11 21346.66 21249.23 21151.83 21054.45 20957.1 20859.77 20762.47 20665.19 20567.94 20470.71 20373.51 20276.34 20179.2 20082.08 19984.99 19887.94 19790.91 19693.91 19596.94 19500 19403.09 19306.22 19209.37 19112.56 19015.78 18919.04
