InputData/dist_4.txt
ncols         148
nrows         143
xllcorner     528561.18512469
yllcorner     8206839.2004913
cellsize      100
NODATA_value  -9999
[rows 0 to 28 of 143, columns 0 to 65 of 148]
-9999 -9999 -9999 -9999 -9999 -9999 -9999 -9999 -9999 -9999 -9999 -9999 -9999 -9999 -9999 -9999 -9999 -9999 -9999 -9999 -9999 -9999 -9999 -9999 -9999 -9999 -9999 -9999 -9999 -9999 -9999 -9999 -9999 -9999 -9999 -9999 -9999 -9999 -9999 -9999 -9999 -9999 -9999 -9999 -9999 -9999 -9999 -9999 -9999 -9999 -9999 -9999 -9999 -9999 -9999 -9999 -9999 -9999 -9999 -9999 -9999 -9999 -9999 -9999 -9999 -9999
-9999 -9999 -9999 -9999 -9999 -9999 -9999 -9999 -9999 -9999 -9999 -9999 -9999 -9999 -9999 -9999 -9999 -9999 -9999 -9999 -9999 -9999 -9999 -9999 -9999 -9999 -9999 -9999 -9999 -9999 -9999 -9999 -9999 -9999 -9999 -9999 -9999 -9999 -9999 -9999 -9999 -9999 -9999 -9999 -9999 -9999 -9999 -9999 -9999 -9999 -9999 -9999 -9999 -9999 -9999 -9999 -9999 -9999 -9999 -9999 -9999 -9999 -9999 23063.39 22970.63 22877.94
-9999 -9999 -9999 -9999 -9999 -9999 -9999 -9999 -9999 -9999 -9999 -9999 -9999 -9999 -9999 -9999 -9999 -9999 -9999 -9999 -9999 -9999 -9999 -9999 -9999 -9999 -9999 -9999 -9999 -9999 -9999 -9999 -9999 -9999 -9999 -9999 -9999 -9999 -9999 -9999 -9999 -9999 -9999 -9999 -9999 -9999 -9999 -9999 -9999 -9999 -9999 -9999 -9999 -9999 -9999 -9999 -9999 23584.95 23491.7 23398.5 23305.36 23212.28 23119.26 23026.29 22933.38 22840.53
-9999 -9999 -9999 -9999 -9999 -9999 -9999 -9999 -9999 -9999 -9999 -9999 -9999 -9999 -9999 -9999 -9999 -9999 -9999 -9999 -9999 -9999 -9999 -9999 -9999 -9999 -9999 -9999 -9999 -9999 -9999 -9999 -9999 -9999 -9999 -9999 -9999 -9999 -9999 -9999 -9999 -9999 -9999 -9999 24767.92 24673.87 24579.87 24485.91 24392.01 24298.15 24204.34 24110.58 24016.87 23923.21 23829.6 23736.05 23642.55 23549.1 23455.7 23362.36 23269.08 23175.85 23082.68 22989.56 22896.51 22803.51
-9999 -9999 -9999 -9999 -9999 -9999 -9999 -9999 -9999 -9999 -9999 -9999 -9999 -9999 -9999 -9999 -9999 -9999 -9999 -9999 -9999 -9999 -9999 -9999 -9999 -9999 -9999 -9999 -9999 -9999 -9999 -9999 -9999 -9999 -9999 -9999 -9999 -9999 -9999 -9999 -9999 25016.99 24922.68 24828.41 24734.19 24640.01 24545.88 24451.79 24357.75 24263.76 24169.82 24075.92 23982.08 23888.28 23794.54 23700.84 23607.2 23513.61 23420.08 23326.59 23233.17 23139.79 23046.47 22953.21 22860.01 22766.86
-9999 -9999 -9999 -9999 -9999 -9999 -9999 -9999 -9999 -9999 -9999 -9999 -9999 -9999 -9999 -9999 -9999 -9999 -9999 -9999 -9999 -9999 -9999 -9999 -9999 -9999 -9999 -9999 -9999 -9999 -9999 -9999 -9999 -9999 -9999 -9999 -9999 25362.18 25267.57 25173 25078.48 24983.99 24889.56 24795.16 24700.81 24606.5 24512.24 24418.03 24323.86 24229.73 24135.66 24041.63 23947.65 23853.72 23759.84 23666.01 23572.23 23478.5 23384.82 23291.2 23197.63 23104.11 23010.65 22917.24 22823.89 22730.6
-9999 -9999 -9999 -9999 -9999 -9999 -9999 -9999 -9999 -9999 -9999 -9999 -9999 -9999 -9999 -9999 -9999 -9999 -9999 -9999 -9999 -9999 -9999 -9999 -9999 -9999 -9999 -9999 26154.35 26071.44 25988.07 25899.23 25804.26 25709.34 25614.45 25519.6 25424.79 25330.02 25235.29 25140.61 25045.96 24951.35 24856.79 24762.27 24667.79 24573.36 24478.97 24384.63 24290.33 24196.07 24101.87 24007.71 23913.59 23819.53 23725.51 23631.55 23537.63 23443.76 23349.95 23256.18 23162.47 23068.81 22975.2 22881.65 22788.15 22694.71
-9999 -9999 -9999 -9999 -9999 -9999 -9999 -9999 -9999 -9999 -9999 -9999 -9999 -9999 -9999 -9999 -9999 -9999 -9999 -9999 -9999 -9999 -9999 -9999 26431.99 26348.63 26265.19 26181.86 26098.66 26015.57 25932.61 25849.56 25766.06 25678.01 25583 25488.04 25393.11 25298.22 25203.37 25108.56 25013.8 24919.07 24824.38 24729.74 24635.14 24540.58 24446.06 24351.59 24257.16 24162.78 24068.44 23974.15 23879.91 23785.71 23691.56 23597.46 23503.4 23409.4 23315.45 23221.54 23127.69 23033.89 22940.14 22846.44 22752.8 22659.21
-9999 -9999 -9999 -9999 -9999 -9999 -9999 -9999 -9999 -9999 -9999 -9999 -9999 -9999 -9999 -9999 -9999 -9999 -9999 -9999 -9999 -9999 26542.42 26459.21 26376.13 26293.15 26210.11 26126.62 26043.23 25959.97 25876.82 25793.8 25710.89 25627.52 25544.08 25456.83 25361.78 25266.78 25171.81 25076.88 24981.99 24887.14 24792.34 24697.57 24602.85 24508.16 24413.52 24318.92 24224.37 24129.86 24035.39 23940.97 23846.59 23752.26 23657.98 23563.74 23469.55 23375.41 23281.32 23187.28 23093.29 22999.35 22905.46 22811.62 22717.83 22624.1
-9999 -9999 -9999 -9999 -9999 -9999 -9999 -9999 -9999 -9999 -9999 -9999 -9999 -9999 -9999 -9999 -9999 -9999 -9999 -9999 -9999 26570.66 26487.17 26403.79 26320.52 26237.38 26154.35 26071.44 25988.07 25904.63 25821.31 25738.1 25655.02 25572.05 25489.02 25405.51 25322.13 25235.69 25140.61 25045.56 24950.55 24855.58 24760.65 24665.77 24570.92 24476.11 24381.35 24286.62 24191.94 24097.3 24002.71 23908.16 23813.65 23719.19 23624.78 23530.41 23436.08 23341.81 23247.58 23153.4 23059.27 22965.19 22871.16 22777.18 22683.25 22589.38
-9999 -9999 -9999 -9999 -9999 -9999 -9999 -9999 -9999 -9999 -9999 -9999 -9999 -9999 -9999 -9999 -9999 -9999 -9999 -9999 26597.93 26514.9 26431.99 26348.63 26265.19 26181.86 26098.66 26015.57 25932.61 25849.56 25766.06 25682.68 25599.41 25516.27 25433.25 25350.35 25266.97 25183.53 25100.2 25014.6 24919.47 24824.38 24729.33 24634.33 24539.36 24444.43 24349.54 24254.69 24159.88 24065.12 23970.4 23875.72 23781.08 23686.49 23591.95 23497.45 23402.99 23308.58 23214.22 23119.9 23025.64 22931.42 22837.25 22743.13 22649.06 22555.04
-9999 -9999 -9999 -9999 -9999 -9999 -9999 -9999 -9999 -9999 -9999 -9999 -9999 -9999 -9999 -9999 -9999 -9999 -9999 -9999 26542.42 26459.21 26376.13 26293.15 26210.11 26126.62 26043.23 25959.97 25876.82 25793.8 25710.89 25627.52 25544.08 25460.75 25377.55 25294.46 25211.51 25128.47 25044.96 24961.57 24878.3 24793.55 24698.38 24603.25 24508.16 24413.11 24318.1 24223.13 24128.2 24033.31 23938.46 23843.66 23748.89 23654.18 23559.5 23464.87 23370.28 23275.74 23181.24 23086.79 22992.39 22898.04 22803.73 22709.47 22615.26 22521.1
-9999 -9999 -9999 -9999 -9999 -9999 -9999 -9999 -9999 -9999 -9999 -9999 -9999 -9999 -9999 -9999 -9999 -9999 -9999 26570.66 26487.17 26403.79 26320.52 26237.38 26154.35 26071.44 25988.07 25904.63 25821.31 25738.1 25655.02 25572.05 25489.02 25405.51 25322.13 25238.86 25155.71 25072.69 24989.8 24906.43 24822.97 24739.64 24656.44 24572.54 24477.34 24382.17 24287.03 24191.94 24096.89 24001.88 23906.9 23811.97 23717.08 23622.23 23527.43 23432.67 23337.95 23243.28 23148.65 23054.07 22959.53 22865.04 22770.6 22676.2 22581.85 22487.55
-9999 -9999 -9999 -9999 -9999 -9999 -9999 -9999 -9999 -9999 -9999 -9999 -9999 -9999 -9999 -9999 -9999 -9999 -9999 26514.9 26431.99 26348.63 26265.19 26181.86 26098.66 26015.57 25932.61 25849.56 25766.06 25682.68 25599.41 25516.27 25433.25 25350.35 25266.97 25183.53 25100.2 25016.99 24933.91 24850.96 24767.92 24684.41 24601.02 24517.75 24434.61 24351.59 24256.34 24161.13 24065.95 23970.82 23875.72 23780.66 23685.65 23590.68 23495.74 23400.86 23306.01 23211.21 23116.45 23021.73 22927.06 22832.43 22737.85 22643.32 22548.84 22454.4
-9999 -9999 -9999 -9999 -9999 -9999 -9999 -9999 -9999 -9999 -9999 -9999 -9999 -9999 -9999 -9999 -9999 -9999 -9999 -9999 26376.13 26293.15 26210.11 26126.62 26043.23 25959.97 25876.82 25793.8 25710.89 25627.52 25544.08 25460.75 25377.55 25294.46 25211.51 25128.47 25044.96 24961.57 24878.3 24795.16 24712.14 24629.25 24545.88 24462.42 24379.09 24295.88 24212.81 24129.86 24035.39 23940.13 23844.92 23749.74 23654.6 23559.5 23464.44 23369.42 23274.45 23179.52 23084.63 22989.78 22894.98 22800.22 22705.51 22610.84 22516.22 22421.64
-9999 -9999 -9999 -9999 -9999 -9999 -9999 -9999 -9999 -9999 -9999 -9999 -9999 -9999 -9999 -9999 -9999 -9999 -9999 -9999 26320.52 26237.38 26154.35 26071.44 25988.07 25904.63 25821.31 25738.1 25655.02 25572.05 25489.02 25405.51 25322.13 25238.86 25155.71 25072.69 24989.8 24906.43 24822.97 24739.64 24656.44 24573.36 24490.41 24407.38 24323.86 24240.46 24157.19 24074.05 23991.04 23908.16 23814.49 23719.19 23623.93 23528.71 23433.52 23338.38 23243.28 23148.22 23053.2 22958.22 22863.29 22768.4 22673.55 22578.75 22483.99 22389.28
-9999 -9999 -9999 -9999 -9999 -9999 -9999 -9999 -9999 -9999 -9999 -9999 -9999 -9999 -9999 -9999 -9999 -9999 -9999 26348.63 26265.19 26181.86 26098.66 26015.57 25932.61 25849.56 25766.06 25682.68 25599.41 25516.27 25433.25 25350.35 25266.97 25183.53 25100.2 25016.99 24933.91 24850.96 24767.92 24684.41 24601.02 24517.75 24434.61 24351.59 24268.71 24185.33 24101.87 24018.54 23935.33 23852.25 23769.31 23686.49 23593.64 23498.3 23402.99 23307.72 23212.5 23117.31 23022.16 22927.06 22831.99 22736.97 22642 22547.06 22452.17 22357.33
-9999 -9999 -9999 -9999 -9999 -9999 -9999 -9999 -9999 -9999 -9999 -9999 -9999 -9999 -9999 -9999 -9999 -9999 26376.13 26293.15 26210.11 26126.62 26043.23 25959.97 25876.82 25793.8 25710.89 25627.52 25544.08 25460.75 25377.55 25294.46 25211.51 25128.47 25044.96 24961.57 24878.3 24795.16 24712.14 24629.25 24545.88 24462.42 24379.09 24295.88 24212.81 24129.86 24046.83 23963.3 23879.91 23796.64 23713.5 23630.49 23547.61 23464.23 23372.85 23277.46 23182.11 23086.79 22991.52 22896.29 22801.1 22705.95 22610.84 22515.77 22420.75 22325.77
-9999 -9999 -9999 -9999 -9999 -9999 -9999 -9999 -9999 -9999 -9999 -9999 -9999 -9999 -9999 -9999 -9999 -9999 26320.52 26237.38 26154.35 26071.44 25988.07 25904.63 25821.31 25738.1 25655.02 25572.05 25489.02 25405.51 25322.13 25238.86 25155.71 25072.69 24989.8 24906.43 24822.97 24739.64 24656.44 24573.36 24490.41 24407.38 24323.86 24240.46 24157.19 24074.05 23991.04 23908.16 23824.78 23741.31 23657.98 23574.78 23491.7 23408.76 23325.74 23242.2 23152.11 23056.67 22961.27 22865.91 22770.6 22675.32 22580.08 22484.88 22389.73 22294.62
-9999 -9999 -9999 -9999 -9999 -9999 -9999 -9999 -9999 -9999 -9999 -9999 -9999 -9999 -9999 -9999 -9999 26348.63 26265.19 26181.86 26098.66 26015.57 25932.61 25849.56 25766.06 25682.68 25599.41 25516.27 25433.25 25350.35 25266.97 25183.53 25100.2 25016.99 24933.91 24850.96 24767.92 24684.41 24601.02 24517.75 24434.61 24351.59 24268.71 24185.33 24101.87 24018.54 23935.33 23852.25 23769.31 23686.28 23602.75 23519.35 23436.08 23352.94 23269.94 23187.06 23103.68 23020.21 22931.42 22835.94 22740.49 22645.09 22549.72 22454.4 22359.12 22263.87
-9999 -9999 -9999 -9999 -9999 -9999 -9999 -9999 -9999 -9999 -9999 -9999 -9999 -9999 -9999 -9999 26376.13 26293.15 26210.11 26126.62 26043.23 25959.97 25876.82 25793.8 25710.89 25627.52 25544.08 25460.75 25377.55 25294.46 25211.51 25128.47 25044.96 24961.57 24878.3 24795.16 24712.14 24629.25 24545.88 24462.42 24379.09 24295.88 24212.81 24129.86 24046.83 23963.3 23879.91 23796.64 23713.5 23630.49 23547.61 23464.23 23380.76 23297.42 23214.22 23131.15 23048.21 22965.19 22881.65 22798.25 22710.79 22615.26 22519.77 22424.32 22328.9 22233.53
-9999 -9999 -9999 -9999 -9999 -9999 -9999 -9999 -9999 -9999 -9999 -9999 -9999 -9999 -9999 26403.79 26320.52 26237.38 26154.35 26071.44 25988.07 25904.63 25821.31 25738.1 25655.02 25572.05 25489.02 25405.51 25322.13 25238.86 25155.71 25072.69 24989.8 24906.43 24822.97 24739.64 24656.44 24573.36 24490.41 24407.38 24323.86 24240.46 24157.19 24074.05 23991.04 23908.16 23824.78 23741.31 23657.98 23574.78 23491.7 23408.76 23325.74 23242.2 23158.8 23075.53 22992.39 22909.39 22826.52 22743.13 22659.66 22576.31 22490.22 22394.64 22299.1 22203.6
-9999 -9999 -9999 -9999 -9999 -9999 -9999 -9999 -9999 -9999 -9999 -9999 -9999 -9999 -9999 26348.63 26265.19 26181.86 26098.66 26015.57 25932.61 25849.56 25766.06 25682.68 25599.41 25516.27 25433.25 25350.35 25266.97 25183.53 25100.2 25016.99 24933.91 24850.96 24767.92 24684.41 24601.02 24517.75 24434.61 24351.59 24268.71 24185.33 24101.87 24018.54 23935.33 23852.25 23769.31 23686.28 23602.75 23519.35 23436.08 23352.94 23269.94 23187.06 23103.68 23020.21 22936.87 22853.66 22770.6 22687.66 22604.65 22521.1 22437.69 22354.42 22269.71 22174.08
-9999 -9999 -9999 -9999 -9999 -9999 -9999 -9999 -9999 -9999 -9999 -9999 -9999 -9999 26376.13 26293.15 26210.11 26126.62 26043.23 25959.97 25876.82 25793.8 25710.89 25627.52 25544.08 25460.75 25377.55 25294.46 25211.51 25128.47 25044.96 24961.57 24878.3 24795.16 24712.14 24629.25 24545.88 24462.42 24379.09 24295.88 24212.81 24129.86 24046.83 23963.3 23879.91 23796.64 23713.5 23630.49 23547.61 23464.23 23380.76 23297.42 23214.22 23131.15 23048.21 22965.19 22881.65 22798.25 22714.97 22631.84 22548.84 22465.97 22382.58 22299.1 22215.76 22132.55
-9999 -9999 -9999 -9999 -9999 -9999 -9999 -9999 -9999 -9999 -9999 -9999 -9999 26403.79 26320.52 26237.38 26154.35 26071.44 25988.07 25904.63 25821.31 25738.1 25655.02 25572.05 25489.02 25405.51 25322.13 25238.86 25155.71 25072.69 24989.8 24906.43 24822.97 24739.64 24656.44 24573.36 24490.41 24407.38 24323.86 24240.46 24157.19 24074.05 23991.04 23908.16 23824.78 23741.31 23657.98 23574.78 23491.7 23408.76 23325.74 23242.2 23158.8 23075.53 22992.39 22909.39 22826.52 22743.13 22659.66 22576.31 22493.11 22410.04 22327.11 22244.1 22160.55 22077.14
-9999 -9999 -9999 -9999 -9999 -9999 -9999 -9999 -9999 -9999 -9999 -9999 26431.99 26348.63 26265.19 26181.86 26098.66 26015.57 25932.61 25849.56 25766.06 25682.68 25599.41 25516.27 25433.25 25350.35 25266.97 25183.53 25100.2 25016.99 24933.91 24850.96 24767.92 24684.41 24601.02 24517.75 24434.61 24351.59 24268.71 24185.33 24101.87 24018.54 23935.33 23852.25 23769.31 23686.28 23602.75 23519.35 23436.08 23352.94 23269.94 23187.06 23103.68 23020.21 22936.87 22853.66 22770.6 22687.66 22604.65 22521.1 22437.69 22354.42 22271.28 22188.29 22105.43 22022.04
-9999 -9999 -9999 -9999 -9999 -9999 -9999 -9999 -9999 -9999 -9999 -9999 26376.13 26293.15 26210.11 26126.62 26043.23 25959.97 25876.82 25793.8 25710.89 25627.52 25544.08 25460.75 25377.55 25294.46 25211.51 25128.47 25044.96 24961.57 24878.3 24795.16 24712.14 24629.25 24545.88 24462.42 24379.09 24295.88 24212.81 24129.86 24046.83 23963.3 23879.91 23796.64 23713.5 23630.49 23547.61 23464.23 23380.76 23297.42 23214.22 23131.15 23048.21 22965.19 22881.65 22798.25 22714.97 22631.84 22548.84 22465.97 22382.58 22299.1 22215.76 22132.55 22049.49 21966.57
-9999 -9999 -9999 -9999 -9999 -9999 -9999 -9999 -9999 -9999 -9999 26403.79 26320.52 26237.38 26154.35 26071.44 25988.07 25904.63 25821.31 25738.1 25655.02 25572.05 25489.02 25405.51 25322.13 25238.86 25155.71 25072.69 24989.8 24906.43 24822.97 24739.64 24656.44 24573.36 24490.41 24407.38 24323.86 24240.46 24157.19 24074.05 23991.04 23908.16 23824.78 23741.31 23657.98 23574.78 23491.7 23408.76 23325.74 23242.2 23158.8 23075.53 22992.39 22909.39 22826.52 22743.13 22659.66 22576.31 22493.11 22410.04 22327.11 22244.1 22160.55 22077.14 21993.86 21910.73
-9999 -9999 -9999 -9999 -9999 -9999 -9999 -9999 -9999 -9999 26431.99 26348.63 26265.19 26181.86 26098.66 26015.57 25932.61 25849.56 25766.06 25682.68 25599.41 25516.27 25433.25 25350.35 25266.97 25183.53 25100.2 25016.99 24933.91 24850.96 24767.92 24684.41 24601.02 24517.75 24434.61 24351.59 24268.71 24185.33 24101.87 24018.54 23935.33 23852.25 23769.31 23686.28 23602.75 23519.35 23436.08 23352.94 23269.94 23187.06 23103.68 23020.21 22936.87 22853.66 22770.6 22687.66 22604.65 22521.1 22437.69 22354.42 22271.28 22188.29 22105.43 22022.04 21938.55 21855.21
