InputData/dist_7.txt
ncols         213
nrows         268
xllcorner     539567.82534275
yllcorner     8201791.1215116
cellsize      100
NODATA_value  -9999
[rows 210 to 239 of 268, columns 68 to 135 of 213]
6519.203 6435.06 6351.378 6268.173 6185.467 6103.278 6020.797 5936.329 5852.35 5768.882 5685.948 5603.57 5521.775 5437.831 5353.503 5269.725 5186.521 5103.92 5021.952 4939.636 4854.895 4770.744 4687.217 4604.346 4522.167 4440.721 4356.604 4272.002 4188.078 4104.875 4022.437 3940.812 3858.756 3773.593 3689.173 3605.551 3522.783 3440.93 3360.06 3275.668 3190.611 3106.445 3023.243 2941.088 2860.07 2778.489 2692.583 2607.681 2523.886 2441.311 2360.085 2280.351 2195.45 2109.502 2024.846 1941.649 1860.108 1780.449 1700 1612.452 1526.434 1442.22 1360.147 1280.625 1204.159 1118.034 1029.563 943.3981
6463.745 6381.223 6296.825 6212.89 6129.437 6046.487 5964.059 5882.176 5798.275 5714.018 5630.275 5547.071 5464.431 5382.378 5300 5215.362 5131.277 5047.772 4964.876 4882.622 4801.042 4716.991 4632.494 4548.626 4465.423 4382.921 4301.163 4219.004 4134.005 4049.691 3966.106 3883.298 3801.316 3720.215 3635.932 3551.056 3466.987 3383.785 3301.515 3220.249 3138.471 3052.867 2968.164 2884.441 2801.785 2720.294 2640.076 2555.386 2469.818 2385.372 2302.173 2220.36 2140.094 2059.126 1972.308 1886.796 1802.776 1720.465 1640.122 1562.05 1476.482 1389.244 1303.84 1220.656 1140.175 1063.015 984.8858 894.4272
6407.027 6324.555 6242.596 6158.733 6074.537 5990.826 5907.622 5824.946 5742.822 5660.389 5575.841 5491.812 5408.327 5325.411 5243.091 5161.395 5077.401 4992.995 4909.175 4825.971 4743.417 4661.545 4579.301 4494.441 4410.215 4326.662 4243.819 4161.73 4080.441 3996.248 3911.521 3827.532 3744.329 3661.967 3580.503 3498.571 3413.21 3328.663 3244.996 3162.278 3080.584 3000 2915.476 2830.194 2745.906 2662.705 2580.698 2500 2418.677 2332.381 2247.22 2163.331 2080.865 2000 1920.937 1835.756 1749.286 1664.332 1581.139 1500 1421.267 1341.641 1252.996 1166.19 1081.665 1000 921.9545 848.5281
6351.378 6268.173 6185.467 6103.278 6020.797 5936.329 5852.35 5768.882 5685.948 5603.57 5521.775 5437.831 5353.503 5269.725 5186.521 5103.92 5021.952 4939.636 4854.895 4770.744 4687.217 4604.346 4522.167 4440.721 4356.604 4272.002 4188.078 4104.875 4022.437 3940.812 3858.756 3773.593 3689.173 3605.551 3522.783 3440.93 3360.06 3275.668 3190.611 3106.445 3023.243 2941.088 2860.07 2778.489 2692.583 2607.681 2523.886 2441.311 2360.085 2280.351 2195.45 2109.502 2024.846 1941.649 1860.108 1780.449 1700 1612.452 1526.434 1442.22 1360.147 1280.625 1204.159 1118.034 1029.563 943.3981 860.2325 781.025
6296.825 6212.89 6129.437 6046.487 5964.059 5882.176 5798.275 5714.018 5630.275 5547.071 5464.431 5382.378 5300 5215.362 5131.277 5047.772 4964.876 4882.622 4801.042 4716.991 4632.494 4548.626 4465.423 4382.921 4301.163 4219.004 4134.005 4049.691 3966.106 3883.298 3801.316 3720.215 3635.932 3551.056 3466.987 3383.785 3301.515 3220.249 3138.471 3052.867 2968.164 2884.441 2801.785 2720.294 2640.076 2555.386 2469.818 2385.372 2302.173 2220.36 2140.094 2059.126 1972.308 1886.796 1802.776 1720.465 1640.122 1562.05 1476.482 1389.244 1303.84 1220.656 1140.175 1063.015 984.8858 894.4272 806.2258 721.1102
6242.596 6158.733 6074.537 5990.826 5907.622 5824.946 5742.822 5660.389 5575.841 5491.812 5408.327 5325.411 5243.091 5161.395 5077.401 4992.995 4909.175 4825.971 4743.417 4661.545 4579.301 4494.441 4410.215 4326.662 4243.819 4161.73 4080.441 3996.248 3911.521 3827.532 3744.329 3661.967 3580.503 3498.571 3413.21 3328.663 3244.996 3162.278 3080.584 3000 2915.476 2830.194 2745.906 2662.705 2580.698 2500 2418.677 2332.381 2247.22 2163.331 2080.865 2000 1920.937 1835.756 1749.286 1664.332 1581.139 1500 1421.267 1341.641 1252.996 1166.19 1081.665 1000 921.9545 848.5281 761.5773 670.8204
6185.467 6103.278 6020.797 5936.329 5852.35 5768.882 5685.948 5603.57 5521.775 5437.831 5353.503 5269.725 5186.521 5103.92 5021.952 4939.636 4854.895 4770.744 4687.217 4604.346 4522.167 4440.721 4356.604 4272.002 4188.078 4104.875 4022.437 3940.812 3858.756 3773.593 3689.173 3605.551 3522.783 3440.93 3360.06 3275.668 3190.611 3106.445 3023.243 2941.088 2860.07 2778.489 2692.583 2607.681 2523.886 2441.311 2360.085 2280.351 2195.45 2109.502 2024.846 1941.649 1860.108 1780.449 1700 1612.452 1526.434 1442.22 1360.147 1280.625 1204.159 1118.034 1029.563 943.3981 860.2325 781.025 707.1068 632.4555
6129.437 6046.487 5964.059 5882.176 5798.275 5714.018 5630.275 5547.071 5464.431 5382.378 5300 5215.362 5131.277 5047.772 4964.876 4882.622 4801.042 4716.991 4632.494 4548.626 4465.423 4382.921 4301.163 4219.004 4134.005 4049.691 3966.106 3883.298 3801.316 3720.215 3635.932 3551.056 3466.987 3383.785 3301.515 3220.249 3138.471 3052.867 2968.164 2884.441 2801.785 2720.294 2640.076 2555.386 2469.818 2385.372 2302.173 2220.36 2140.094 2059.126 1972.308 1886.796 1802.776 1720.465 1640.122 1562.05 1476.482 1389.244 1303.84 1220.656 1140.175 1063.015 984.8858 894.4272 806.2258 721.1102 640.3124 565.6854
6074.537 5990.826 5907.622 5824.946 5742.822 5660.389 5575.841 5491.812 5408.327 5325.411 5243.091 5161.395 5077.401 4992.995 4909.175 4825.971 4743.417 4661.545 4579.301 4494.441 4410.215 4326.662 4243.819 4161.73 4080.441 3996.248 3911.521 3827.532 3744.329 3661.967 3580.503 3498.571 3413.21 3328.663 3244.996 3162.278 3080.584 3000 2915.476 2830.194 2745.906 2662.705 2580.698 2500 2418.677 2332.381 2247.22 2163.331 2080.865 2000 1920.937 1835.756 1749.286 1664.332 1581.139 1500 1421.267 1341.641 1252.996 1166.19 1081.665 1000 921.9545 848.5281 761.5773 670.8204 583.0952 500
6020.797 5936.329 5852.35 5768.882 5685.948 5603.57 5521.775 5437.831 5353.503 5269.725 5186.521 5103.92 5021.952 4939.636 4854.895 4770.744 4687.217 4604.346 4522.167 4440.721 4356.604 4272.002 4188.078 4104.875 4022.437 3940.812 3858.756 3773.593 3689.173 3605.551 3522.783 3440.93 3360.06 3275.668 3190.611 3106.445 3023.243 2941.088 2860.07 2778.489 2692.583 2607.681 2523.886 2441.311 2360.085 2280.351 2195.45 2109.502 2024.846 1941.649 1860.108 1780.449 1700 1612.452 1526.434 1442.22 1360.147 1280.625 1204.159 1118.034 1029.563 943.3981 860.2325 781.025 707.1068 632.4555 538.5165 447.2136
5964.059 5882.176 5798.275 5714.018 5630.275 5547.071 5464.431 5382.378 5300 5215.362 5131.277 5047.772 4964.876 4882.622 4801.042 4716.991 4632.494 4548.626 4465.423 4382.921 4301.163 4219.004 4134.005 4049.691 3966.106 3883.298 3801.316 3720.215 3635.932 3551.056 3466.987 3383.785 3301.515 3220.249 3138.471 3052.867 2968.164 2884.441 2801.785 2720.294 2640.076 2555.386 2469.818 2385.372 2302.173 2220.36 2140.094 2059.126 1972.308 1886.796 1802.776 1720.465 1640.122 1562.05 1476.482 1389.244 1303.84 1220.656 1140.175 1063.015 984.8858 894.4272 806.2258 721.1102 640.3124 565.6854 500 412.3106
5907.622 5824.946 5742.822 5660.389 5575.841 5491.812 5408.327 5325.411 5243.091 5161.395 5077.401 4992.995 4909.175 4825.971 4743.417 4661.545 4579.301 4494.441 4410.215 4326.662 4243.819 4161.73 4080.441 3996.248 3911.521 3827.532 3744.329 3661.967 3580.503 3498.571 3413.21 3328.663 3244.996 3162.278 3080.584 3000 2915.476 2830.194 2745.906 2662.705 2580.698 2500 2418.677 2332.381 2247.22 2163.331 2080.865 2000 1920.937 1835.756 1749.286 1664.332 1581.139 1500 1421.267 1341.641 1252.996 1166.19 1081.665 1000 921.9545 848.5281 761.5773 670.8204 583.0952 500 424.2641 360.5551
5852.35 5768.882 5685.948 5603.57 5521.775 5437.831 5353.503 5269.725 5186.521 5103.92 5021.952 4939.636 4854.895 4770.744 4687.217 4604.346 4522.167 4440.721 4356.604 4272.002 4188.078 4104.875 4022.437 3940.812 3858.756 3773.593 3689.173 3605.551 3522.783 3440.93 3360.06 3275.668 3190.611 3106.445 3023.243 2941.088 2860.07 2778.489 2692.583 2607.681 2523.886 2441.311 2360.085 2280.351 2195.45 2109.502 2024.846 1941.649 1860.108 1780.449 1700 1612.452 1526.434 1442.22 1360.147 1280.625 1204.159 1118.034 1029.563 943.3981 860.2325 781.025 707.1068 632.4555 538.5165 447.2136 360.5551 282.8427
5798.275 5714.018 5630.275 5547.071 5464.431 5382.378 5300 5215.362 5131.277 5047.772 4964.876 4882.622 4801.042 4716.991 4632.494 4548.626 4465.423 4382.921 4301.163 4219.004 4134.005 4049.691 3966.106 3883.298 3801.316 3720.215 3635.932 3551.056 3466.987 3383.785 3301.515 3220.249 3138.471 3052.867 2968.164 2884.441 2801.785 2720.294 2640.076 2555.386 2469.818 2385.372 2302.173 2220.36 2140.094 2059.126 1972.308 1886.796 1802.776 1720.465 1640.122 1562.05 1476.482 1389.244 1303.84 1220.656 1140.175 1063.015 984.8858 894.4272 806.2258 721.1102 640.3124 565.6854 500 412.3106 316.2278 223.6068
5742.822 5660.389 5575.841 5491.812 5408.327 5325.411 5243.091 5161.395 5077.401 4992.995 4909.175 4825.971 4743.417 4661.545 4579.301 4494.441 4410.215 4326.662 4243.819 4161.73 4080.441 3996.248 3911.521 3827.532 3744.329 3661.967 3580.503 3498.571 3413.21 3328.663 3244.996 3162.278 3080.584 3000 2915.476 2830.194 2745.906 2662.705 2580.698 2500 2418.677 2332.381 2247.22 2163.331 2080.865 2000 1920.937 1835.756 1749.286 1664.332 1581.139 1500 1421.267 1341.641 1252.996 1166.19 1081.665 1000 921.9545 848.5281 761.5773 670.8204 583.0952 500 424.2641 360.5551 282.8427 200
5685.948 5603.57 5521.775 5437.831 5353.503 5269.725 5186.521 5103.92 5021.952 4939.636 4854.895 4770.744 4687.217 4604.346 4522.167 4440.721 4356.604 4272.002 4188.078 4104.875 4022.437 3940.812 3858.756 3773.593 3689.173 3605.551 3522.783 3440.93 3360.06 3275.668 3190.611 3106.445 3023.243 2941.088 2860.07 2778.489 2692.583 2607.681 2523.886 2441.311 2360.085 2280.351 2195.45 2109.502 2024.846 1941.649 1860.108 1780.449 1700 1612.452 1526.434 1442.22 1360.147 1280.625 1204.159 1118.034 1029.563 943.3981 860.2325 781.025 707.1068 632.4555 538.5165 447.2136 360.5551 282.8427 223.6068 141.4214
5630.275 5547.071 5464.431 5382.378 5300 5215.362 5131.277 5047.772 4964.876 4882.622 4801.042 4716.991 4632.494 4548.626 4465.423 4382.921 4301.163 4219.004 4134.005 4049.691 3966.106 3883.298 3801.316 3720.215 3635.932 3551.056 3466.987 3383.785 3301.515 3220.249 3138.471 3052.867 2968.164 2884.441 2801.785 2720.294 2640.076 2555.386 2469.818 2385.372 2302.173 2220.36 2140.094 2059.126 1972.308 1886.796 1802.776 1720.465 1640.122 1562.05 1476.482 1389.244 1303.84 1220.656 1140.175 1063.015 984.8858 894.4272 806.2258 721.1102 640.3124 565.6854 500 412.3106 316.2278 223.6068 141.4214 100
5575.841 5491.812 5408.327 5325.411 5243.091 5161.395 5077.401 4992.995 4909.175 4825.971 4743.417 4661.545 4579.301 4494.441 4410.215 4326.662 4243.819 4161.73 4080.441 3996.248 3911.521 3827.532 3744.329 3661.967 3580.503 3498.571 3413.21 3328.663 3244.996 3162.278 3080.584 3000 2915.476 2830.194 2745.906 2662.705 2580.698 2500 2418.677 2332.381 2247.22 2163.331 2080.865 2000 1920.937 1835.756 1749.286 1664.332 1581.139 1500 1421.267 1341.641 1252.996 1166.19 1081.665 1000 921.9545 848.5281 761.5773 670.8204 583.0952 500 424.2641 360.5551 282.8427 200 100 0
5521.775 5437.831 5353.503 5269.725 5186.521 5103.92 5021.952 4939.636 4854.895 4770.744 4687.217 4604.346 4522.167 4440.721 4356.604 4272.002 4188.078 4104.875 4022.437 3940.812 3858.756 3773.593 3689.173 3605.551 3522.783 3440.93 3360.06 3275.668 3190.611 3106.445 3023.243 2941.088 2860.07 2778.489 2692.583 2607.681 2523.886 2441.311 2360.085 2280.351 2195.45 2109.502 2024.846 1941.649 1860.108 1780.449 1700 1612.452 1526.434 1442.22 1360.147 1280.625 1204.159 1118.034 1029.563 943.3981 860.2325 781.025 707.1068 632.4555 538.5165 447.2136 360.5551 282.8427 223.6068 141.4214 100 0
5464.431 5382.378 5300 5215.362 5131.277 5047.772 4964.876 4882.622 4801.042 4716.991 4632.494 4548.626 4465.423 4382.921 4301.163 4219.004 4134.005 4049.691 3966.106 3883.298 3801.316 3720.215 3635.932 3551.056 3466.987 3383.785 3301.515 3220.249 3138.471 3052.867 2968.164 2884.441 2801.785 2720.294 2640.076 2555.386 2469.818 2385.372 2302.173 2220.36 2140.094 2059.126 1972.308 1886.796 1802.776 1720.465 1640.122 1562.05 1476.482 1389.244 1303.84 1220.656 1140.175 1063.015 984.8858 894.4272 806.2258 721.1102 640.3124 565.6854 500 412.3106 316.2278 223.6068 141.4214 100 0 0
5408.327 5325.411 5243.091 5161.395 5077.401 4992.995 4909.175 4825.971 4743.417 4661.545 4579.301 4494.441 4410.215 4326.662 4243.819 4161.73 4080.441 3996.248 3911.521 3827.532 3744.329 3661.967 3580.503 3498.571 3413.21 3328.663 3244.996 3162.278 3080.584 3000 2915.476 2830.194 2745.906 2662.705 2580.698 2500 2418.677 2332.381 2247.22 2163.331 2080.865 2000 1920.937 1835.756 1749.286 1664.332 1581.139 1500 1421.267 1341.641 1252.996 1166.19 1081.665 1000 921.9545 848.5281 761.5773 670.8204 583.0952 500 424.2641 360.5551 282.8427 200 100 0 0 100
5353.503 5269.725 5186.521 5103.92 5021.952 4939.636 4854.895 4770.744 4687.217 4604.346 4522.167 4440.721 4356.604 4272.002 4188.078 4104.875 4022.437 3940.812 3858.756 3773.593 3689.173 3605.551 3522.783 3440.93 3360.06 3275.668 3190.611 3106.445 3023.243 2941.088 2860.07 2778.489 2692.583 2607.681 2523.886 2441.311 2360.085 2280.351 2195.45 2109.502 2024.846 1941.649 1860.108 1780.449 1700 1612.452 1526.434 1442.22 1360.147 1280.625 1204.159 1118.034 1029.563 943.3981 860.2325 781.025 707.1068 632.4555 538.5165 447.2136 360.5551 282.8427 223.6068 141.4214 100 0 100 141.4214
5300 5215.362 5131.277 5047.772 4964.876 4882.622 4801.042 4716.991 4632.494 4548.626 4465.423 4382.921 4301.163 4219.004 4134.005 4049.691 3966.106 3883.298 3801.316 3720.215 3635.932 3551.056 3466.987 3383.785 3301.515 3220.249 3138.471 3052.867 2968.164 2884.441 2801.785 2720.294 2640.076 2555.386 2469.818 2385.372 2302.173 2220.36 2140.094 2059.126 1972.308 1886.796 1802.776 1720.465 1640.122 1562.05 1476.482 1389.244 1303.84 1220.656 1140.175 1063.015 984.8858 894.4272 806.2258 721.1102 640.3124 565.6854 500 412.3106 316.2278 223.6068 141.4214 100 0 0 100 200
5247.857 5162.364 5077.401 4992.995 4909.175 4825.971 4743.417 4661.545 4579.301 4494.441 4410.215 4326.662 4243.819 4161.73 4080.441 3996.248 3911.521 3827.532 3744.329 3661.967 3580.503 3498.571 3413.21 3328.663 3244.996 3162.278 3080.584 3000 2915.476 2830.194 2745.906 2662.705 2580.698 2500 2418.677 2332.381 2247.22 2163.331 2080.865 2000 1920.937 1835.756 1749.286 1664.332 1581.139 1500 1421.267 1341.641 1252.996 1166.19 1081.665 1000 921.9545 848.5281 761.5773 670.8204 583.0952 500 424.2641 360.5551 282.8427 200 100 0 0 100 141.4214 223.6068
5197.115 5110.773 5024.938 4939.636 4854.895 4770.744 4687.217 4604.346 4522.167 4440.721 4356.604 4272.002 4188.078 4104.875 4022.437 3940.812 3858.756 3773.593 3689.173 3605.551 3522.783 3440.93 3360.06 3275.668 3190.611 3106.445 3023.243 2941.088 2860.07 2778.489 2692.583 2607.681 2523.886 2441.311 2360.085 2280.351 2195.45 2109.502 2024.846 1941.649 1860.108 1780.449 1700 1612.452 1526.434 1442.22 1360.147 1280.625 1204.159 1118.034 1029.563 943.3981 860.2325 781.025 707.1068 632.4555 538.5165 447.2136 360.5551 282.8427 223.6068 141.4214 100 0 100 141.4214 223.6068 -9999
5147.815 5060.632 4973.932 4887.74 4802.083 4716.991 4632.494 4548.626 4465.423 4382.921 4301.163 4219.004 4134.005 4049.691 3966.106 3883.298 3801.316 3720.215 3635.932 3551.056 3466.987 3383.785 3301.515 3220.249 3138.471 3052.867 2968.164 2884.441 2801.785 2720.294 2640.076 2555.386 2469.818 2385.372 2302.173 2220.36 2140.094 2059.126 1972.308 1886.796 1802.776 1720.465 1640.122 1562.05 1476.482 1389.244 1303.84 1220.656 1140.175 1063.015 984.8858 894.4272 806.2258 721.1102 640.3124 565.6854 500 412.3106 316.2278 223.6068 141.4214 100 0 0 100 200 282.8427 -9999
5100 5011.986 4924.429 4837.354 4750.79 4664.762 4579.301 4494.441 4410.215 4326.662 4243.819 4161.73 4080.441 3996.248 3911.521 3827.532 3744.329 3661.967 3580.503 3498.571 3413.21 3328.663 3244.996 3162.278 3080.584 3000 2915.476 2830.194 2745.906 2662.705 2580.698 2500 2418.677 2332.381 2247.22 2163.331 2080.865 2000 1920.937 1835.756 1749.286 1664.332 1581.139 1500 1421.267 1341.641 1252.996 1166.19 1081.665 1000 921.9545 848.5281 761.5773 670.8204 583.0952 500 424.2641 360.5551 282.8427 200 100 0 0 100 141.4214 223.6068 -9999 -9999
5053.711 4964.876 4876.474 4788.528 4701.063 4614.109 4527.692 4441.847 4356.604 4272.002 4188.078 4104.875 4022.437 3940.812 3858.756 3773.593 3689.173 3605.551 3522.783 3440.93 3360.06 3275.668 3190.611 3106.445 3023.243 2941.088 2860.07 2778.489 2692.583 2607.681 2523.886 2441.311 2360.085 2280.351 2195.45 2109.502 2024.846 1941.649 1860.108 1780.449 1700 1612.452 1526.434 1442.22 1360.147 1280.625 1204.159 1118.034 1029.563 943.3981 860.2325 781.025 707.1068 632.4555 538.5165 447.2136 360.5551 282.8427 223.6068 141.4214 100 0 100 141.4214 223.6068 -9999 -9999 -9999
5008.992 4919.35 4830.114 4741.308 4652.956 4565.085 4477.723 4390.9 4304.648 4219.004 4134.005 4049.691 3966.106 3883.298 3801.316 3720.215 3635.932 3551.056 3466.987 3383.785 3301.515 3220.249 3138.471 3052.867 2968.164 2884.441 2801.785 2720.294 2640.076 2555.386 2469.818 2385.372 2302.173 2220.36 2140.094 2059.126 1972.308 1886.796 1802.776 1720.465 1640.122 1562.05 1476.482 1389.244 1303.84 1220.656 1140.175 1063.015 984.8858 894.4272 806.2258 721.1102 640.3124 565.6854 500 412.3106 316.2278 223.6068 141.4214 100 0 0 100 200 282.8427 -9999 -9999 -9999
4964.876 4875.449 4785.395 4695.743 4606.517 4517.743 4429.447 4341.659 4254.41 4167.733 4081.666 3996.248 3911.521 3827.532 3744.329 3661.967 3580.503 3498.571 3413.21 3328.663 3244.996 3162.278 3080.584 3000 2915.476 2830.194 2745.906 2662.705 2580.698 2500 2418.677 2332.381 2247.22 2163.331 2080.865 2000 1920.937 1835.756 1749.286 1664.332 1581.139 1500 1421.267 1341.641 1252.996 1166.19 1081.665 1000 921.9545 848.5281 761.5773 670.8204 583.0952 500 424.2641 360.5551 282.8427 200 100 0 0 100 141.4214 223.6068 -9999 -9999 -9999 -9999
