InputData/dist_20.txt
ncols         279
nrows         134
xllcorner     558997.83959468
yllcorner     8189421.0051433
cellsize      100
NODATA_value  -9999
[rows 58 to 86 of 134, columns 65 to 129 of 279]
12924.78 13024.59 13124.4 13224.22 13324.04 13423.86 13523.68 13623.51 13723.34 13823.17 13923 14022.84 14122.68 14222.52 14322.36 14422.21 14522.05 14621.9 14721.75 14821.61 14921.46 15021.32 15121.18 15221.04 15320.9 15420.77 15520.63 15620.5 15720.37 15820.24 15920.11 16019.99 16119.86 16219.74 16319.62 16419.5 16519.38 16619.27 16719.15 16819.04 16918.63 17017.93 17117.24 17216.56 17315.89 17415.22 17514.56 17613.91 17713.27 17812.64 17912.01 18011.38 18110.77 18210.16 18309.56 18408.96 18508.38 18607.79 18707.22 18806.65 18906.08 19005.53 19104.97 19204.43 19303.88
12918.98 13018.83 13118.69 13218.55 13318.41 13418.27 13518.14 13618 13717.87 13817.74 13917.61 14017.49 14117.37 14217.24 14317.12 14417 14516.89 14616.77 14716.66 14816.54 14916.43 15016.32 15116.22 15216.11 15316 15415.9 15515.8 15615.7 15715.28 15814.55 15913.83 16013.12 16112.42 16211.72 16311.04 16410.36 16509.69 16609.03 16708.38 16807.74 16907.1 17006.47 17105.85 17205.23 17304.62 17404.02 17503.43 17602.84 17702.26 17801.69 17901.12 18000.55 18100 18199.45 18298.91 18398.37 18497.84 18597.31 18696.79 18796.28 18895.77 18995.26 19094.76 19194.27 19293.78
12913.95 13013.84 13113.73 13213.63 13313.53 13413.43 13513.33 13613.23 13713.13 13813.04 13912.94 14012.85 14112.76 14212.67 14312.58 14412.49 14512.06 14611.3 14710.54 14809.79 14909.06 15008.33 15107.61 15206.91 15306.21 15405.52 15504.84 15604.17 15703.5 15802.85 15902.2 16001.56 16100.93 16200.31 16299.69 16399.09 16498.48 16597.89 16697.3 16796.73 16896.15 16995.59 17095.03 17194.48 17293.93 17393.39 17492.86 17592.33 17691.81 17791.29 17890.78 17990.28 18089.78 18189.28 18288.79 18388.31 18487.83 18587.36 18686.89 18786.43 18885.97 18985.52 19085.07 19184.63 19284.19
12909.69 13009.61 13109.54 13209.47 13309.02 13408.21 13507.41 13606.62 13705.84 13805.07 13904.32 14003.57 14102.84 14202.11 14301.4 14400.69 14500 14599.32 14698.64 14797.97 14897.32 14996.67 15096.03 15195.39 15294.77 15394.15 15493.55 15592.95 15692.35 15791.77 15891.19 15990.62 16090.06 16189.5 16288.95 16388.41 16487.88 16587.34 16686.82 16786.3 16885.79 16985.29 17084.79 17184.29 17283.81 17383.33 17482.85 17582.38 17681.91 17781.45 17881 17980.54 18080.1 18179.66 18279.22 18378.79 18478.37 18577.94 18677.53 18777.11 18876.71 18976.3 19075.9 19175.51 19275.11
12899.61 -9999 13098.09 13197.35 13296.62 13395.89 13495.18 13594.48 13693.79 13793.11 13892.44 13991.78 14091.13 14190.49 14289.86 14389.23 14488.62 14588.01 14687.41 14786.82 14886.24 14985.66 15085.09 15184.53 15283.98 15383.43 15482.89 15582.36 15681.84 15781.32 15880.81 15980.3 16079.8 16179.31 16278.82 16378.34 16477.86 16577.39 16676.93 16776.47 16876.02 16975.57 17075.13 17174.69 17274.26 17373.83 17473.41 17572.99 17672.58 17772.17 17871.77 17971.37 18070.97 18170.58 18270.19 18369.81 18469.43 18569.06 18668.69 18768.32 18867.96 18967.6 19067.25 19166.9 19266.55
-9999 -9999 -9999 -9999 -9999 13384.32 13483.69 13583.08 13682.47 13781.87 13881.28 13980.7 14080.13 14179.56 14279.01 14378.46 14477.91 14577.38 14676.85 14776.33 14875.82 14975.31 15074.81 15174.32 15273.83 15373.35 15472.88 15572.41 15671.95 15771.49 15871.04 15970.6 16070.16 16169.72 16269.3 16368.87 16468.46 16568.04 16667.63 16767.23 16866.83 16966.44 17066.05 17165.66 17265.28 17364.91 17464.54 17564.17 17663.8 17763.45 17863.09 17962.74 18062.39 18162.05 18261.71 18361.37 18461.04 18560.71 18660.39 18760.06 18859.75 18959.43 19059.12 19158.81 19258.5
-9999 -9999 -9999 -9999 -9999 -9999 -9999 -9999 13671.87 13771.35 13870.83 13970.33 14069.83 14169.33 14268.85 14368.37 14467.9 14567.43 14666.97 14766.52 14866.07 14965.63 15065.19 15164.76 15264.34 15363.92 15463.51 15563.1 15662.69 15762.3 15861.9 15961.52 16061.13 16160.75 16260.38 16360.01 16459.65 16559.29 16658.93 16758.58 16858.23 16957.89 17057.55 17157.21 17256.88 17356.55 17456.23 17555.91 17655.59 17755.28 17854.97 17954.67 18054.36 18154.06 18253.77 18353.47 18453.18 18552.9 18652.61 18752.33 18852.05 18951.78 19051.51 19151.24 19250.97
-9999 -9999 -9999 -9999 -9999 -9999 -9999 -9999 -9999 -9999 -9999 13960.66 14060.23 14159.8 14259.38 14358.97 14458.56 14558.16 14657.76 14757.37 14856.99 14956.6 15056.23 15155.86 15255.49 15355.13 15454.77 15554.42 15654.07 15753.73 15853.39 15953.06 16052.73 16152.4 16252.08 16351.76 16451.44 16551.13 16650.83 16750.52 16850.22 16949.93 17049.63 17149.34 17249.06 17348.78 17448.5 17548.22 17647.95 17747.68 17847.41 17947.14 18046.88 18146.63 18246.37 18346.12 18445.87 18545.62 18645.38 18745.13 18844.89 18944.66 19044.42 19144.19 19243.96
-9999 -9999 -9999 -9999 -9999 -9999 -9999 -9999 -9999 -9999 -9999 -9999 -9999 14150.97 14250.61 14350.26 14449.91 14549.57 14649.23 14748.9 14848.57 14948.24 15047.92 15147.61 15247.29 15346.99 15446.68 15546.38 15646.09 15745.79 15845.5 15945.22 16044.94 16144.66 16244.38 16344.11 16443.84 16543.58 16643.32 16743.06 16842.8 16942.55 17042.3 17142.05 17241.81 17341.57 17441.33 17541.09 17640.86 17740.63 17840.4 17940.18 18039.96 18139.74 18239.52 18339.3 18439.09 18538.88 18638.67 18738.46 18838.26 18938.06 19037.86 19137.66 19237.46
-9999 -9999 -9999 -9999 -9999 -9999 -9999 -9999 -9999 -9999 -9999 -9999 -9999 -9999 14242.54 14342.25 14441.95 14541.66 14641.38 14741.1 14840.82 14940.55 15040.28 15140.01 15239.75 15339.49 15439.24 15538.98 15638.73 15738.49 15838.25 15938 16037.77 16137.53 16237.3 16337.07 16436.85 16536.63 16636.41 16736.19 16835.97 16935.76 17035.55 17135.34 17235.14 17334.94 17434.74 17534.54 17634.34 17734.15 17833.96 17933.77 18033.58 18133.39 18233.21 18333.03 18432.85 18532.67 18632.5 18732.32 18832.15 18931.98 19031.82 19131.65 19231.48
-9999 -9999 -9999 -9999 -9999 -9999 -9999 -9999 -9999 -9999 -9999 -9999 -9999 -9999 -9999 -9999 14434.68 14534.44 14634.21 14733.97 14833.75 14933.52 15033.3 15133.08 15232.86 15332.64 15432.43 15532.22 15632.02 15731.81 15831.61 15931.42 16031.22 16131.03 16230.83 16330.65 16430.46 16530.28 16630.09 16729.91 16829.74 16929.56 17029.39 17129.21 17229.04 17328.88 17428.71 17528.55 17628.39 17728.23 17828.07 17927.91 18027.76 18127.6 18227.45 18327.3 18427.15 18527.01 18626.86 18726.72 18826.58 18926.44 19026.3 19126.16 19226.02
-9999 -9999 -9999 -9999 -9999 -9999 -9999 -9999 -9999 -9999 -9999 -9999 -9999 -9999 -9999 -9999 -9999 -9999 -9999 14727.53 14827.34 14927.16 15026.98 15126.8 15226.62 15326.45 15426.28 15526.11 15625.94 15725.78 15825.61 15925.45 16025.29 16125.14 16224.98 16324.83 16424.68 16524.53 16624.38 16724.23 16824.09 16923.95 17023.81 17123.67 17223.53 17323.39 17423.26 17523.13 17623 17722.87 17822.74 17922.61 18022.49 18122.36 18222.24 18322.12 18422 18521.88 18621.76 18721.64 18821.53 18921.42 19021.3 19121.19 19221.08
-9999 -9999 -9999 -9999 -9999 -9999 -9999 -9999 -9999 -9999 -9999 -9999 -9999 -9999 -9999 -9999 -9999 -9999 -9999 -9999 -9999 -9999 -9999 15121.18 15221.04 15320.9 15420.77 15520.63 15620.5 15720.37 15820.24 15920.11 16019.99 16119.86 16219.74 16319.62 16419.5 16519.38 16619.27 16719.15 16819.04 16918.92 17018.81 17118.7 17218.59 17318.49 17418.38 17518.28 17618.17 17718.07 17817.97 17917.87 18017.77 18117.67 18217.57 18317.48 18417.38 18517.29 18617.2 18717.1 18817.01 18916.92 19016.83 19116.75 19216.66
-9999 -9999 -9999 -9999 -9999 -9999 -9999 -9999 -9999 -9999 -9999 -9999 -9999 -9999 -9999 -9999 -9999 -9999 -9999 -9999 -9999 -9999 -9999 -9999 15216.11 15316 15415.9 15515.8 15615.7 15715.6 15815.5 15915.4 16015.31 16115.21 16215.12 16315.02 16414.93 16514.84 16614.75 16714.66 16814.58 16914.49 17014.41 17114.32 17214.24 17314.16 17414.07 17513.99 17613.91 17713.84 17813.76 17913.68 18013.61 18113.53 18213.46 18313.38 18413.31 18513.24 18613.17 18713.1 18813.03 18912.96 19012.89 19112.82 19212.76
-9999 -9999 -9999 -9999 -9999 -9999 -9999 -9999 -9999 -9999 -9999 -9999 -9999 -9999 -9999 -9999 -9999 -9999 -9999 -9999 -9999 -9999 -9999 -9999 -9999 15311.76 15411.68 15511.61 15611.53 15711.46 15811.39 15911.32 16011.25 16111.18 16211.11 16311.04 16410.97 16510.91 16610.84 16710.78 16810.71 16910.65 17010.58 17110.52 17210.46 17310.4 17410.34 17510.28 17610.22 17710.17 17810.11 17910.05 18010 18109.94 18209.89 18309.83 18409.78 18509.73 18609.68 18709.62 18809.57 18909.52 19009.47 19109.42 19209.37
-9999 -9999 -9999 -9999 -9999 -9999 -9999 -9999 -9999 -9999 -9999 -9999 -9999 -9999 -9999 -9999 -9999 -9999 -9999 -9999 -9999 -9999 -9999 -9999 -9999 -9999 15408.11 15508.06 15608.01 15707.96 15807.91 15907.86 16007.81 16107.76 16207.71 16307.67 16407.62 16507.57 16607.53 16707.48 16807.44 16907.39 17007.35 17107.31 17207.27 17307.22 17407.18 17507.14 17607.1 17707.06 17807.02 17906.98 18006.94 18106.9 18206.87 18306.83 18406.79 18506.76 18606.72 18706.68 18806.65 18906.61 19006.58 19106.54 19206.51
-9999 -9999 -9999 -9999 -9999 -9999 -9999 -9999 -9999 -9999 -9999 -9999 -9999 -9999 -9999 -9999 -9999 -9999 -9999 -9999 -9999 -9999 -9999 -9999 -9999 -9999 15405.19 15505.16 15605.13 15705.09 15805.06 15905.03 16005 16104.97 16204.94 16304.91 16404.88 16504.85 16604.82 16704.79 16804.76 16904.73 17004.71 17104.68 17204.65 17304.62 17404.6 17504.57 17604.54 17704.52 17804.49 17904.47 18004.44 18104.42 18204.39 18304.37 18404.35 18504.32 18604.3 18704.28 18804.25 18904.23 19004.21 19104.19 19204.17
-9999 -9999 -9999 -9999 -9999 -9999 -9999 -9999 -9999 -9999 -9999 -9999 -9999 -9999 -9999 -9999 -9999 -9999 -9999 -9999 -9999 -9999 -9999 -9999 -9999 -9999 15402.92 15502.9 15602.88 15702.87 15802.85 15902.83 16002.81 16102.79 16202.78 16302.76 16402.74 16502.73 16602.71 16702.7 16802.68 16902.66 17002.65 17102.63 17202.62 17302.6 17402.59 17502.57 17602.56 17702.54 17802.53 17902.51 18002.5 18102.49 18202.47 18302.46 18402.45 18502.43 18602.42 18702.41 18802.39 18902.38 19002.37 19102.36 19202.34
-9999 -9999 -9999 -9999 -9999 -9999 -9999 -9999 -9999 -9999 -9999 -9999 -9999 -9999 -9999 -9999 -9999 -9999 -9999 -9999 -9999 -9999 -9999 -9999 -9999 -9999 -9999 15501.29 15601.28 15701.27 15801.27 15901.26 16001.25 16101.24 16201.23 16301.23 16401.22 16501.21 16601.21 16701.2 16801.19 16901.18 17001.18 17101.17 17201.16 17301.16 17401.15 17501.14 17601.14 17701.13 17801.12 17901.12 18001.11 18101.11 18201.1 18301.09 18401.09 18501.08 18601.08 18701.07 18801.06 18901.06 19001.05 19101.05 19201.04
-9999 -9999 -9999 -9999 -9999 -9999 -9999 -9999 -9999 -9999 -9999 -9999 -9999 -9999 -9999 -9999 -9999 -9999 -9999 -9999 -9999 -9999 -9999 -9999 -9999 -9999 -9999 15500.32 15600.32 15700.32 15800.32 15900.31 16000.31 16100.31 16200.31 16300.31 16400.3 16500.3 16600.3 16700.3 16800.3 16900.29 17000.29 17100.29 17200.29 17300.29 17400.29 17500.29 17600.28 17700.28 17800.28 17900.28 18000.28 18100.28 18200.28 18300.27 18400.27 18500.27 18600.27 18700.27 18800.27 18900.26 19000.26 19100.26 19200.26
-9999 -9999 -9999 -9999 -9999 -9999 -9999 -9999 -9999 -9999 -9999 -9999 -9999 -9999 -9999 -9999 -9999 -9999 -9999 -9999 -9999 -9999 -9999 -9999 -9999 -9999 -9999 15500 15600 15700 15800 15900 16000 16100 16200 16300 16400 16500 16600 16700 16800 16900 17000 17100 17200 17300 17400 17500 17600 17700 17800 17900 18000 18100 18200 18300 18400 18500 18600 18700 18800 18900 19000 19100 19200
-9999 -9999 -9999 -9999 -9999 -9999 -9999 -9999 -9999 -9999 -9999 -9999 -9999 -9999 -9999 -9999 -9999 -9999 -9999 -9999 -9999 -9999 -9999 -9999 -9999 -9999 -9999 15500 15600 15700 15800 15900 16000 16100 16200 16300 16400 16500 16600 16700 16800 16900 17000 17100 17200 17300 17400 17500 17600 17700 17800 17900 18000 18100 18200 18300 18400 18500 18600 18700 18800 18900 19000 19100 19200
-9999 -9999 -9999 -9999 -9999 -9999 -9999 -9999 -9999 -9999 -9999 -9999 -9999 -9999 -9999 -9999 -9999 -9999 -9999 -9999 -9999 -9999 -9999 -9999 -9999 -9999 -9999 15500 15600 15700 15800 15900 16000 16100 16200 16300 16400 16500 16600 16700 16800 16900 17000 17100 17200 17300 17400 17500 17600 17700 17800 17900 18000 18100 18200 18300 18400 18500 18600 18700 18800 18900 19000 19100 19200
-9999 -9999 -9999 -9999 -9999 -9999 -9999 -9999 -9999 -9999 -9999 -9999 -9999 -9999 -9999 -9999 -9999 -9999 -9999 -9999 -9999 -9999 -9999 -9999 -9999 -9999 -9999 15500 15600 15700 15800 15900 16000 16100 16200 16300 16400 16500 16600 16700 16800 16900 17000 17100 17200 17300 17400 17500 17600 17700 17800 17900 18000 18100 18200 18300 18400 18500 18600 18700 18800 18900 19000 19100 19200
-9999 -9999 -9999 -9999 -9999 -9999 -9999 -9999 -9999 -9999 -9999 -9999 -9999 -9999 -9999 -9999 -9999 -9999 -9999 -9999 -9999 -9999 -9999 -9999 -9999 -9999 -9999 -9999 15600 15700 15800 15900 16000 16100 16200 16300 16400 16500 16600 16700 16800 16900 17000 17100 17200 17300 17400 17500 17600 17700 17800 17900 18000 18100 18200 18300 18400 18500 18600 18700 18800 18900 19000 19100 19200
-9999 -9999 -9999 -9999 -9999 -9999 -9999 -9999 -9999 -9999 -9999 -9999 -9999 -9999 -9999 -9999 -9999 -9999 -9999 -9999 -9999 -9999 -9999 -9999 -9999 -9999 -9999 -9999 15600 15700 15800 15900 16000 16100 16200 16300 16400 16500 16600 16700 16800 16900 17000 17100 17200 17300 17400 17500 17600 17700 17800 17900 18000 18100 18200 18300 18400 18500 18600 18700 18800 18900 19000 19100 19200
-9999 -9999 -9999 -9999 -9999 -9999 -9999 -9999 -9999 -9999 -9999 -9999 -9999 -9999 -9999 -9999 -9999 -9999 -9999 -9999 -9999 -9999 -9999 -9999 -9999 -9999 -9999 -9999 -9999 -9999 15800 15900 16000 16100 16200 16300 16400 16500 16600 16700 16800 16900 17000 17100 17200 17300 17400 17500 17600 17700 17800 17900 18000 18100 18200 18300 18400 18500 18600 18700 18800 18900 19000 19100 19200
-9999 -9999 -9999 -9999 -9999 -9999 -9999 -9999 -9999 -9999 -9999 -9999 -9999 -9999 -9999 -9999 -9999 -9999 -9999 -9999 -9999 -9999 -9999 -9999 -9999 -9999 -9999 -9999 -9999 -9999 -9999 -9999 16000 16100 16200 16300 16400 16500 16600 16700 16800 16900 17000 17100 17200 17300 17400 17500 17600 17700 17800 17900 18000 18100 18200 18300 18400 18500 18600 18700 18800 18900 19000 19100 19200
-9999 -9999 -9999 -9999 -9999 -9999 -9999 -9999 -9999 -9999 -9999 -9999 -9999 -9999 -9999 -9999 -9999 -9999 -9999 -9999 -9999 -9999 -9999 -9999 -9999 -9999 -9999 -9999 -9999 -9999 -9999 -9999 -9999 -9999 16200 16300 16400 16500 16600 16700 16800 16900 17000 17100 17200 17300 17400 17500 17600 17700 17800 17900 18000 18100 18200 18300 18400 18500 18600 18700 18800 18900 19000 19100 19200
