InputData/dist_22.txt
ncols         348
nrows         187
xllcorner     582512.90526395
yllcorner     8185149.3710731
cellsize      100
NODATA_value  -9999
[rows 87 to 115 of 187, columns 132 to 197 of 348]
42319.97 42412.85 42505.77 42598.71 42691.68 42784.7 42877.73 42970.8 43063.91 43157.04 43250.2 43343.39 43436.62 43529.88 43623.16 43716.47 43809.82 43903.19 43996.59 44090.02 44183.48 44276.97 44370.48 44464.03 44557.6 44651.2 44744.83 44838.49 44932.17 45025.88 45119.62 45213.38 45302.76 45392.18 45481.64 45571.15 45660.6 45749.97 45839.39 45928.86 46018.37 46107.81 46197.19 46286.61 46376.07 46465.58 46555.13 46644.72 46734.36 46824.03 46913.75 47003.51 47093.31 47183.15 47273.04 47362.96 47452.93 47542.93 47632.97 47723.05 47813.18 47903.34 47993.54 48083.78 48174.06 48264.38
42357.17 42449.97 42542.8 42635.66 42728.56 42821.49 42914.45 43007.44 43100.46 43193.52 43286.6 43379.72 43472.86 43566.04 43659.25 43752.48 43845.75 43939.05 44032.38 44125.73 44219.11 44312.53 44405.97 44499.44 44592.94 44686.46 44780.02 44873.6 44967.21 45060.85 45154.51 45248.2 45341.92 45435.67 45526.37 45615.79 45705.25 45794.76 45884.2 45973.58 46063 46152.46 46241.97 46331.41 46420.79 46510.21 46599.68 46689.18 46778.73 46868.33 46957.96 47047.64 47137.35 47227.11 47316.91 47406.75 47496.63 47586.55 47676.52 47766.52 47856.55 47946.64 48036.76 48126.91 48217.11 48307.35
42394.57 42487.29 42580.04 42672.82 42765.64 42858.49 42951.37 43044.28 43137.22 43230.2 43323.2 43416.24 43509.31 43602.41 43695.54 43788.7 43881.89 43975.11 44068.36 44161.64 44254.94 44348.28 44441.65 44535.04 44628.46 44721.92 44815.4 44908.91 45002.45 45096.01 45189.6 45283.22 45376.87 45470.54 45564.24 45657.97 45749.97 45839.39 45928.86 46018.37 46107.81 46197.19 46286.61 46376.07 46465.58 46555.02 46644.4 46733.82 46823.29 46912.79 47002.34 47091.93 47181.56 47271.24 47360.95 47450.71 47540.51 47630.35 47720.23 47810.14 47900.11 47990.1 48080.14 48170.22 48260.34 48350.49
42432.18 42524.82 42617.48 42710.19 42802.92 42895.69 42988.49 43081.32 43174.18 43267.08 43360 43452.96 43545.95 43638.97 43732.02 43825.11 43918.22 44011.36 44104.54 44197.74 44290.97 44384.23 44477.52 44570.84 44664.19 44757.57 44850.98 44944.41 45037.87 45131.36 45224.88 45318.43 45412 45505.61 45599.23 45692.89 45786.57 45880.28 45973.58 46063 46152.46 46241.97 46331.41 46420.79 46510.21 46599.68 46689.18 46778.63 46868.01 46957.43 47046.89 47136.4 47225.95 47315.54 47405.17 47494.84 47584.55 47674.31 47764.11 47853.95 47943.82 48033.74 48123.7 48213.69 48303.73 48393.8
42469.99 42562.54 42655.13 42747.75 42840.4 42933.09 43025.8 43118.56 43211.34 43304.16 43397 43489.88 43582.79 43675.74 43768.71 43861.71 43954.75 44047.82 44140.91 44234.04 44327.19 44420.38 44513.59 44606.84 44700.11 44793.41 44886.75 44980.11 45073.5 45166.91 45260.36 45353.83 45447.33 45540.86 45634.42 45728 45821.61 45915.25 46008.91 46102.6 46196.32 46286.61 46376.07 46465.58 46555.02 46644.4 46733.82 46823.29 46912.79 47002.23 47091.61 47181.04 47270.5 47360 47449.55 47539.14 47628.77 47718.45 47808.16 47897.91 47987.71 48077.54 48167.42 48257.33 48347.29 48437.28
42508 42600.47 42692.97 42785.51 42878.08 42970.69 43063.32 43156 43248.7 43341.43 43434.2 43527 43619.84 43712.7 43805.59 43898.52 43991.48 44084.46 44177.48 44270.53 44363.61 44456.72 44549.86 44643.03 44736.23 44829.45 44922.71 45016 45109.31 45202.66 45296.03 45389.43 45482.86 45576.31 45669.79 45763.3 45856.84 45950.41 46044 46137.62 46231.27 46324.94 46418.64 46510.21 46599.68 46689.18 46778.63 46868.01 46957.43 47046.89 47136.4 47225.84 47315.22 47404.64 47494.11 47583.61 47673.16 47762.75 47852.38 47942.05 48031.76 48121.51 48211.3 48301.14 48391.01 48480.93
42546.21 42638.6 42731.02 42823.48 42915.96 43008.49 43101.04 43193.63 43286.26 43378.91 43471.6 43564.32 43657.07 43749.86 43842.67 43935.52 44028.4 44121.31 44214.25 44307.22 44400.23 44493.26 44586.32 44679.41 44772.54 44865.69 44958.87 45052.08 45145.32 45238.59 45331.89 45425.21 45518.57 45611.95 45705.36 45798.8 45892.27 45985.76 46079.28 46172.83 46266.4 46360 46453.63 46547.29 46640.97 46733.82 46823.29 46912.79 47002.23 47091.61 47181.04 47270.5 47360 47449.45 47538.83 47628.25 47717.71 47807.22 47896.77 47986.35 48075.98 48165.65 48255.36 48345.11 48434.91 48524.73
42584.62 42676.93 42769.27 42861.64 42954.05 43046.49 43138.96 43231.47 43324.01 43416.59 43509.2 43601.84 43694.51 43787.21 43879.95 43972.72 44065.52 44158.35 44251.21 44344.11 44437.04 44529.99 44622.98 44715.99 44809.04 44902.12 44995.22 45088.36 45181.52 45274.72 45367.94 45461.19 45554.47 45647.78 45741.12 45834.48 45927.88 46021.3 46114.75 46208.22 46301.73 46395.26 46488.82 46582.4 46676.01 46769.65 46863.31 46957 47046.89 47136.4 47225.84 47315.22 47404.64 47494.11 47583.61 47673.05 47762.43 47851.86 47941.32 48030.82 48120.37 48209.96 48299.59 48389.25 48478.96 48568.71
42623.23 42715.45 42807.71 42900 42992.32 43084.68 43177.08 43269.5 43361.96 43454.46 43546.98 43639.55 43732.14 43824.77 43917.42 44010.11 44102.84 44195.59 44288.38 44381.19 44474.04 44566.91 44659.82 44752.77 44845.73 44938.73 45031.77 45124.83 45217.92 45311.04 45404.18 45497.36 45590.57 45683.8 45777.07 45870.36 45963.68 46057.03 46150.41 46243.81 46337.24 46430.7 46524.19 46617.7 46711.24 46804.81 46898.4 46992.02 47085.67 47179.34 47270.5 47360 47449.45 47538.83 47628.25 47717.71 47807.22 47896.66 47986.04 48075.46 48164.93 48254.43 48343.98 48433.56 48523.19 48612.86
42662.04 42754.18 42846.35 42938.56 43030.8 43123.08 43215.39 43307.73 43400.11 43492.53 43584.97 43677.45 43769.97 43862.51 43955.09 44047.7 44140.34 44233.02 44325.73 44418.46 44511.23 44604.04 44696.87 44789.73 44882.63 44975.55 45068.5 45161.49 45254.5 45347.55 45440.62 45533.72 45626.86 45720.02 45813.21 45906.43 45999.68 46092.95 46186.25 46279.59 46372.95 46466.33 46559.75 46653.19 46746.66 46840.15 46933.68 47027.23 47120.8 47214.41 47308.03 47401.69 47494.11 47583.61 47673.05 47762.43 47851.86 47941.32 48030.82 48120.27 48209.64 48299.07 48388.53 48478.04 48567.58 48657.17
42701.05 42793.11 42885.2 42977.32 43069.48 43161.67 43253.9 43346.16 43438.46 43530.79 43623.16 43715.56 43807.99 43900.46 43992.95 44085.48 44178.05 44270.64 44363.27 44455.93 44548.63 44641.35 44734.1 44826.89 44919.71 45012.55 45105.43 45198.34 45291.28 45384.25 45477.25 45570.28 45663.33 45756.42 45849.54 45942.68 46035.86 46129.06 46222.29 46315.55 46408.84 46502.15 46595.49 46688.86 46782.26 46875.69 46969.14 47062.62 47156.13 47249.66 47343.21 47436.8 47530.41 47624.05 47717.71 47807.22 47896.66 47986.04 48075.46 48164.93 48254.43 48343.87 48433.25 48522.68 48612.14 48701.64
42740.26 42832.23 42924.23 43016.28 43108.35 43200.46 43292.61 43384.79 43477 43569.25 43661.54 43753.86 43846.21 43938.59 44031.01 44123.46 44215.95 44308.46 44401.01 44493.59 44586.21 44678.86 44771.53 44864.24 44956.98 45049.75 45142.55 45235.38 45328.25 45421.14 45514.06 45607.02 45700 45793.01 45886.05 45979.13 46072.23 46165.36 46258.51 46351.7 46444.91 46538.16 46631.43 46724.73 46818.05 46911.41 47004.79 47098.2 47191.63 47285.09 47378.58 47472.1 47565.64 47659.21 47752.8 47846.42 47940.07 48030.93 48120.27 48209.64 48299.07 48388.53 48478.04 48567.48 48656.86 48746.28
42779.67 42871.55 42963.47 43055.43 43147.42 43239.45 43331.51 43423.61 43515.75 43607.91 43700.11 43792.35 43884.62 43976.93 44069.26 44161.64 44254.04 44346.48 44438.95 44531.45 44623.98 44716.55 44809.15 44901.78 44994.45 45087.14 45179.86 45272.62 45365.41 45458.22 45551.07 45643.95 45736.86 45829.79 45922.76 46015.76 46108.79 46201.84 46294.93 46388.04 46481.18 46574.35 46667.55 46760.77 46854.03 46947.31 47040.62 47133.96 47227.32 47320.71 47414.13 47507.58 47601.05 47694.55 47788.07 47881.63 47975.2 48068.8 48162.43 48254.54 48343.87 48433.25 48522.68 48612.14 48701.64 48791.09
42819.27 42911.07 43002.91 43094.78 43186.69 43278.63 43370.61 43462.63 43554.68 43646.77 43738.88 43831.04 43923.23 44015.45 44107.71 44200 44292.32 44384.68 44477.07 44569.5 44661.95 44754.44 44846.96 44939.52 45032.1 45124.71 45217.36 45310.04 45402.75 45495.5 45588.27 45681.07 45773.9 45866.76 45959.66 46052.58 46145.53 46238.51 46331.52 46424.56 46517.63 46610.73 46703.86 46797.01 46890.19 46983.4 47076.64 47169.91 47263.2 47356.52 47449.87 47543.24 47636.64 47730.07 47823.53 47917.01 48010.52 48104.05 48197.61 48291.2 48384.81 48478.14 48567.48 48656.86 48746.28 48835.75
42859.07 42950.79 43042.54 43134.32 43226.15 43318.01 43409.91 43501.84 43593.81 43685.81 43777.85 43869.92 43962.03 44054.17 44146.35 44238.56 44330.8 44423.08 44515.39 44607.73 44700.11 44792.52 44884.96 44977.44 45069.95 45162.48 45255.05 45347.66 45440.29 45532.96 45625.65 45718.38 45811.13 45903.92 45996.74 46089.59 46182.46 46275.37 46368.31 46461.27 46554.27 46647.29 46740.35 46833.43 46926.54 47019.68 47112.84 47206.04 47299.26 47392.51 47485.79 47579.09 47672.43 47765.78 47859.17 47952.58 48046.02 48139.48 48232.98 48326.49 48420.04 48513.61 48607.2 48700.82 48791.09 48880.46
42899.07 42990.7 43082.36 43174.07 43265.8 43357.58 43449.39 43541.25 43633.13 43725.05 43817 43909 44001.02 44093.08 44185.18 44277.31 44369.47 44461.67 44553.9 44646.16 44738.46 44830.79 44923.16 45015.55 45107.98 45200.44 45292.93 45385.46 45478.02 45570.61 45663.22 45755.88 45848.55 45941.27 46034.01 46126.78 46219.59 46312.42 46405.28 46498.17 46591.09 46684.04 46777.02 46870.03 46963.07 47056.14 47149.23 47242.36 47335.5 47428.68 47521.89 47615.13 47708.39 47801.67 47894.99 47988.33 48081.7 48175.1 48268.52 48361.97 48455.45 48548.95 48642.47 48736.02 48829.6 48923.21
42939.26 43030.8 43122.38 43214 43305.66 43397.35 43489.08 43580.84 43672.64 43764.48 43856.36 43948.27 44040.21 44132.19 44224.2 44316.25 44408.33 44500.45 44592.6 44684.79 44777 44869.25 44961.54 45053.86 45146.21 45238.59 45331 45423.45 45515.93 45608.44 45700.98 45793.56 45886.16 45978.8 46071.46 46164.16 46256.89 46349.65 46442.44 46535.25 46628.1 46720.98 46813.89 46906.82 46999.79 47092.78 47185.8 47278.86 47371.93 47465.04 47558.18 47651.34 47744.53 47837.75 47930.99 48024.27 48117.56 48210.89 48304.24 48397.63 48491.03 48584.46 48677.92 48771.41 48864.91 48958.45
42979.64 43071.11 43162.6 43254.13 43345.7 43437.31 43528.96 43620.64 43712.36 43804.11 43895.9 43987.73 44079.59 44171.48 44263.42 44355.38 44447.38 44539.42 44631.49 44723.59 44815.73 44907.91 45000.11 45092.35 45184.62 45276.93 45369.26 45461.63 45554.04 45646.47 45738.93 45831.43 45923.96 46016.52 46109.11 46201.73 46294.38 46387.07 46479.78 46572.52 46665.3 46758.1 46850.93 46943.8 47036.69 47129.61 47222.56 47315.54 47408.54 47501.58 47594.64 47687.73 47780.86 47874 47967.18 48060.38 48153.61 48246.86 48340.15 48433.46 48526.8 48620.16 48713.55 48806.96 48900.41 48993.88
43009.42 43109.39 43203.01 43294.46 43385.94 43477.46 43569.03 43660.62 43752.26 43843.93 43935.63 44027.38 44119.16 44210.97 44302.82 44394.71 44486.63 44578.58 44670.57 44762.6 44854.65 44946.75 45038.87 45131.03 45223.22 45315.45 45407.71 45500 45592.32 45684.68 45777.07 45869.49 45961.94 46054.43 46146.94 46239.48 46332.06 46424.67 46517.31 46609.98 46702.68 46795.41 46888.16 46980.95 47073.77 47166.62 47259.5 47352.4 47445.34 47538.3 47631.29 47724.31 47817.36 47910.44 48003.54 48096.67 48189.83 48283.02 48376.23 48469.48 48562.74 48656.04 48749.36 48842.71 48936.08 49029.48
43011.63 43111.6 43211.57 43311.55 43411.52 43511.49 43609.29 43700.8 43792.35 43883.94 43975.56 44067.22 44158.92 44250.65 44342.42 44434.22 44526.06 44617.93 44709.84 44801.79 44893.76 44985.78 45077.82 45169.9 45262.02 45354.16 45446.34 45538.55 45630.8 45723.08 45815.39 45907.73 46000.11 46092.52 46184.95 46277.43 46369.93 46462.46 46555.02 46647.61 46740.24 46832.89 46925.58 47018.29 47111.04 47203.81 47296.62 47389.45 47482.31 47575.2 47668.13 47761.07 47854.05 47947.05 48040.09 48133.15 48226.24 48319.36 48412.5 48505.67 48598.87 48692.09 48785.35 48878.63 48971.93 49065.26
43014.07 43114.04 43214 43313.97 43413.94 43513.91 43613.88 43713.84 43813.81 43913.78 44013.75 44107.25 44198.87 44290.52 44382.2 44473.93 44565.68 44657.47 44749.3 44841.16 44933.06 45024.99 45116.96 45208.96 45300.99 45393.06 45485.16 45577.3 45669.46 45761.66 45853.9 45946.16 46038.46 46130.79 46223.16 46315.55 46407.97 46500.43 46592.92 46685.44 46777.98 46870.57 46963.18 47055.82 47148.49 47241.19 47333.92 47426.68 47519.47 47612.29 47705.14 47798.01 47890.92 47983.85 48076.81 48169.8 48262.82 48355.87 48448.94 48542.04 48635.17 48728.33 48821.51 48914.72 49007.96 49101.22
43016.74 43116.7 43216.66 43316.63 43416.59 43516.55 43616.51 43716.47 43816.43 43916.4 44016.36 44116.32 44216.29 44316.25 44416.21 44513.82 44605.49 44697.2 44788.95 44880.73 44972.55 45064.4 45156.29 45248.2 45340.16 45432.15 45524.17 45616.23 45708.31 45800.44 45892.59 45984.78 46077 46169.25 46261.54 46353.86 46446.21 46538.59 46631 46723.44 46815.92 46908.42 47000.96 47093.52 47186.12 47278.75 47371.41 47464.09 47556.81 47649.55 47742.33 47835.13 47927.96 48020.83 48113.72 48206.64 48299.59 48392.56 48485.57 48578.6 48671.66 48764.74 48857.86 48951 49044.16 49137.36
43019.65 43119.6 43219.55 43319.51 43419.46 43519.42 43619.38 43719.33 43819.29 43919.24 44019.2 44119.16 44219.11 44319.07 44419.03 44518.98 44618.94 44718.9 44818.86 44918.82 45012.22 45103.99 45195.8 45287.64 45379.51 45471.42 45563.36 45655.34 45747.35 45839.39 45931.47 46023.58 46115.72 46207.9 46300.11 46392.35 46484.62 46576.93 46669.26 46761.63 46854.03 46946.46 47038.92 47131.41 47223.93 47316.49 47409.07 47501.68 47594.33 47687 47779.7 47872.43 47965.2 48057.98 48150.8 48243.65 48336.53 48429.43 48522.37 48615.33 48708.32 48801.33 48894.38 48987.45 49080.55 49173.67
43022.79 43122.73 43222.68 43322.63 43422.57 43522.52 43622.47 43722.42 43822.37 43922.32 44022.27 44122.21 44222.17 44322.12 44422.07 44522.02 44621.97 44721.92 44821.87 44921.82 45021.77 45121.72 45221.68 45321.63 45419.05 45510.88 45602.74 45694.64 45786.57 45878.54 45970.54 46062.57 46154.63 46246.73 46338.86 46431.02 46523.22 46615.45 46707.71 46800 46892.32 46984.68 47077.07 47169.48 47261.93 47354.41 47446.92 47539.46 47632.03 47724.63 47817.26 47909.91 48002.61 48095.32 48188.07 48280.84 48373.65 48466.48 48559.34 48652.23 48745.15 48838.1 48931.07 49024.07 49117.11 49210.16
43026.16 43126.09 43226.04 43325.97 43425.91 43525.86 43625.8 43725.73 43825.68 43925.62 44025.56 44125.5 44225.45 44325.39 44425.33 44525.27 44625.22 44725.16 44825.11 44925.05 45024.99 45124.94 45224.88 45324.83 45424.77 45524.72 45624.66 45724.61 45824.56 45917.86 46009.78 46101.73 46193.72 46285.74 46377.8 46469.88 46562 46654.15 46746.34 46838.55 46930.8 47023.08 47115.39 47207.73 47300.11 47392.51 47484.95 47577.41 47669.91 47762.43 47854.99 47947.57 48040.19 48132.84 48225.51 48318.21 48410.95 48503.71 48596.5 48689.32 48782.17 48875.04 48967.95 49060.88 49153.84 49246.83
43029.76 43129.69 43229.62 43329.55 43429.48 43529.41 43629.35 43729.28 43829.21 43929.15 44029.08 44129.02 44228.95 44328.88 44428.82 44528.75 44628.69 44728.63 44828.56 44928.5 45028.43 45128.37 45228.31 45328.25 45428.18 45528.13 45628.06 45728 45827.94 45927.88 46027.82 46127.76 46227.7 46324.94 46416.91 46508.93 46600.96 46693.04 46785.15 46877.29 46969.46 47061.66 47153.9 47246.16 47338.46 47430.79 47523.15 47615.54 47707.96 47800.42 47892.9 47985.41 48077.96 48170.53 48263.13 48355.77 48448.43 48541.12 48633.84 48726.59 48819.36 48912.17 49005 49097.86 49190.75 49283.67
43033.59 43133.51 43233.44 43333.36 43433.28 43533.21 43633.13 43733.05 43832.98 43932.9 44032.83 44132.75 44232.68 44332.61 44432.53 44532.46 44632.39 44732.32 44832.24 44932.17 45032.1 45132.03 45231.96 45331.89 45431.82 45531.75 45631.68 45731.61 45831.54 45931.47 46031.4 46131.34 46231.27 46331.2 46431.13 46531.07 46631 46730.93 46824.14 46916.2 47008.3 47100.43 47192.59 47284.78 47377 47469.25 47561.54 47653.86 47746.2 47838.58 47930.99 48023.43 48115.9 48208.4 48300.93 48393.49 48486.08 48578.7 48671.35 48764.02 48856.73 48949.46 49042.23 49135.02 49227.84 49320.68
43037.66 43137.57 43237.48 43337.4 43437.31 43537.23 43637.14 43737.05 43836.97 43936.89 44036.8 44136.72 44236.64 44336.55 44436.47 44536.39 44636.31 44736.23 44836.14 44936.07 45035.98 45135.91 45235.83 45335.75 45435.67 45535.59 45635.51 45735.43 45835.36 45935.28 46035.2 46135.13 46235.05 46334.98 46434.9 46534.82 46634.75 46734.68 46834.6 46934.53 47034.46 47134.38 47231.45 47323.57 47415.71 47507.89 47600.11 47692.35 47784.62 47876.93 47969.26 48061.63 48154.02 48246.45 48338.91 48431.39 48523.91 48616.46 48709.04 48801.64 48894.27 48986.94 49079.63 49172.35 49265.1 49357.88
43041.96 43141.86 43241.76 43341.66 43441.57 43541.47 43641.38 43741.29 43841.19 43941.1 44041 44140.91 44240.82 44340.73 44440.63 44540.54 44640.45 44740.36 44840.27 44940.18 45040.09 45140 45239.91 45339.83 45439.74 45539.65 45639.57 45739.48 45839.39 45939.31 46039.22 46139.14 46239.05 46338.97 46438.88 46538.8 46638.72 46738.64 46838.55 46938.47 47038.39 47138.31 47238.23 47338.14 47438.07 47537.98 47637.91 47731.02 47823.21 47915.45 48007.71 48100 48192.32 48284.68 48377.06 48469.48 48561.92 48654.39 48746.9 48839.43 48931.99 49024.59 49117.21 49209.86 49302.54 49395.24
