InputData/dist_16.txt
ncols         241
nrows         243
xllcorner     520834.16350523
yllcorner     8173804.8224327
cellsize      100
NODATA_value  -9999
[rows 28 to 55 of 243, columns 63 to 125 of 241]
-9999 -9999 -9999 -9999 -9999 -9999 -9999 -9999 -9999 -9999 -9999 -9999 -9999 -9999 -9999 -9999 -9999 -9999 -9999 -9999 -9999 -9999 -9999 -9999 -9999 -9999 -9999 -9999 -9999 -9999 -9999 -9999 -9999 -9999 -9999 -9999 -9999 -9999 -9999 -9999 -9999 -9999 -9999 -9999 -9999 -9999 -9999 -9999 -9999 -9999 19436.56 19340.37 19244.22 19148.11 19052.03 18956 18860.01 18764.06 18668.15 18572.29 18476.47 18380.7 18284.97
-9999 -9999 -9999 -9999 -9999 -9999 -9999 -9999 -9999 -9999 -9999 -9999 -9999 -9999 -9999 -9999 -9999 -9999 -9999 -9999 -9999 -9999 -9999 -9999 -9999 -9999 -9999 -9999 -9999 -9999 -9999 -9999 -9999 -9999 -9999 -9999 -9999 -9999 -9999 -9999 -9999 -9999 -9999 -9999 -9999 -9999 -9999 19752.47 19656.3 19560.16 19464.07 19368.02 19272 19176.03 19080.09 18984.2 18888.36 18792.55 18696.79 18601.08 18505.4 18409.78 18314.2
-9999 -9999 -9999 -9999 -9999 -9999 -9999 -9999 -9999 -9999 -9999 -9999 -9999 -9999 -9999 -9999 -9999 -9999 -9999 -9999 -9999 -9999 -9999 -9999 -9999 -9999 -9999 -9999 -9999 -9999 -9999 -9999 -9999 -9999 -9999 -9999 -9999 -9999 -9999 -9999 -9999 -9999 20260.8 20164.57 20068.38 19972.23 19876.12 19780.04 19684 19588.01 19492.05 19396.13 19300.26 19204.43 19108.64 19012.89 18917.19 18821.53 18725.92 18630.35 18534.83 18439.36 18343.94
-9999 -9999 -9999 -9999 -9999 -9999 -9999 -9999 -9999 -9999 -9999 -9999 -9999 -9999 -9999 -9999 -9999 -9999 -9999 -9999 -9999 -9999 -9999 -9999 -9999 -9999 -9999 -9999 -9999 -9999 -9999 -9999 -9999 -9999 -9999 -9999 -9999 -9999 20672.93 20576.69 20480.48 20384.31 20288.17 20192.08 20096.02 20000 19904.02 19808.08 19712.18 19616.32 19520.5 19424.73 19328.99 19233.3 19137.66 19042.06 18946.5 18850.99 18755.53 18660.12 18564.75 18469.43 18374.17
-9999 -9999 -9999 -9999 -9999 -9999 -9999 -9999 -9999 -9999 -9999 -9999 -9999 -9999 -9999 -9999 -9999 -9999 -9999 -9999 -9999 -9999 -9999 -9999 -9999 -9999 -9999 -9999 -9999 -9999 -9999 -9999 -9999 21181.36 21085.07 20988.81 20892.58 20796.39 20700.24 20604.13 20508.05 20412.01 20316 20220.04 20124.12 20028.23 19932.38 19836.58 19740.82 19645.1 19549.42 19453.79 19358.2 19262.66 19167.16 19071.71 18976.3 18880.94 18785.63 18690.37 18595.16 18500 18404.89
-9999 -9999 -9999 -9999 -9999 -9999 -9999 -9999 -9999 -9999 -9999 -9999 -9999 -9999 -9999 -9999 -9999 -9999 -9999 -9999 -9999 -9999 -9999 -9999 -9999 -9999 -9999 -9999 -9999 21593.52 21497.21 21400.93 21304.69 21208.49 21112.32 21016.18 20920.09 20824.03 20728 20632.01 20536.07 20440.16 20344.29 20248.46 20152.67 20056.92 19961.21 19865.55 19769.93 19674.35 19578.81 19483.33 19387.88 19292.49 19197.13 19101.83 19006.58 18911.37 18816.22 18721.11 18626.06 18531.05 18436.11
-9999 -9999 -9999 -9999 -9999 -9999 -9999 -9999 -9999 -9999 -9999 -9999 -9999 -9999 -9999 -9999 -9999 -9999 -9999 -9999 -9999 -9999 -9999 -9999 -9999 22005.68 21909.36 21813.07 21716.81 21620.59 21524.4 21428.25 21332.13 21236.05 21140.01 21044 20948.03 20852.1 20756.2 20660.35 20564.53 20468.76 20373.02 20277.33 20181.68 20086.06 19990.5 19894.97 19799.49 19704.06 19608.67 19513.33 19418.03 19322.79 19227.58 19132.43 19037.33 18942.28 18847.28 18752.33 18657.44 18562.6 18467.81
-9999 -9999 -9999 -9999 -9999 -9999 -9999 -9999 -9999 -9999 -9999 -9999 -9999 -9999 -9999 -9999 -9999 -9999 -9999 -9999 -9999 -9999 -9999 -9999 22105.66 22032.7 21936.5 21840.33 21744.2 21648.09 21552.03 21456 21360.01 21264.05 21168.14 21072.26 20976.42 20880.61 20784.85 20689.13 20593.45 20497.8 20402.21 20306.65 20211.13 20115.67 20020.24 19924.86 19829.52 19734.23 19638.99 19543.8 19448.65 19353.55 19258.5 19163.51 19068.56 18973.67 18878.82 18784.04 18689.3 18594.62 18500
-9999 -9999 -9999 -9999 -9999 -9999 -9999 -9999 -9999 -9999 -9999 -9999 -9999 -9999 -9999 -9999 -9999 -9999 -9999 -9999 -9999 -9999 -9999 22077.14 22022.04 21967.25 21912.78 21858.64 21772 21676.02 21580.08 21484.18 21388.31 21292.49 21196.7 21100.95 21005.24 20909.57 20813.94 20718.35 20622.8 20527.3 20431.84 20336.42 20241.05 20145.72 20050.44 19955.2 19860.01 19764.87 19669.77 19574.73 19479.73 19384.79 19289.89 19195.05 19100.26 19005.53 18910.84 18816.22 18721.64 18627.13 18532.67
-9999 -9999 -9999 -9999 -9999 -9999 -9999 -9999 -9999 -9999 -9999 -9999 -9999 -9999 -9999 -9999 -9999 -9999 -9999 -9999 -9999 -9999 22049.49 21993.86 21938.55 21883.55 21828.88 21774.53 21720.5 21666.79 21608.56 21512.79 21417.05 21321.35 21225.69 21130.07 21034.5 20938.96 20843.46 20748.01 20652.6 20557.24 20461.92 20366.64 20271.41 20176.22 20081.09 19985.99 19890.95 19795.96 19701.02 19606.12 19511.28 19416.49 19321.75 19227.06 19132.43 19037.86 18943.34 18848.87 18754.47 18660.12 18565.83
-9999 -9999 -9999 -9999 -9999 -9999 -9999 -9999 -9999 -9999 -9999 -9999 -9999 -9999 -9999 -9999 -9999 -9999 -9999 -9999 -9999 22022.04 21966.57 21910.73 21855.21 21800 21745.12 21690.55 21636.31 21582.4 21528.82 21475.57 21422.65 21350.64 21255.12 21159.63 21064.19 20968.79 20873.43 20778.11 20682.84 20587.62 20492.44 20397.3 20302.22 20207.18 20112.19 20017.24 19922.35 19827.51 19732.71 19637.97 19543.29 19448.65 19354.07 19259.54 19165.07 19070.66 18976.3 18882 18787.76 18693.58 18599.46
-9999 -9999 -9999 -9999 -9999 -9999 -9999 -9999 -9999 -9999 -9999 -9999 -9999 -9999 -9999 -9999 -9999 -9999 -9999 -9999 -9999 21938.55 21883.55 21827.73 21772 21716.58 21661.49 21606.71 21552.26 21498.14 21444.35 21390.89 21337.76 21284.97 21226.87 21169.08 21094.31 20999.05 20903.83 20808.65 20713.52 20618.44 20523.4 20428.41 20333.47 20238.58 20143.73 20048.94 19954.2 19859.51 19764.87 19670.28 19575.75 19481.27 19386.85 19292.49 19198.18 19103.93 19009.73 18915.6 18821.53 18727.52 18633.57
-9999 -9999 -9999 -9999 -9999 -9999 -9999 -9999 -9999 -9999 -9999 -9999 -9999 -9999 -9999 -9999 -9999 -9999 -9999 -9999 21910.73 21855.21 21800 21744.88 21688.94 21633.31 21578 21523.01 21468.35 21414.01 21360.01 21306.34 21253 21200 21145.45 21087.44 21029.74 20972.36 20915.3 20839.63 20744.64 20649.7 20554.8 20459.96 20365.17 20270.42 20175.73 20081.09 19986.5 19891.96 19797.47 19703.04 19608.67 19514.35 19420.09 19325.89 19231.74 19137.66 19043.63 18949.67 18855.77 18761.93 18668.15
-9999 -9999 -9999 -9999 -9999 -9999 -9999 -9999 -9999 -9999 -9999 -9999 -9999 -9999 -9999 -9999 -9999 -9999 -9999 21883.55 21827.73 21772 21716.58 21661.49 21606.02 21550.17 21494.65 21439.45 21384.57 21330.03 21275.81 21221.92 21168.37 21115.16 21062.29 21005.95 20948.03 20890.43 20833.15 20776.19 20719.56 20663.25 20586.65 20491.95 20397.3 20302.71 20208.17 20113.68 20019.24 19924.86 19830.53 19736.26 19642.05 19547.89 19453.79 19359.75 19265.77 19171.85 19078 18984.2 18890.47 18796.81 18703.21
-9999 -9999 -9999 -9999 -9999 -9999 -9999 -9999 -9999 -9999 -9999 -9999 -9999 -9999 -9999 -9999 -9999 -9999 21855.21 21800 21744.88 21688.94 21633.31 21578 21523.01 21467.18 21411.45 21356.03 21300.94 21246.18 21191.74 21137.64 21083.88 21030.46 20977.37 20924.63 20866.48 20808.65 20751.14 20693.96 20637.1 20580.57 20524.38 20468.51 20412.99 20335.44 20241.05 20146.71 20052.43 19958.21 19864.04 19769.93 19675.87 19581.88 19487.95 19394.07 19300.26 19206.51 19112.82 19019.2 18925.64 18832.15 18736.06
-9999 -9999 -9999 -9999 -9999 -9999 -9999 -9999 -9999 -9999 -9999 -9999 -9999 -9999 -9999 -9999 -9999 21827.73 21772 21716.58 21661.49 21606.02 21550.17 21494.65 21439.45 21384.34 21328.38 21272.75 21217.45 21162.47 21107.82 21053.5 20999.52 20945.88 20892.58 20839.63 20785.09 20727.04 20669.3 20611.89 20554.8 20498.05 20441.63 20385.53 20329.78 20274.37 20219.3 20163.83 20086.06 19992 19897.99 19804.04 19710.15 19616.32 19522.55 19428.84 19335.2 19241.62 19148.11 19052.03 18956 18860.01 18764.06
-9999 -9999 -9999 -9999 -9999 -9999 -9999 -9999 -9999 -9999 -9999 -9999 -9999 -9999 -9999 21857.72 21801.15 21744.88 21688.94 21633.31 21578 21523.01 21467.18 21411.45 21356.03 21300.94 21245.47 21189.62 21134.1 21078.9 21024.03 20969.5 20915.3 20861.45 20807.93 20754.76 20701.93 20645.58 20587.62 20529.98 20472.66 20415.68 20359.03 20302.71 20246.73 20191.09 20135.79 20080.84 20024.98 19969.23 19913.81 19838.6 19744.87 19651.21 19557.61 19464.07 19368.02 19272 19176.03 19080.09 18984.2 18888.36 18792.55
-9999 -9999 -9999 -9999 -9999 -9999 -9999 -9999 -9999 -9999 -9999 -9999 -9999 -9999 21832.54 21775.45 21718.66 21662.18 21606.02 21550.17 21494.65 21439.45 21384.34 21328.38 21272.75 21217.45 21162.47 21106.63 21050.89 20995.48 20940.39 20885.64 20831.23 20777.15 20723.42 20670.03 20616.98 20564.29 20506.1 20448.23 20390.68 20333.47 20276.59 20220.04 20163.83 20107.96 20052.43 19997.25 19942.17 19886.18 19830.53 19775.24 19720.29 19664.44 19588.01 19492.05 19396.13 19300.26 19204.43 19108.64 19012.89 18917.19 18821.53
-9999 -9999 -9999 -9999 -9999 -9999 -9999 -9999 -9999 -9999 -9999 -9999 -9999 21808.26 21750.63 21693.32 21636.31 21579.62 21523.24 21467.18 21411.45 21356.03 21300.94 21245.47 21189.62 21134.1 21078.9 21023.8 20967.83 20912.2 20856.89 20801.92 20747.29 20692.99 20639.04 20585.43 20532.17 20479.26 20424.74 20366.64 20308.87 20251.42 20194.31 20137.53 20081.09 20024.98 19969.23 19913.81 19858.75 19803.28 19747.4 19691.88 19636.7 19581.63 19525.63 19469.98 19414.69 19328.99 19233.3 19137.66 19042.06 18946.5 18850.99
-9999 -9999 -9999 -9999 -9999 -9999 -9999 -9999 -9999 -9999 -9999 -9999 21784.86 21726.71 21668.87 21611.34 21554.12 21497.21 21440.62 21384.34 21328.38 21272.75 21217.45 21162.47 21106.63 21050.89 20995.48 20940.39 20884.92 20829.07 20773.54 20718.35 20663.49 20608.98 20554.8 20500.98 20447.49 20394.36 20341.58 20285.22 20227.21 20169.53 20112.19 20055.17 19998.5 19942.17 19886.18 19830.53 19775.24 19720.29 19664.44 19608.67 19553.26 19498.21 19442.74 19386.85 19331.32 19276.15 19221.08 19165.07 19071.71 18976.3 18880.94
-9999 -9999 -9999 -9999 -9999 -9999 -9999 -9999 -9999 -9999 -9999 21762.35 21703.69 21645.32 21587.27 21529.51 21472.07 21414.95 21358.14 21301.64 21245.47 21189.62 21134.1 21078.9 21023.8 20967.83 20912.2 20856.89 20801.92 20746.08 20690.34 20634.92 20579.84 20525.11 20470.71 20416.66 20362.96 20309.6 20256.6 20203.96 20145.72 20087.81 20030.23 19972.98 19916.07 19859.51 19803.28 19747.4 19691.88 19636.7 19581.63 19525.63 19469.98 19414.69 19359.75 19303.88 19248.12 19192.71 19137.66 19082.19 19026.3 18970.77 18911.37
-9999 -9999 -9999 -9999 -9999 -9999 -9999 -9999 -9999 -9999 21740.75 21681.56 21622.67 21564.09 21505.81 21447.84 21390.19 21332.84 21275.81 21219.1 21162.7 21106.63 21050.89 20995.48 20940.39 20884.92 20829.07 20773.54 20718.35 20663.25 20607.28 20551.64 20496.34 20441.38 20386.76 20332.49 20278.56 20224.98 20171.76 20118.9 20064.4 20006.25 19948.43 19890.95 19833.81 19777.01 19720.55 19664.44 19608.67 19553.26 19498.21 19442.74 19386.85 19331.32 19276.15 19221.08 19165.07 19109.42 19054.13 18999.21 18943.34 18887.56 18832.15
-9999 -9999 -9999 -9999 -9999 -9999 -9999 -9999 -9999 21720.04 21660.33 21600.93 21541.82 21483.02 21424.52 21366.33 21308.45 21250.88 21193.63 21136.7 21080.09 21023.8 20967.83 20912.2 20856.89 20801.92 20746.08 20690.34 20634.92 20579.84 20524.38 20468.51 20412.99 20357.8 20302.96 20248.46 20194.31 20140.51 20087.06 20033.97 19981.24 19924.86 19866.81 19809.09 19751.71 19694.67 19637.97 19581.63 19525.63 19469.98 19414.69 19359.75 19303.88 19248.12 19192.71 19137.66 19082.19 19026.3 18970.77 18915.6 18860.54 18804.52 18748.87
-9999 -9999 -9999 -9999 -9999 -9999 -9999 -9999 21700.23 21640.01 21580.08 21520.46 21461.13 21402.1 21343.38 21284.97 21226.87 21169.08 21111.61 21054.45 20997.62 20941.11 20884.92 20829.07 20773.54 20718.35 20663.25 20607.28 20551.64 20496.34 20441.38 20385.53 20329.78 20274.37 20219.3 20164.57 20110.2 20056.17 20002.5 19949.19 19896.23 19843.64 19785.35 19727.39 19669.77 19612.5 19555.56 19498.97 19442.74 19386.85 19331.32 19276.15 19221.08 19165.07 19109.42 19054.13 18999.21 18943.34 18887.56 18832.15 18777.11 18721.64 18665.74
-9999 -9999 -9999 -9999 -9999 -9999 -9999 21681.33 21620.59 21560.15 21500 21440.15 21380.6 21321.35 21262.41 21203.77 21145.45 21087.44 21029.74 20972.36 20915.3 20858.57 20802.16 20746.08 20690.34 20634.92 20579.84 20524.38 20468.51 20412.99 20357.8 20302.71 20246.73 20191.09 20135.79 20080.84 20026.23 19971.98 19918.08 19864.54 19811.36 19758.54 19704.06 19645.87 19588.01 19530.49 19473.31 19416.49 19360.01 19303.88 19248.12 19192.71 19137.66 19082.19 19026.3 18970.77 18915.6 18860.54 18804.52 18748.87 18693.58 18638.67 18582.79
-9999 -9999 -9999 -9999 -9999 -9999 21663.33 21602.08 21541.12 21480.46 21420.08 21360.01 21300.23 21240.76 21181.6 21122.74 21064.19 21005.95 20948.03 20890.43 20833.15 20776.19 20719.56 20663.25 20607.28 20551.64 20496.34 20441.38 20385.53 20329.78 20274.37 20219.3 20163.83 20107.96 20052.43 19997.25 19942.42 19887.94 19833.81 19780.04 19726.63 19673.59 19620.91 19564.51 19506.41 19448.65 19391.23 19334.17 19277.45 19221.08 19165.07 19109.42 19054.13 18999.21 18943.34 18887.56 18832.15 18777.11 18721.64 18665.74 18610.21 18555.05 18500
-9999 -9999 -9999 -9999 -9999 21646.25 21584.48 21523.01 21461.83 21400.93 21340.34 21280.04 21220.04 21160.34 21100.95 21041.86 20983.09 20924.63 20866.48 20808.65 20751.14 20693.96 20637.1 20580.57 20524.38 20468.51 20412.99 20357.8 20302.71 20246.73 20191.09 20135.79 20080.84 20024.98 19969.23 19913.81 19858.75 19804.04 19749.68 19695.69 19642.05 19588.77 19535.87 19483.33 19424.98 19366.98 19309.32 19252.01 19195.05 19138.44 19082.19 19026.3 18970.77 18915.6 18860.54 18804.52 18748.87 18693.58 18638.67 18582.79 18527.01 18471.6 18416.57
-9999 -9999 -9999 21692.63 21630.07 21567.8 21505.81 21444.11 21382.7 21321.59 21260.76 21200.24 21140.01 21080.09 21020.47 20961.15 20902.15 20843.46 20785.09 20727.04 20669.3 20611.89 20554.8 20498.05 20441.63 20385.53 20329.78 20274.37 20219.3 20163.83 20107.96 20052.43 19997.25 19942.17 19886.18 19830.53 19775.24 19720.29 19665.71 19611.48 19557.61 19504.1 19450.96 19398.2 19343.73 19285.49 19227.58 19170.03 19112.82 19055.97 18999.47 18943.34 18887.56 18832.15 18777.11 18721.64 18665.74 18610.21 18555.05 18500 18443.97 18388.31 18333.03
