InputData/dist_3.txt
ncols         217
nrows         221
xllcorner     533400.95843018
yllcorner     8211474.3266709
cellsize      100
NODATA_value  -9999
[rows 32 to 63 of 221, columns 73 to 145 of 217]
19764.87 19669.77 19574.73 19479.73 19384.79 19289.89 19195.05 19100.26 19005.53 18910.84 18816.22 18721.64 18627.13 18532.67 18438.28 18343.94 18249.66 18155.44 18061.29 17967.19 17873.16 17779.2 17685.3 17591.47 17497.71 17404.02 17310.4 17216.85 17123.38 17029.97 16936.65 16843.4 16750.22 16657.13 16564.12 16471.19 16378.34 16285.58 16192.9 16100.31 16007.81 15915.4 15823.08 15730.86 15638.73 15546.7 15454.77 15362.94 15271.21 15179.59 15088.08 14996.67 14905.37 14814.18 14723.11 14632.16 14541.32 14450.61 14360.01 14269.55 14179.21 14089 13998.93 13908.99 13819.19 13729.53 13640.01 13550.65 13461.43 13372.36 13283.45 13194.7 13106.11
19732.71 19637.97 19543.29 19448.65 19353.55 19258.5 19163.51 19068.56 18973.67 18878.82 18784.04 18689.3 18594.62 18500 18405.43 18310.93 18216.48 18122.09 18027.76 17933.49 17839.28 17745.14 17651.06 17557.05 17463.1 17369.23 17275.42 17181.68 17088.01 16994.41 16900.89 16807.44 16714.07 16620.77 16527.55 16434.42 16341.36 16248.38 16155.49 16062.69 15969.97 15877.34 15784.8 15692.35 15600 15507.74 15415.58 15323.51 15231.55 15139.68 15047.92 14956.27 14864.72 14773.29 14681.96 14590.75 14499.66 14408.68 14317.82 14227.09 14136.48 14046 13955.64 13865.42 13775.34 13685.39 13595.59 13505.92 13416.41 13327.04 13237.82 13148.76 13059.86
19701.02 19606.12 19511.28 19416.49 19321.75 19227.06 19132.43 19037.33 18942.28 18847.28 18752.33 18657.44 18562.6 18467.81 18373.08 18278.4 18183.78 18089.22 17994.72 17900.28 17805.9 17711.58 17617.32 17523.13 17429 17334.94 17240.94 17147.01 17053.15 16959.36 16865.65 16772 16678.43 16584.93 16491.51 16398.17 16304.91 16211.72 16118.62 16025.6 15932.67 15839.82 15747.06 15654.39 15561.81 15469.32 15376.93 15284.63 15192.43 15100.33 15008.33 14916.43 14824.64 14732.96 14641.38 14549.91 14458.56 14367.32 14276.2 14185.2 14094.33 14003.57 13912.94 13822.45 13732.08 13641.85 13551.75 13461.8 13371.99 13282.32 13192.8 13103.43 13014.22
19669.77 19574.73 19479.73 19384.79 19289.89 19195.05 19100.26 19005.53 18910.84 18816.22 18721.11 18626.06 18531.05 18436.11 18341.21 18246.37 18151.58 18056.86 17962.18 17867.57 17773.01 17678.52 17584.08 17489.71 17395.4 17301.16 17206.97 17112.86 17018.81 16924.83 16830.92 16737.08 16643.32 16549.62 16456 16362.46 16268.99 16175.6 16082.29 15989.06 15895.91 15802.85 15709.87 15616.98 15524.17 15431.46 15338.84 15246.31 15153.88 15061.54 14969.3 14877.16 14785.13 14693.2 14601.37 14509.65 14418.04 14326.55 14235.17 14143.9 14052.76 13961.73 13870.83 13780.06 13689.41 13598.9 13508.52 13418.27 13328.17 13238.2 13148.38 13058.71 12969.19
19637.97 19543.29 19448.65 19353.55 19258.5 19163.51 19068.56 18973.67 18878.82 18784.04 18689.3 18594.62 18500 18404.89 18309.83 18214.83 18119.88 18024.98 17930.14 17835.36 17740.63 17645.96 17551.35 17456.8 17362.32 17267.89 17173.53 17079.23 16984.99 16890.83 16796.73 16702.7 16608.73 16514.84 16421.02 16327.28 16233.61 16140.01 16046.5 15953.06 15859.7 15766.42 15673.23 15580.12 15487.09 15394.15 15301.31 15208.55 15115.89 15023.32 14930.84 14838.46 14746.19 14654.01 14561.94 14469.97 14378.11 14286.36 14194.72 14103.19 14011.78 13920.49 13829.32 13738.27 13647.34 13556.55 13465.88 13375.35 13284.95 13194.7 13104.58 13014.61 12924.78
19606.12 19511.28 19416.49 19321.75 19227.06 19132.43 19037.33 18942.28 18847.28 18752.33 18657.44 18562.6 18467.81 18373.08 18278.4 18183.78 18088.67 17993.61 17898.6 17803.65 17708.76 17613.91 17519.13 17424.41 17329.74 17235.14 17140.6 17046.11 16951.7 16857.34 16763.05 16668.83 16574.68 16480.59 16386.58 16292.64 16198.77 16104.97 16011.25 15917.6 15824.03 15730.54 15637.14 15543.81 15450.57 15357.41 15264.34 15171.35 15078.46 14985.66 14892.95 14800.34 14707.82 14615.4 14523.08 14430.87 14338.76 14246.75 14154.86 14063.07 13971.4 13879.84 13788.4 13697.08 13605.88 13514.81 13423.86 13333.04 13242.36 13151.81 13061.39 12971.12 12880.99
19574.73 19479.73 19384.79 19289.89 19195.05 19100.26 19005.53 18910.84 18816.22 18721.11 18626.06 18531.05 18436.11 18341.21 18246.37 18151.58 18056.86 17962.18 17867.57 17772.45 17677.39 17582.38 17487.42 17392.53 17297.69 17202.91 17108.19 17013.52 16918.92 16824.39 16729.91 16635.5 16541.16 16446.88 16352.68 16258.54 16164.47 16070.47 15976.54 15882.7 15788.92 15695.22 15601.6 15508.06 15414.6 15321.23 15227.93 15134.73 15041.61 14948.58 14855.64 14762.79 14670.04 14577.38 14484.82 14392.36 14300 14207.74 14115.59 14023.55 13931.62 13839.8 13748.09 13656.5 13565.03 13473.68 13382.45 13291.35 13200.38 13109.54 13018.83 12928.26 12837.83
19543.29 19448.65 19353.55 19258.5 19163.51 19068.56 18973.67 18878.82 18784.04 18689.3 18594.62 18500 18404.89 18309.83 18214.83 18119.88 18024.98 17930.14 17835.36 17740.63 17645.96 17551.35 17456.23 17361.16 17266.15 17171.2 17076.3 16981.46 16886.68 16791.96 16697.3 16602.71 16508.18 16413.71 16319.31 16224.98 16130.72 16036.52 15942.4 15848.34 15754.36 15660.46 15566.63 15472.88 15379.21 15285.61 15192.1 15098.68 15005.33 14912.08 14818.91 14725.83 14632.84 14539.95 14447.15 14354.44 14261.84 14169.33 14076.93 13984.63 13892.44 13800.36 13708.39 13616.53 13524.79 13433.17 13341.66 13250.28 13159.03 13067.9 12976.9 12886.04 12795.31
19511.28 19416.49 19321.75 19227.06 19132.43 19037.33 18942.28 18847.28 18752.33 18657.44 18562.6 18467.81 18373.08 18278.4 18183.78 18088.67 17993.61 17898.6 17803.65 17708.76 17613.91 17519.13 17424.41 17329.74 17235.14 17140.01 17044.94 16949.93 16854.97 16760.07 16665.23 16570.46 16475.74 16381.09 16286.5 16191.97 16097.52 16003.13 15908.8 15814.55 15720.37 15626.26 15532.22 15438.26 15344.38 15250.57 15156.85 15063.2 14969.64 14876.16 14782.76 14689.45 14596.23 14503.1 14410.07 14317.12 14224.28 14131.53 14038.88 13946.33 13853.88 13761.54 13669.31 13577.19 13485.18 13393.28 13301.5 13209.84 13118.31 13026.9 12935.61 12844.45 12753.43
19479.73 19384.79 19289.89 19195.05 19100.26 19005.53 18910.84 18816.22 18721.11 18626.06 18531.05 18436.11 18341.21 18246.37 18151.58 18056.86 17962.18 17867.57 17772.45 17677.39 17582.38 17487.42 17392.53 17297.69 17202.91 17108.19 17013.52 16918.92 16823.79 16728.72 16633.7 16538.74 16443.84 16349.01 16254.23 16159.52 16064.87 15970.29 15875.77 15781.32 15686.94 15592.63 15498.39 15404.22 15310.13 15216.11 15122.17 15028.31 14934.52 14840.82 14747.2 14653.67 14560.22 14466.86 14373.59 14280.41 14187.32 14094.33 14001.43 13908.63 13815.93 13723.34 13630.85 13538.46 13446.19 13354.03 13261.98 13170.04 13078.23 12986.53 12894.96 12803.52 12712.2
19448.65 19353.55 19258.5 19163.51 19068.56 18973.67 18878.82 18784.04 18689.3 18594.62 18500 18404.89 18309.83 18214.83 18119.88 18024.98 17930.14 17835.36 17740.63 17645.96 17551.35 17456.23 17361.16 17266.15 17171.2 17076.3 16981.46 16886.68 16791.96 16697.3 16602.71 16507.57 16412.5 16317.48 16222.52 16127.62 16032.78 15938 15843.29 15748.65 15654.07 15559.56 15465.12 15370.75 15276.45 15182.23 15088.08 14994 14900 14806.08 14712.24 14618.48 14524.81 14431.22 14337.71 14244.3 14150.97 14057.74 13964.6 13871.55 13778.61 13685.76 13593.01 13500.37 13407.83 13315.4 13223.09 13130.88 13038.79 12946.81 12854.96 12763.23 12671.62
19416.49 19321.75 19227.06 19132.43 19037.33 18942.28 18847.28 18752.33 18657.44 18562.6 18467.81 18373.08 18278.4 18183.78 18088.67 17993.61 17898.6 17803.65 17708.76 17613.91 17519.13 17424.41 17329.74 17235.14 17140.01 17044.94 16949.93 16854.97 16760.07 16665.23 16570.46 16475.74 16381.09 16286.5 16191.36 16096.27 16001.25 15906.29 15811.39 15716.55 15621.78 15527.07 15432.43 15337.86 15243.36 15148.93 15054.57 14960.28 14866.07 14771.93 14677.87 14583.9 14490 14396.18 14302.45 14208.8 14115.24 14021.77 13928.39 13835.1 13741.91 13648.81 13555.81 13462.91 13370.12 13277.42 13184.84 13092.36 13000 12907.75 12815.62 12723.6 12631.71
19384.79 19289.89 19195.05 19100.26 19005.53 18910.84 18816.22 18721.11 18626.06 18531.05 18436.11 18341.21 18246.37 18151.58 18056.86 17962.18 17867.57 17772.45 17677.39 17582.38 17487.42 17392.53 17297.69 17202.91 17108.19 17013.52 16918.92 16823.79 16728.72 16633.7 16538.74 16443.84 16349.01 16254.23 16159.52 16064.87 15970.29 15875.14 15780.05 15685.02 15590.06 15495.16 15400.32 15305.55 15210.85 15116.22 15021.65 14927.16 14832.73 14738.39 14644.11 14549.91 14455.79 14361.75 14267.8 14173.92 14080.13 13986.42 13892.8 13799.28 13705.84 13612.49 13519.25 13426.09 13333.04 13240.09 13147.24 13054.5 12961.87 12869.34 12776.93 12684.64 12592.46
19353.55 19258.5 19163.51 19068.56 18973.67 18878.82 18784.04 18689.3 18594.62 18500 18404.89 18309.83 18214.83 18119.88 18024.98 17930.14 17835.36 17740.63 17645.96 17551.35 17456.23 17361.16 17266.15 17171.2 17076.3 16981.46 16886.68 16791.96 16697.3 16602.71 16507.57 16412.5 16317.48 16222.52 16127.62 16032.78 15938 15843.29 15748.65 15654.07 15558.92 15463.83 15368.8 15273.83 15178.93 15084.1 14989.33 14894.63 14800 14705.44 14610.96 14516.54 14422.21 14327.94 14233.76 14139.66 14045.64 13951.7 13857.85 13764.08 13670.41 13576.82 13483.32 13389.92 13296.62 13203.41 13110.3 13017.3 12924.4 12831.6 12738.92 12646.34 12553.88
19321.75 19227.06 19132.43 19037.33 18942.28 18847.28 18752.33 18657.44 18562.6 18467.81 18373.08 18278.4 18183.78 18088.67 17993.61 17898.6 17803.65 17708.76 17613.91 17519.13 17424.41 17329.74 17235.14 17140.01 17044.94 16949.93 16854.97 16760.07 16665.23 16570.46 16475.74 16381.09 16286.5 16191.36 16096.27 16001.25 15906.29 15811.39 15716.55 15621.78 15527.07 15432.43 15337.86 15242.7 15147.61 15052.57 14957.61 14862.71 14767.87 14673.1 14578.41 14483.78 14389.23 14294.75 14200.35 14106.03 14011.78 13917.61 13823.53 13729.53 13635.62 13541.79 13448.05 13354.4 13260.84 13167.38 13074.02 12980.75 12887.59 12794.53 12701.57 12608.73 12515.99
19289.89 19195.05 19100.26 19005.53 18910.84 18816.22 18721.11 18626.06 18531.05 18436.11 18341.21 18246.37 18151.58 18056.86 17962.18 17867.57 17772.45 17677.39 17582.38 17487.42 17392.53 17297.69 17202.91 17108.19 17013.52 16918.92 16823.79 16728.72 16633.7 16538.74 16443.84 16349.01 16254.23 16159.52 16064.87 15970.29 15875.14 15780.05 15685.02 15590.06 15495.16 15400.32 15305.55 15210.85 15116.22 15021.65 14926.49 14831.39 14736.35 14641.38 14546.48 14451.64 14356.88 14262.19 14167.57 14073.02 13978.55 13884.16 13789.85 13695.62 13601.47 13507.41 13413.43 13319.53 13225.73 13132.02 13038.41 12944.88 12851.46 12758.13 12664.91 12571.79 12478.78
19258.5 19163.51 19068.56 18973.67 18878.82 18784.04 18689.3 18594.62 18500 18404.89 18309.83 18214.83 18119.88 18024.98 17930.14 17835.36 17740.63 17645.96 17551.35 17456.23 17361.16 17266.15 17171.2 17076.3 16981.46 16886.68 16791.96 16697.3 16602.71 16507.57 16412.5 16317.48 16222.52 16127.62 16032.78 15938 15843.29 15748.65 15654.07 15558.92 15463.83 15368.8 15273.83 15178.93 15084.1 14989.33 14894.63 14800 14705.44 14610.27 14515.16 14420.13 14325.15 14230.25 14135.42 14040.66 13945.97 13851.35 13756.82 13662.36 13567.98 13473.68 13379.46 13285.33 13191.29 13097.33 13003.46 12909.69 12816.01 12722.42 12628.93 12535.55 12442.27
19227.06 19132.43 19037.33 18942.28 18847.28 18752.33 18657.44 18562.6 18467.81 18373.08 18278.4 18183.78 18088.67 17993.61 17898.6 17803.65 17708.76 17613.91 17519.13 17424.41 17329.74 17235.14 17140.01 17044.94 16949.93 16854.97 16760.07 16665.23 16570.46 16475.74 16381.09 16286.5 16191.36 16096.27 16001.25 15906.29 15811.39 15716.55 15621.78 15527.07 15432.43 15337.86 15242.7 15147.61 15052.57 14957.61 14862.71 14767.87 14673.1 14578.41 14483.78 14389.23 14294.05 14198.94 14103.9 14008.93 13914.02 13819.19 13724.43 13629.75 13535.14 13440.61 13346.16 13251.79 13157.51 13063.31 12969.19 12875.17 12781.24 12687.4 12593.65 12500 12406.45
19195.05 19100.26 19005.53 18910.84 18816.22 18721.11 18626.06 18531.05 18436.11 18341.21 18246.37 18151.58 18056.86 17962.18 17867.57 17772.45 17677.39 17582.38 17487.42 17392.53 17297.69 17202.91 17108.19 17013.52 16918.92 16823.79 16728.72 16633.7 16538.74 16443.84 16349.01 16254.23 16159.52 16064.87 15970.29 15875.14 15780.05 15685.02 15590.06 15495.16 15400.32 15305.55 15210.85 15116.22 15021.65 14926.49 14831.39 14736.35 14641.38 14546.48 14451.64 14356.88 14262.19 14167.57 14073.02 13977.84 13882.72 13787.68 13692.7 13597.79 13502.96 13408.21 13313.53 13218.93 13124.4 13029.97 12935.61 12841.34 12747.16 12653.06 12559.06 12465.15 12371.34
19163.51 19068.56 18973.67 18878.82 18784.04 18689.3 18594.62 18500 18404.89 18309.83 18214.83 18119.88 18024.98 17930.14 17835.36 17740.63 17645.96 17551.35 17456.23 17361.16 17266.15 17171.2 17076.3 16981.46 16886.68 16791.96 16697.3 16602.71 16507.57 16412.5 16317.48 16222.52 16127.62 16032.78 15938 15843.29 15748.65 15654.07 15558.92 15463.83 15368.8 15273.83 15178.93 15084.1 14989.33 14894.63 14800 14705.44 14610.27 14515.16 14420.13 14325.15 14230.25 14135.42 14040.66 13945.97 13851.35 13756.82 13661.63 13566.5 13471.45 13376.47 13281.57 13186.74 13091.98 12997.31 12902.71 12808.2 12713.77 12619.43 12525.17 12431.01 12336.94
19132.43 19037.33 18942.28 18847.28 18752.33 18657.44 18562.6 18467.81 18373.08 18278.4 18183.78 18088.67 17993.61 17898.6 17803.65 17708.76 17613.91 17519.13 17424.41 17329.74 17235.14 17140.01 17044.94 16949.93 16854.97 16760.07 16665.23 16570.46 16475.74 16381.09 16286.5 16191.36 16096.27 16001.25 15906.29 15811.39 15716.55 15621.78 15527.07 15432.43 15337.86 15242.7 15147.61 15052.57 14957.61 14862.71 14767.87 14673.1 14578.41 14483.78 14389.23 14294.05 14198.94 14103.9 14008.93 13914.02 13819.19 13724.43 13629.75 13535.14 13440.61 13345.41 13250.28 13155.23 13060.25 12965.34 12870.51 12775.76 12681.09 12586.5 12492 12397.58 12303.25
19101.83 19006.58 18911.37 18816.22 18721.11 18626.06 18531.05 18436.11 18341.21 18246.37 18151.58 18056.86 17962.18 17867.57 17772.45 17677.39 17582.38 17487.42 17392.53 17297.69 17202.91 17108.19 17013.52 16918.92 16823.79 16728.72 16633.7 16538.74 16443.84 16349.01 16254.23 16159.52 16064.87 15970.29 15875.14 15780.05 15685.02 15590.06 15495.16 15400.32 15305.55 15210.85 15116.22 15021.65 14926.49 14831.39 14736.35 14641.38 14546.48 14451.64 14356.88 14262.19 14167.57 14073.02 13977.84 13882.72 13787.68 13692.7 13597.79 13502.96 13408.21 13313.53 13218.93 13124.4 13029.2 12934.06 12839 12744.02 12649.11 12554.28 12459.53 12364.87 12270.29
19071.71 18976.3 18880.94 18785.63 18690.37 18595.16 18500 18404.89 18309.83 18214.83 18119.88 18024.98 17930.14 17835.36 17740.63 17645.96 17551.35 17456.23 17361.16 17266.15 17171.2 17076.3 16981.46 16886.68 16791.96 16697.3 16602.71 16507.57 16412.5 16317.48 16222.52 16127.62 16032.78 15938 15843.29 15748.65 15654.07 15558.92 15463.83 15368.8 15273.83 15178.93 15084.1 14989.33 14894.63 14800 14705.44 14610.27 14515.16 14420.13 14325.15 14230.25 14135.42 14040.66 13945.97 13851.35 13756.82 13661.63 13566.5 13471.45 13376.47 13281.57 13186.74 13091.98 12997.31 12902.71 12808.2 12712.99 12617.84 12522.78 12427.79 12332.88 12238.06
19042.06 18946.5 18850.99 18755.53 18660.12 18564.75 18469.43 18374.17 18278.95 18183.78 18088.67 17993.61 17898.6 17803.65 17708.76 17613.91 17519.13 17424.41 17329.74 17235.14 17140.01 17044.94 16949.93 16854.97 16760.07 16665.23 16570.46 16475.74 16381.09 16286.5 16191.36 16096.27 16001.25 15906.29 15811.39 15716.55 15621.78 15527.07 15432.43 15337.86 15242.7 15147.61 15052.57 14957.61 14862.71 14767.87 14673.1 14578.41 14483.78 14389.23 14294.05 14198.94 14103.9 14008.93 13914.02 13819.19 13724.43 13629.75 13535.14 13440.61 13345.41 13250.28 13155.23 13060.25 12965.34 12870.51 12775.76 12681.09 12586.5 12492 12396.77 12301.63 12206.56
19012.89 18917.19 18821.53 18725.92 18630.35 18534.83 18439.36 18343.94 18248.56 18153.24 18057.96 17962.74 17867.57 17772.45 17677.39 17582.38 17487.42 17392.53 17297.69 17202.91 17108.19 17013.52 16918.92 16823.79 16728.72 16633.7 16538.74 16443.84 16349.01 16254.23 16159.52 16064.87 15970.29 15875.14 15780.05 15685.02 15590.06 15495.16 15400.32 15305.55 15210.85 15116.22 15021.65 14926.49 14831.39 14736.35 14641.38 14546.48 14451.64 14356.88 14262.19 14167.57 14073.02 13977.84 13882.72 13787.68 13692.7 13597.79 13502.96 13408.21 13313.53 13218.93 13124.4 13029.2 12934.06 12839 12744.02 12649.11 12554.28 12459.53 12364.87 12270.29 12175.8
18984.2 18888.36 18792.55 18696.79 18601.08 18505.4 18409.78 18314.2 18218.67 18123.19 18027.76 17932.37 17837.04 17741.76 17646.53 17551.35 17456.23 17361.16 17266.15 17171.2 17076.3 16981.46 16886.68 16791.96 16697.3 16602.71 16507.57 16412.5 16317.48 16222.52 16127.62 16032.78 15938 15843.29 15748.65 15654.07 15558.92 15463.83 15368.8 15273.83 15178.93 15084.1 14989.33 14894.63 14800 14705.44 14610.27 14515.16 14420.13 14325.15 14230.25 14135.42 14040.66 13945.97 13851.35 13756.82 13661.63 13566.5 13471.45 13376.47 13281.57 13186.74 13091.98 12997.31 12902.71 12808.2 12712.99 12617.84 12522.78 12427.79 12332.88 12238.06 12143.31
18956 18860.01 18764.06 18668.15 18572.29 18476.47 18380.7 18284.97 18189.28 18093.64 17998.05 17902.51 17807.02 17711.58 17616.19 17520.85 17425.56 17330.32 17235.14 17140.01 17044.94 16949.93 16854.97 16760.07 16665.23 16570.46 16475.74 16381.09 16286.5 16191.36 16096.27 16001.25 15906.29 15811.39 15716.55 15621.78 15527.07 15432.43 15337.86 15242.7 15147.61 15052.57 14957.61 14862.71 14767.87 14673.1 14578.41 14483.78 14389.23 14294.05 14198.94 14103.9 14008.93 13914.02 13819.19 13724.43 13629.75 13535.14 13440.61 13345.41 13250.28 13155.23 13060.25 12965.34 12870.51 12775.76 12681.09 12586.5 12492 12396.77 12301.63 12206.56 12111.56
18928.29 18832.15 18736.06 18640.01 18544 18448.04 18352.11 18256.23 18160.4 18064.61 17968.86 17873.16 17777.51 17681.91 17586.36 17490.86 17395.4 17300 17204.65 17109.35 17014.11 16918.92 16823.79 16728.72 16633.7 16538.74 16443.84 16349.01 16254.23 16159.52 16064.87 15970.29 15875.14 15780.05 15685.02 15590.06 15495.16 15400.32 15305.55 15210.85 15116.22 15021.65 14926.49 14831.39 14736.35 14641.38 14546.48 14451.64 14356.88 14262.19 14167.57 14073.02 13977.84 13882.72 13787.68 13692.7 13597.79 13502.96 13408.21 13313.53 13218.93 13124.4 13029.2 12934.06 12839 12744.02 12649.11 12554.28 12459.53 12364.87 12270.29 12175.8 12080.56
18901.06 18804.79 18708.55 18612.36 18516.21 18420.1 18324.03 18228 18132.02 18036.07 17940.18 17844.33 17748.52 17652.76 17557.05 17461.39 17365.77 17270.21 17174.69 17079.23 16983.82 16888.46 16793.15 16697.9 16602.71 16507.57 16412.5 16317.48 16222.52 16127.62 16032.78 15938 15843.29 15748.65 15654.07 15558.92 15463.83 15368.8 15273.83 15178.93 15084.1 14989.33 14894.63 14800 14705.44 14610.27 14515.16 14420.13 14325.15 14230.25 14135.42 14040.66 13945.97 13851.35 13756.82 13661.63 13566.5 13471.45 13376.47 13281.57 13186.74 13091.98 12997.31 12902.71 12808.2 12712.99 12617.84 12522.78 12427.79 12332.88 12238.06 12143.31 12048.65
18874.32 18777.91 18681.54 18585.21 18488.92 18392.66 18296.45 18200.28 18104.14 18008.05 17912.01 17816 17720.04 17624.13 17528.26 17432.44 17336.67 17240.94 17145.26 17049.63 16954.05 16858.53 16763.05 16667.63 16572.27 16476.95 16381.7 16286.5 16191.36 16096.27 16001.25 15906.29 15811.39 15716.55 15621.78 15527.07 15432.43 15337.86 15242.7 15147.61 15052.57 14957.61 14862.71 14767.87 14673.1 14578.41 14483.78 14389.23 14294.05 14198.94 14103.9 14008.93 13914.02 13819.19 13724.43 13629.75 13535.14 13440.61 13345.41 13250.28 13155.23 13060.25 12965.34 12870.51 12775.76 12681.09 12586.5 12492 12396.77 12301.63 12206.56 12111.56 12016.66
18848.08 18751.53 18655.03 18558.56 18462.12 18365.73 18269.37 18173.06 18076.78 17980.54 17884.35 17788.2 17692.09 17596.02 17500 17404.02 17308.09 17212.21 17116.37 17020.58 16924.83 16829.14 16733.5 16637.91 16542.37 16446.88 16351.45 16256.08 16160.75 16065.49 15970.29 15875.14 15780.05 15685.02 15590.06 15495.16 15400.32 15305.55 15210.85 15116.22 15021.65 14926.49 14831.39 14736.35 14641.38 14546.48 14451.64 14356.88 14262.19 14167.57 14073.02 13977.84 13882.72 13787.68 13692.7 13597.79 13502.96 13408.21 13313.53 13218.93 13124.4 13029.2 12934.06 12839 12744.02 12649.11 12554.28 12459.53 12364.87 12270.29 12175.8 12080.56 11985.41
18822.33 18725.65 18629.01 18532.4 18435.83 18339.3 18242.81 18146.35 18049.93 17953.55 17857.21 17760.91 17664.65 17568.44 17472.26 17376.13 17280.05 17184 17088.01 16992.06 16896.15 16800.3 16704.49 16608.73 16513.03 16417.37 16321.76 16226.21 16130.72 16035.27 15939.89 15844.56 15749.29 15654.07 15558.92 15463.83 15368.8 15273.83 15178.93 15084.1 14989.33 14894.63 14800 14705.44 14610.27 14515.16 14420.13 14325.15 14230.25 14135.42 14040.66 13945.97 13851.35 13756.82 13661.63 13566.5 13471.45 13376.47 13281.57 13186.74 13091.98 12997.31 12902.71 12808.2 12712.99 12617.84 12522.78 12427.79 12332.88 12238.06 12143.31 12048.65 11954.08
