InputData/dist_15.txt
ncols         179
nrows         191
xllcorner     511130.79369993
yllcorner     8186024.366672
cellsize      100
NODATA_value  -9999
[rows 58 to 86 of 191, columns 66 to 131 of 179]
32980.3 32880.54 32780.79 32681.04 32581.28 32481.53 32381.79 32282.04 32182.29 32082.55 31982.81 31883.07 31783.33 31683.59 31583.86 31484.12 31384.39 31284.66 31184.93 31085.21 30985.48 30885.76 30786.04 30686.32 30586.6 30486.88 30387.17 30287.46 30187.75 30088.04 29988.33 29888.63 29788.92 29689.22 29589.53 29489.83 -9999 -9999 -9999 -9999 -9999 -9999 -9999 -9999 -9999 -9999 -9999 -9999 -9999 -9999 -9999 -9999 -9999 -9999 -9999 -9999 -9999 -9999 -9999 -9999 -9999 -9999 -9999 -9999 -9999 -9999
32987.42 32887.69 32787.96 32688.22 32588.49 32488.77 32389.04 32289.32 32189.59 32089.87 31990.15 31890.44 31790.72 31691.01 31591.3 31491.59 31391.88 31292.17 31192.47 31092.76 30993.06 30893.37 30793.67 30693.97 30594.28 30494.59 30394.9 30295.21 30195.53 30095.85 29996.17 29896.49 29796.81 29697.14 29597.47 29497.8 29398.13 -9999 -9999 -9999 -9999 -9999 -9999 -9999 -9999 -9999 -9999 -9999 -9999 -9999 -9999 -9999 -9999 -9999 -9999 -9999 -9999 -9999 -9999 -9999 -9999 -9999 -9999 -9999 -9999 -9999
32975.75 32895.14 32795.43 32695.72 32596.01 32496.31 32396.61 32296.9 32197.21 32097.51 31997.81 31898.12 31798.43 31698.74 31599.05 31499.37 31399.68 31300 31200.32 31100.64 31000.97 30901.29 30801.62 30701.96 30602.29 30502.62 30402.96 30303.3 30203.64 30103.99 30004.33 29904.68 29805.03 29705.39 29605.74 29506.1 29406.46 -9999 -9999 -9999 -9999 -9999 -9999 -9999 -9999 -9999 -9999 -9999 -9999 -9999 -9999 -9999 -9999 -9999 -9999 -9999 -9999 -9999 -9999 -9999 -9999 -9999 -9999 -9999 -9999 -9999
32902.43 32834.43 32766.6 32698.93 32603.83 32504.15 32404.47 32304.8 32205.12 32105.45 32005.78 31906.11 31806.45 31706.78 31607.12 31507.46 31407.8 31308.15 31208.49 31108.84 31009.19 30909.54 30809.9 30710.26 30610.62 30510.98 30411.35 30311.71 30212.08 30112.46 30012.83 29913.21 29813.59 29713.97 29614.36 29514.74 29415.13 29315.53 -9999 -9999 -9999 -9999 -9999 -9999 -9999 -9999 -9999 -9999 -9999 -9999 -9999 -9999 -9999 -9999 -9999 -9999 -9999 -9999 -9999 -9999 -9999 -9999 -9999 -9999 -9999 -9999
32829.25 32761.11 32693.12 32625.3 32557.64 32490.15 32412.65 32313 32213.35 32113.71 32014.06 31914.42 31814.78 31715.14 31615.5 31515.87 31416.24 31316.61 31216.98 31117.36 31017.74 30918.12 30818.5 30718.89 30619.28 30519.67 30420.06 30320.46 30220.85 30121.26 30021.66 29922.07 29822.47 29722.89 29623.3 29523.72 29424.14 29324.56 -9999 -9999 -9999 -9999 -9999 -9999 -9999 -9999 -9999 -9999 -9999 -9999 -9999 -9999 -9999 -9999 -9999 -9999 -9999 -9999 -9999 -9999 -9999 -9999 -9999 -9999 -9999 -9999
32756.22 32687.92 32619.78 32551.8 32484 32416.35 32348.88 32281.57 32214.44 32122.27 32022.65 31923.03 31823.42 31723.81 31624.2 31524.59 31424.99 31325.39 31225.79 31126.2 31026.6 30927.01 30827.42 30727.84 30628.26 30528.68 30429.1 30329.52 30229.95 30130.38 30030.82 29931.25 29831.7 29732.14 29632.58 29533.03 29433.48 29333.94 -9999 -9999 -9999 -9999 -9999 -9999 -9999 -9999 -9999 -9999 -9999 -9999 -9999 -9999 -9999 -9999 -9999 -9999 -9999 -9999 -9999 -9999 -9999 -9999 -9999 -9999 -9999 -9999
32683.33 32614.87 32546.58 32478.46 32410.49 32342.7 32275.07 32207.61 32140.32 32073.2 32006.25 31931.96 31832.37 31732.79 31633.21 31533.63 31434.06 31334.49 31234.92 31135.35 31035.79 30936.22 30836.67 30737.11 30637.56 30538.01 30438.46 30338.92 30239.38 30139.84 30040.31 29940.78 29841.25 29741.72 29642.2 29542.68 29443.17 29343.65 -9999 -9999 -9999 -9999 -9999 -9999 -9999 -9999 -9999 -9999 -9999 -9999 -9999 -9999 -9999 -9999 -9999 -9999 -9999 -9999 -9999 -9999 -9999 -9999 -9999 -9999 -9999 -9999
32610.58 32541.97 32473.53 32405.25 32337.13 32269.18 32201.4 32133.78 32066.34 31999.06 31931.96 31865.03 31798.27 31731.69 31642.54 31542.99 31443.44 31343.9 31244.36 31144.82 31045.29 30945.76 30846.23 30746.71 30647.19 30547.67 30448.15 30348.64 30249.13 30149.63 30050.13 29950.63 29851.13 29751.64 29652.15 29552.66 29453.18 29353.71 -9999 -9999 -9999 -9999 -9999 -9999 -9999 -9999 -9999 -9999 -9999 -9999 -9999 -9999 -9999 -9999 -9999 -9999 -9999 -9999 -9999 -9999 -9999 -9999 -9999 -9999 -9999 -9999
32537.98 32469.22 32400.62 32332.18 32263.91 32195.81 32127.87 32060.1 31992.5 31925.07 31857.81 31790.72 31723.81 31657.07 31590.51 31524.12 31453.14 31353.63 31254.12 31154.62 31055.11 30955.61 30856.12 30756.63 30657.14 30557.65 30458.17 30358.69 30259.21 30159.74 30060.27 29960.81 29861.35 29761.89 29662.43 29562.98 29463.54 29364.09 -9999 -9999 -9999 -9999 -9999 -9999 -9999 -9999 -9999 -9999 -9999 -9999 -9999 -9999 -9999 -9999 -9999 -9999 -9999 -9999 -9999 -9999 -9999 -9999 -9999 -9999 -9999 -9999
32465.52 32396.61 32327.85 32259.26 32190.84 32122.58 32054.48 31986.56 31918.8 31851.22 31783.8 31716.56 31649.49 31582.59 31515.87 31449.32 31382.96 31316.77 31250.76 31164.72 31065.25 30965.79 30866.32 30766.87 30667.41 30567.96 30468.51 30369.06 30269.62 30170.18 30070.75 29971.32 29871.89 29772.47 29673.05 29573.64 29474.23 -9999 -9999 -9999 -9999 -9999 -9999 -9999 -9999 -9999 -9999 -9999 -9999 -9999 -9999 -9999 -9999 -9999 -9999 -9999 -9999 -9999 -9999 -9999 -9999 -9999 -9999 -9999 -9999 -9999
32393.21 32324.14 32255.23 32186.49 32117.91 32049.49 31981.24 31913.16 31845.25 31777.51 31709.94 31642.54 31575.31 31508.25 31441.37 31374.67 31308.15 31241.8 31175.63 31109.64 31043.84 30976.28 30876.85 30777.43 30678.01 30578.59 30479.17 30379.76 30280.36 30180.96 30081.56 29982.16 29882.77 29783.38 29684 29584.63 29485.25 -9999 -9999 -9999 -9999 -9999 -9999 -9999 -9999 -9999 -9999 -9999 -9999 -9999 -9999 -9999 -9999 -9999 -9999 -9999 -9999 -9999 -9999 -9999 -9999 -9999 -9999 -9999 -9999 -9999
32321.04 32251.82 32182.76 32113.86 32045.13 31976.55 31908.15 31839.91 31771.84 31703.94 31636.21 31568.66 31501.27 31434.06 31367.02 31300.16 31233.48 31166.97 31100.64 31034.5 30968.53 30902.75 30837.15 30771.74 30688.92 30589.54 30490.16 30390.79 30291.42 30192.05 30092.69 29993.33 29893.98 29794.63 29695.29 29595.95 29496.61 -9999 -9999 -9999 -9999 -9999 -9999 -9999 -9999 -9999 -9999 -9999 -9999 -9999 -9999 -9999 -9999 -9999 -9999 -9999 -9999 -9999 -9999 -9999 -9999 -9999 -9999 -9999 -9999 -9999
32249.03 32179.65 32110.43 32041.38 31972.49 31903.76 31835.2 31766.81 31698.58 31630.52 31562.64 31494.92 31427.38 31360.01 31292.81 31225.79 31158.95 31092.28 31025.79 30959.49 30893.37 30827.42 30761.66 30696.09 30630.7 30565.5 30500 30402.14 30302.8 30203.48 30104.15 30004.83 29905.52 29806.21 29706.9 29607.6 29508.3 -9999 -9999 -9999 -9999 -9999 -9999 -9999 -9999 -9999 -9999 -9999 -9999 -9999 -9999 -9999 -9999 -9999 -9999 -9999 -9999 -9999 -9999 -9999 -9999 -9999 -9999 -9999 -9999 -9999
32177.17 32107.63 32038.26 31969.05 31900 31831.12 31762.4 31693.85 31625.46 31557.25 31489.21 31421.33 31353.63 31286.1 31218.74 31151.56 31084.56 31017.74 30951.09 30884.62 30818.34 30752.24 30686.32 30620.58 30555.03 30489.67 30424.5 30358.69 30290.92 30215.23 30115.94 30016.66 29917.39 29818.12 29718.85 29619.59 29520.33 -9999 -9999 -9999 -9999 -9999 -9999 -9999 -9999 -9999 -9999 -9999 -9999 -9999 -9999 -9999 -9999 -9999 -9999 -9999 -9999 -9999 -9999 -9999 -9999 -9999 -9999 -9999 -9999 -9999
32105.45 32035.76 31966.23 31896.87 31827.66 31758.62 31689.75 31621.04 31552.5 31484.12 31415.92 31347.89 31280.03 31212.34 31144.82 31077.48 31010.32 30943.34 30876.53 30809.9 30743.46 30677.19 30611.11 30545.21 30479.5 30413.98 30348.64 30283.49 30217.38 30149.63 30082.05 30014.66 29929.58 29830.35 29731.13 29631.91 29532.69 -9999 -9999 -9999 -9999 -9999 -9999 -9999 -9999 -9999 -9999 -9999 -9999 -9999 -9999 -9999 -9999 -9999 -9999 -9999 -9999 -9999 -9999 -9999 -9999 -9999 -9999 -9999 -9999 -9999
32033.89 31964.04 31894.36 31824.83 31755.47 31686.28 31617.24 31548.38 31479.68 31411.14 31342.78 31274.59 31206.57 31138.72 31071.05 31003.55 30936.22 30869.08 30802.11 30735.32 30668.71 30602.29 30536.04 30469.98 30404.11 30338.42 30272.93 30207.62 30142.49 30076.07 30008.33 29940.78 29873.4 29806.21 29739.2 29644.56 29545.39 29446.22 29347.06 29247.91 29148.76 29049.61 28950.47 28851.34 28752.22 28653.1 28553.98 28454.88 28355.78 28256.68 28157.59 28058.51 27959.44 -9999 -9999 -9999 -9999 -9999 -9999 -9999 -9999 -9999 -9999 -9999 -9999 -9999
31962.48 31892.48 31822.63 31752.95 31683.43 31614.08 31544.89 31475.86 31407.01 31338.31 31269.79 31201.44 31133.26 31065.25 30997.42 30929.76 30862.28 30794.97 30727.84 30660.89 30594.12 30527.53 30461.12 30394.9 30328.86 30263.01 30197.35 30131.88 30066.59 30001.5 29934.76 29867.04 29799.5 29732.14 29664.96 29597.97 29531.17 29459.29 29360.18 29261.07 29161.96 29062.86 28963.77 28864.68 28765.6 28666.53 28567.46 28468.4 28369.35 28270.3 28171.26 28072.23 27973.2 27874.18 -9999 -9999 -9999 -9999 -9999 -9999 -9999 -9999 -9999 -9999 -9999 -9999
31891.22 31821.06 31751.06 31681.22 31611.55 31542.04 31472.69 31403.5 31334.49 31265.64 31196.96 31128.44 31060.1 30991.93 30923.94 30856.12 30788.47 30721 30653.71 30586.6 30519.67 30452.91 30386.35 30319.96 30253.76 30187.75 30121.92 30056.28 29990.83 29925.57 29860.51 29793.46 29725.75 29658.22 29590.88 29523.72 29456.75 29389.96 29323.37 29256.96 29175.5 29076.45 28977.4 28878.37 28779.33 28680.31 28581.29 28482.28 28383.27 28284.27 28185.28 28086.29 27987.32 27888.35 27789.39 -9999 -9999 -9999 -9999 -9999 -9999 -9999 -9999 -9999 -9999 -9999
31820.12 31749.8 31679.65 31609.65 31539.82 31470.14 31400.64 31331.29 31262.12 31193.11 31124.27 31055.6 30987.09 30918.76 30850.61 30782.63 30714.82 30647.19 30579.73 30512.46 30445.36 30378.45 30311.71 30245.16 30178.8 30112.62 30046.63 29980.83 29915.21 29849.79 29784.56 29719.52 29652.15 29584.46 29516.94 29449.62 29382.48 29315.53 29248.76 29182.19 29115.8 29049.61 28983.62 28892.39 28793.4 28694.42 28595.46 28496.49 28397.54 28298.59 28199.64 28100.71 28001.79 27902.87 27803.96 27705.05 -9999 -9999 -9999 -9999 -9999 -9999 -9999 -9999 -9999 -9999
31749.17 31678.7 31608.38 31538.23 31468.24 31398.41 31328.74 31259.24 31189.9 31120.73 31051.73 30982.9 30914.24 30845.75 30777.43 30709.28 30641.31 30573.52 30505.9 30438.46 30371.2 30304.13 30237.23 30170.52 30103.99 30037.64 29971.49 29905.52 29839.74 29774.15 29708.75 29643.55 29578.54 29510.85 29443.17 29375.67 29308.36 29241.24 29174.3 29107.56 29041.01 28974.64 28908.48 28842.5 28776.73 28708.88 28609.96 28511.05 28412.14 28313.25 28214.36 28115.48 28016.6 27917.74 27818.88 27720.03 27621.19 -9999 -9999 -9999 -9999 -9999 -9999 -9999 -9999 -9999
31678.38 31607.75 31537.28 31466.97 31396.81 31326.83 31257 31187.34 31117.84 31048.51 30979.35 30910.35 30841.53 30772.88 30704.4 30636.09 30567.96 30500 30432.22 30364.62 30297.2 30229.95 30162.89 30096.01 30029.32 29962.81 29896.49 29830.35 29764.41 29698.65 29633.09 29567.72 29502.54 29437.39 29369.54 29301.88 29234.4 29167.11 29100 29033.08 28966.36 28899.83 28833.49 28767.34 28701.39 28635.64 28570.09 28504.74 28427.1 28328.25 28229.42 28130.59 28031.77 27932.96 27834.15 27735.36 27636.57 -9999 -9999 -9999 -9999 -9999 -9999 -9999 -9999 -9999
31607.75 31536.96 31466.33 31395.86 31325.55 31255.4 31185.41 31115.59 31045.93 30976.44 30907.12 30837.96 30768.98 30700.16 30631.52 30563.05 30494.75 30426.63 30358.69 30290.92 30223.34 30155.93 30088.7 30021.66 29954.8 29888.13 29821.64 29755.34 29689.22 29623.3 29557.57 29492.03 29426.69 29361.54 29296.07 29228.24 29160.59 29093.13 29025.85 28958.76 28891.87 28825.16 28758.65 28692.33 28626.21 28560.29 28494.56 28429.04 28363.71 28298.59 28233.67 28146.05 28047.28 27948.52 27849.78 27751.04 27652.3 27553.58 -9999 -9999 -9999 -9999 -9999 -9999 -9999 -9999
31536.96 31466.33 31395.54 31324.91 31254.44 31184.13 31113.98 31044 30974.18 30904.53 30835.04 30765.73 30696.58 30627.6 30558.79 30490.16 30421.7 30353.42 30285.31 30217.38 30149.63 30082.05 30014.66 29947.45 29880.43 29813.59 29746.93 29680.46 29614.19 29548.1 29482.2 29416.49 29350.98 29285.66 29220.54 29154.76 29086.94 29019.3 28951.86 28884.6 28817.53 28750.65 28683.97 28617.48 28551.18 28485.08 28419.18 28353.48 28287.98 28222.69 28157.59 28092.7 28028.02 27963.55 27865.75 27767.07 27668.39 27569.73 27471.08 -9999 -9999 -9999 -9999 -9999 -9999 -9999
31466.33 31395.54 31324.91 31254.12 31183.49 31113.02 31042.71 30972.57 30902.59 30832.78 30763.13 30693.65 30624.34 30555.2 30486.23 30417.43 30348.8 30280.36 30212.08 30143.99 30076.07 30008.33 29940.78 29873.4 29806.21 29739.2 29672.38 29605.74 29539.29 29473.04 29406.97 29341.1 29275.42 29209.93 29144.64 29079.55 29013.45 28945.64 28878.02 28810.59 28743.35 28676.3 28609.44 28542.78 28476.31 28410.03 28343.96 28278.08 28212.41 28146.94 28081.67 28016.6 27951.74 27887.09 27822.65 27758.42 27684.83 27586.23 27487.63 27389.05 -9999 -9999 -9999 -9999 -9999 -9999
31395.54 31324.91 31254.12 31183.49 31112.7 31042.07 30971.6 30901.29 30831.15 30761.18 30691.37 30621.72 30552.25 30482.95 30413.81 30344.85 30276.06 30207.45 30139.01 30070.75 30002.67 29934.76 29867.04 29799.5 29732.14 29664.96 29597.97 29531.17 29464.55 29398.13 29331.89 29265.85 29200 29134.34 29068.88 29003.62 28938.55 28872.13 28804.34 28736.74 28669.32 28602.1 28535.07 28468.23 28401.58 28335.14 28268.89 28202.84 28136.99 28071.34 28005.89 27940.65 27875.62 27810.79 27746.17 27681.76 27617.57 27553.58 27489.82 27406.02 27307.51 -9999 -9999 -9999 -9999 -9999
31324.91 31254.12 31183.49 31112.7 31042.07 30971.28 30900.65 30830.18 30759.88 30689.74 30619.77 30549.96 30480.32 30410.85 30341.55 30272.43 30203.48 30134.7 30066.09 29997.67 29929.42 29861.35 29793.46 29725.75 29658.22 29590.88 29523.72 29456.75 29389.96 29323.37 29256.96 29190.75 29124.73 29058.91 28993.28 28927.84 28862.61 28797.57 28730.82 28663.04 28595.46 28528.06 28460.85 28393.84 28327.02 28260.4 28193.97 28127.74 28061.72 27995.89 27930.27 27864.85 27799.64 27734.63 27669.84 27605.25 27540.88 27476.72 27412.77 27349.04 27285.53 27222.23 -9999 -9999 -9999 -9999
31254.44 31183.49 31112.7 31042.07 30971.28 30900.65 30829.86 30759.23 30688.76 30618.46 30548.32 30478.35 30408.55 30338.92 30269.46 30200.17 30131.05 30062.1 29993.33 29924.74 29856.32 29788.08 29720.03 29652.15 29584.46 29516.94 29449.62 29382.48 29315.53 29248.76 29182.19 29115.8 29049.61 28983.62 28917.81 28852.21 28786.8 28721.59 28656.59 28589.51 28521.75 28454.17 28386.79 28319.61 28252.61 28185.81 28119.21 28052.81 27986.6 27920.6 27854.8 27789.21 27723.82 27658.63 27593.66 27528.89 27464.34 27400 27335.87 27271.96 27208.27 27144.8 -9999 -9999 -9999 -9999
31184.13 31113.02 31042.07 30971.28 30900.65 30829.86 30759.23 30688.43 30617.8 30547.34 30477.04 30406.91 30336.94 30267.14 30197.52 30128.06 30058.78 29989.66 29920.73 29851.97 29783.38 29714.98 29646.75 29578.71 29510.85 29443.17 29375.67 29308.36 29241.24 29174.3 29107.56 29041.01 28974.64 28908.48 28842.5 28776.73 28711.15 28645.77 28580.59 28515.61 28448.2 28380.45 28312.89 28245.53 28178.36 28111.38 28044.61 27978.03 27911.65 27845.47 27779.49 27713.71 27648.15 27582.79 27517.63 27452.69 27387.95 27323.43 27259.13 27195.04 27131.16 27067.51 27004.07 -9999 -9999 -9999
31113.98 31042.71 30971.6 30900.65 30829.86 30759.23 30688.43 30617.8 30547.01 30476.38 30405.92 30335.62 30265.49 30195.53 30125.74 30056.11 29986.66 29917.39 29848.28 29779.36 29710.6 29642.03 29573.64 29505.42 29437.39 29369.54 29301.88 29234.4 29167.11 29100 29033.08 28966.36 28899.83 28833.49 28767.34 28701.39 28635.64 28570.09 28504.74 28439.59 28374.64 28306.89 28239.16 28171.62 28104.27 28037.12 27970.16 27903.4 27836.85 27770.49 27704.33 27638.38 27572.63 27507.09 27441.76 27376.63 27311.72 27247.02 27182.53 27118.26 27054.21 26990.37 26926.75 26863.36 -9999 -9999
