InputData/dist_21.txt
ncols         137
nrows         122
xllcorner     572528.41721637
yllcorner     8195621.6166888
cellsize      100
NODATA_value  -9999
[rows 58 to 86 of 122, columns 66 to 131 of 137]
24346.05 24439.31 24532.63 24626 24719.43 24812.9 24906.43 25000 25093.63 25187.3 25281.02 25374.79 25468.61 25562.47 25656.38 25750.34 25844.34 25938.39 26032.48 26126.62 26220.79 26315.02 26409.28 26503.58 26597.93 26692.32 26786.75 26881.22 26975.73 27070.28 27164.87 27259.49 27354.16 27448.86 27543.6 27638.38 27733.19 27828.04 27922.93 28012.85 28100.71 28188.65 -9999 -9999 -9999 -9999 -9999 -9999 -9999 -9999 -9999 -9999 -9999 -9999 -9999 -9999 -9999 -9999 -9999 -9999 -9999 -9999 -9999 -9999 -9999 -9999
24382.37 24475.5 24568.68 24661.91 24755.2 24848.54 24941.93 25035.38 25128.87 25222.41 25316 25409.64 25503.33 25597.07 25690.85 25784.69 25878.56 25972.49 26066.45 26160.47 26254.52 26348.63 26442.77 26536.96 26631.19 26725.46 26819.77 26914.12 27008.52 27102.95 27197.43 27291.94 27386.49 27481.08 27575.71 27670.38 27765.09 27859.83 27954.61 28049.42 28144.27 -9999 -9999 -9999 -9999 -9999 -9999 -9999 -9999 -9999 -9999 -9999 -9999 -9999 -9999 -9999 -9999 -9999 -9999 -9999 -9999 -9999 -9999 -9999 -9999 -9999
24419.05 24512.04 24605.08 24698.18 24791.33 24884.53 24977.79 25071.1 25164.46 25257.87 25351.33 25444.84 25538.4 25632.01 25725.67 25819.37 25913.13 26006.92 26100.77 26194.66 26288.59 26382.57 26476.59 26570.66 26664.77 26758.92 26853.12 26947.36 27041.63 27135.95 27230.31 27324.71 27419.15 27513.63 27608.15 27702.71 27797.3 27891.93 27986.6 28081.31 -9999 -9999 -9999 -9999 -9999 -9999 -9999 -9999 -9999 -9999 -9999 -9999 -9999 -9999 -9999 -9999 -9999 -9999 -9999 -9999 -9999 -9999 -9999 -9999 -9999 -9999
24456.08 24548.93 24641.83 24734.79 24827.81 24920.88 25014 25107.17 25200.4 25293.68 25387 25480.38 25573.81 25667.29 25760.82 25854.4 25948.03 26041.7 26135.42 26229.18 26322.99 26416.85 26510.75 26604.7 26698.69 26792.72 26886.8 26980.92 27075.08 27169.28 27263.53 27357.81 27452.14 27546.51 27640.91 27735.36 27829.84 27924.36 28018.92 -9999 -9999 -9999 -9999 -9999 -9999 -9999 -9999 -9999 -9999 -9999 -9999 -9999 -9999 -9999 -9999 -9999 -9999 -9999 -9999 -9999 -9999 -9999 -9999 -9999 -9999 -9999
24493.47 24586.18 24678.94 24771.76 24864.63 24957.56 25050.55 25143.59 25236.68 25329.82 25423.02 25516.27 25609.57 25702.92 25796.32 25889.77 25983.26 26076.81 26170.4 26264.04 26357.73 26451.46 26545.24 26639.07 26732.94 26826.85 26920.81 27014.81 27108.86 27202.94 27297.07 27391.24 27485.45 27579.7 27673.99 27768.33 27862.7 27957.11 -9999 -9999 -9999 -9999 -9999 -9999 -9999 -9999 -9999 -9999 -9999 -9999 -9999 -9999 -9999 -9999 -9999 -9999 -9999 -9999 -9999 -9999 -9999 -9999 -9999 -9999 -9999 -9999
24531.21 24623.77 24716.39 24809.07 24901.81 24994.6 25087.45 25180.35 25273.31 25366.32 25459.38 25552.49 25645.66 25738.88 25832.15 25925.47 26018.84 26112.26 26205.72 26299.24 26392.8 26486.41 26580.07 26673.77 26767.52 26861.31 26955.15 27049.03 27142.96 27236.92 27330.94 27424.99 27519.08 27613.22 27707.4 27801.62 27895.88 -9999 -9999 -9999 -9999 -9999 -9999 -9999 -9999 -9999 -9999 -9999 -9999 -9999 -9999 -9999 -9999 -9999 -9999 -9999 -9999 -9999 -9999 -9999 -9999 -9999 -9999 -9999 -9999 -9999
24569.29 24661.71 24754.19 24846.73 24939.33 25031.98 25124.69 25217.46 25310.28 25403.15 25496.08 25589.06 25682.1 25775.18 25868.32 25961.51 26054.75 26148.04 26241.38 26334.77 26428.21 26521.69 26615.22 26708.8 26802.43 26896.1 26989.81 27083.57 27177.38 27271.23 27365.12 27459.06 27553.04 27647.06 27741.13 27835.23 27929.38 -9999 -9999 -9999 -9999 -9999 -9999 -9999 -9999 -9999 -9999 -9999 -9999 -9999 -9999 -9999 -9999 -9999 -9999 -9999 -9999 -9999 -9999 -9999 -9999 -9999 -9999 -9999 -9999 -9999
24607.72 24700 24792.34 24884.73 24977.19 25069.7 25162.27 25254.9 25347.58 25440.32 25533.12 25625.96 25718.87 25811.82 25904.83 25997.88 26090.99 26184.16 26277.37 26370.63 26463.94 26557.3 26650.7 26744.16 26837.66 26931.21 27024.8 27118.44 27212.13 27305.86 27399.63 27493.45 27587.32 27681.22 27775.17 27869.16 -9999 -9999 -9999 -9999 -9999 -9999 -9999 -9999 -9999 -9999 -9999 -9999 -9999 -9999 -9999 -9999 -9999 -9999 -9999 -9999 -9999 -9999 -9999 -9999 -9999 -9999 -9999 -9999 -9999 -9999
24646.5 24738.63 24830.83 24923.08 25015.39 25107.77 25200.2 25292.69 25385.23 25477.83 25570.49 25663.2 25755.97 25848.79 25941.67 26034.59 26127.57 26220.6 26313.69 26406.82 26500 26593.23 26686.51 26779.84 26873.22 26966.65 27060.12 27153.64 27247.2 27340.81 27434.47 27528.17 27621.91 27715.7 27809.53 -9999 -9999 -9999 -9999 -9999 -9999 -9999 -9999 -9999 -9999 -9999 -9999 -9999 -9999 -9999 -9999 -9999 -9999 -9999 -9999 -9999 -9999 -9999 -9999 -9999 -9999 -9999 -9999 -9999 -9999 -9999
24685.62 24777.61 24869.66 24961.77 25053.94 25146.17 25238.46 25330.81 25423.22 25515.68 25608.2 25700.78 25793.41 25886.1 25978.84 26071.63 26164.48 26257.38 26350.33 26443.34 26536.39 26629.49 26722.65 26815.85 26909.11 27002.41 27095.76 27189.15 27282.6 27376.08 27469.62 27563.2 27656.83 27750.5 -9999 -9999 -9999 -9999 -9999 -9999 -9999 -9999 -9999 -9999 -9999 -9999 -9999 -9999 -9999 -9999 -9999 -9999 -9999 -9999 -9999 -9999 -9999 -9999 -9999 -9999 -9999 -9999 -9999 -9999 -9999 -9999
24725.09 24816.93 24908.83 25000.8 25092.83 25184.92 25277.06 25369.27 25461.54 25553.87 25646.25 25738.69 25831.18 25923.73 26016.34 26109 26201.72 26294.49 26387.31 26480.18 26573.11 26666.08 26759.11 26852.19 26945.31 27038.49 27131.71 27224.99 27318.31 27411.68 27505.09 27598.55 27692.06 27785.61 -9999 -9999 -9999 -9999 -9999 -9999 -9999 -9999 -9999 -9999 -9999 -9999 -9999 -9999 -9999 -9999 -9999 -9999 -9999 -9999 -9999 -9999 -9999 -9999 -9999 -9999 -9999 -9999 -9999 -9999 -9999 -9999
24764.89 24856.59 24948.35 25040.17 25132.05 25224 25316 25408.07 25500.2 25592.38 25684.63 25776.93 25869.29 25961.7 26054.17 26146.7 26239.28 26331.92 26424.61 26517.35 26610.15 26703 26795.89 26888.85 26981.85 27074.9 27168 27261.14 27354.34 27447.59 27540.88 27634.22 27727.6 27821.04 -9999 -9999 -9999 -9999 -9999 -9999 -9999 -9999 -9999 -9999 -9999 -9999 -9999 -9999 -9999 -9999 -9999 -9999 -9999 -9999 -9999 -9999 -9999 -9999 -9999 -9999 -9999 -9999 -9999 -9999 -9999 -9999
24805.04 24896.59 24988.2 25079.87 25171.61 25263.41 25355.28 25447.2 25539.19 25631.23 25723.34 25815.5 25907.72 26000 26092.34 26184.73 26277.18 26369.68 26462.24 26554.85 26647.51 26740.23 26833 26925.82 27018.7 27111.62 27204.6 27297.62 27390.69 27483.81 27576.98 27670.2 27763.46 27856.78 -9999 -9999 -9999 -9999 -9999 -9999 -9999 -9999 -9999 -9999 -9999 -9999 -9999 -9999 -9999 -9999 -9999 -9999 -9999 -9999 -9999 -9999 -9999 -9999 -9999 -9999 -9999 -9999 -9999 -9999 -9999 -9999
24845.52 24936.92 25028.38 25119.91 25211.51 25303.16 25394.88 25486.66 25578.51 25670.41 25762.38 25854.4 25946.48 26038.63 26130.82 26223.08 26315.39 26407.76 26500.19 26592.67 26685.2 26777.79 26870.43 26963.12 27055.87 27148.66 27241.51 27334.41 27427.36 27520.36 27613.4 27706.5 27799.64 27892.83 27986.07 -9999 -9999 -9999 -9999 -9999 -9999 -9999 -9999 -9999 -9999 -9999 -9999 -9999 -9999 -9999 -9999 -9999 -9999 -9999 -9999 -9999 -9999 -9999 -9999 -9999 -9999 -9999 -9999 -9999 -9999 -9999
24886.34 24977.59 25068.9 25160.29 25251.73 25343.24 25434.82 25526.46 25618.16 25709.92 25801.74 25893.63 25985.57 26077.58 26169.64 26261.76 26353.94 26446.17 26538.46 26630.81 26723.21 26815.67 26908.18 27000.74 27093.36 27186.03 27278.75 27371.52 27464.34 27557.21 27650.13 27743.11 27836.13 27929.2 28022.31 -9999 -9999 -9999 -9999 -9999 -9999 -9999 -9999 -9999 -9999 -9999 -9999 -9999 -9999 -9999 -9999 -9999 -9999 -9999 -9999 -9999 -9999 -9999 -9999 -9999 -9999 -9999 -9999 -9999 -9999 -9999
24927.49 25018.59 25109.76 25200.99 25292.29 25383.66 25475.09 25566.58 25658.14 25749.76 25841.44 25933.18 26024.99 26116.85 26208.78 26300.76 26392.8 26484.9 26577.06 26669.27 26761.54 26853.86 26946.24 27038.68 27131.16 27223.7 27316.29 27408.94 27501.64 27594.38 27687.18 27780.03 27872.93 27965.87 28058.87 -9999 -9999 -9999 -9999 -9999 -9999 -9999 -9999 -9999 -9999 -9999 -9999 -9999 -9999 -9999 -9999 -9999 -9999 -9999 -9999 -9999 -9999 -9999 -9999 -9999 -9999 -9999 -9999 -9999 -9999 -9999
24968.98 25059.93 25150.94 25242.03 25333.18 25424.4 25515.68 25607.03 25698.44 25789.92 25881.46 25973.06 26064.73 26156.45 26248.24 26340.08 26431.99 26523.95 26615.97 26708.05 26800.19 26892.38 26984.63 27076.93 27169.28 27261.7 27354.16 27446.68 27539.24 27631.87 27724.54 27817.26 27910.03 28002.86 28095.73 -9999 -9999 -9999 -9999 -9999 -9999 -9999 -9999 -9999 -9999 -9999 -9999 -9999 -9999 -9999 -9999 -9999 -9999 -9999 -9999 -9999 -9999 -9999 -9999 -9999 -9999 -9999 -9999 -9999 -9999 -9999
25010.8 25101.59 25192.46 25283.39 25374.4 25465.47 25556.6 25647.81 25739.08 25830.41 25921.8 26013.27 26104.79 26196.37 26288.02 26379.73 26471.49 26563.32 26655.21 26747.15 26839.15 26931.21 27023.32 27115.49 27207.72 27300 27392.33 27484.72 27577.16 27669.66 27762.21 27854.8 27947.45 28040.15 28132.9 -9999 -9999 -9999 -9999 -9999 -9999 -9999 -9999 -9999 -9999 -9999 -9999 -9999 -9999 -9999 -9999 -9999 -9999 -9999 -9999 -9999 -9999 -9999 -9999 -9999 -9999 -9999 -9999 -9999 -9999 -9999
25052.94 25143.59 25234.3 25325.09 25415.94 25506.86 25597.85 25688.91 25780.03 25871.22 25962.47 26053.79 26145.17 26236.62 26328.12 26419.69 26511.32 26603.01 26694.76 26786.56 26878.43 26970.35 27062.34 27154.37 27246.47 27338.62 27430.82 27523.08 27615.39 27707.76 27800.18 27892.65 27985.17 28077.75 28170.38 -9999 -9999 -9999 -9999 -9999 -9999 -9999 -9999 -9999 -9999 -9999 -9999 -9999 -9999 -9999 -9999 -9999 -9999 -9999 -9999 -9999 -9999 -9999 -9999 -9999 -9999 -9999 -9999 -9999 -9999 -9999
25095.42 25185.91 25276.47 25367.11 25457.81 25548.58 25639.42 25730.33 25821.31 25912.35 26003.46 26094.63 26185.88 26277.18 26368.54 26459.97 26551.46 26643.01 26734.62 26826.29 26918.02 27009.81 27101.66 27193.56 27285.53 27377.54 27469.62 27561.75 27653.93 27746.17 27838.46 27930.81 28023.21 28115.65 28208.15 28300.71 -9999 -9999 -9999 -9999 -9999 -9999 -9999 -9999 -9999 -9999 -9999 -9999 -9999 -9999 -9999 -9999 -9999 -9999 -9999 -9999 -9999 -9999 -9999 -9999 -9999 -9999 -9999 -9999 -9999 -9999
25138.22 25228.55 25318.96 25409.45 25500 25590.62 25681.32 25772.08 25862.91 25953.8 26044.77 26135.8 26226.89 26318.05 26409.28 26500.57 26591.92 26683.33 26774.8 26866.34 26957.93 27049.58 27141.3 27233.07 27324.9 27416.78 27508.73 27600.72 27692.78 27784.89 27877.05 27969.27 28061.54 28153.86 28246.24 28338.67 -9999 -9999 -9999 -9999 -9999 -9999 -9999 -9999 -9999 -9999 -9999 -9999 -9999 -9999 -9999 -9999 -9999 -9999 -9999 -9999 -9999 -9999 -9999 -9999 -9999 -9999 -9999 -9999 -9999 -9999
25181.34 25271.53 25361.78 25452.11 25542.51 25632.99 25723.53 25814.14 25904.83 25995.58 26086.39 26177.28 26268.23 26359.25 26450.33 26541.48 26632.69 26723.96 26815.29 26906.69 26998.15 27089.67 27181.24 27272.88 27364.58 27456.33 27548.14 27640.01 27731.93 27823.91 27915.95 28008.04 28100.18 28192.38 28284.63 28376.93 28469.28 -9999 -9999 -9999 -9999 -9999 -9999 -9999 -9999 -9999 -9999 -9999 -9999 -9999 -9999 -9999 -9999 -9999 -9999 -9999 -9999 -9999 -9999 -9999 -9999 -9999 -9999 -9999 -9999 -9999
25224.79 25314.82 25404.92 25495.1 25585.35 25675.67 25766.06 25856.53 25947.06 26037.66 26128.34 26219.08 26309.88 26400.76 26491.7 26582.7 26673.77 26764.9 26856.1 26947.36 27038.68 27130.06 27221.5 27313 27404.56 27496.18 27587.86 27679.6 27771.39 27863.24 27955.14 28047.1 28139.12 28231.19 28323.31 28415.49 28507.72 28600 -9999 -9999 -9999 -9999 -9999 -9999 -9999 -9999 -9999 -9999 -9999 -9999 -9999 -9999 -9999 -9999 -9999 -9999 -9999 -9999 -9999 -9999 -9999 -9999 -9999 -9999 -9999 -9999
25268.56 25358.43 25448.38 25538.4 25628.5 25718.67 25808.91 25899.23 25989.61 26080.07 26170.59 26261.19 26351.85 26442.58 26533.38 26624.24 26715.16 26806.16 26897.21 26988.33 27079.51 27170.76 27262.06 27353.43 27444.85 27536.34 27627.88 27719.49 27811.15 27902.87 27994.64 28086.47 28178.36 28270.3 28362.3 28454.35 28546.45 28638.61 28730.82 -9999 -9999 -9999 -9999 -9999 -9999 -9999 -9999 -9999 -9999 -9999 -9999 -9999 -9999 -9999 -9999 -9999 -9999 -9999 -9999 -9999 -9999 -9999 -9999 -9999 -9999 -9999
25312.64 25402.36 25492.16 25582.03 25671.97 25761.99 25852.08 25942.24 26032.48 26122.79 26213.16 26303.61 26394.13 26484.71 26575.37 26666.08 26756.87 26847.72 26938.63 27029.61 27120.66 27211.76 27302.93 27394.16 27485.45 27576.8 27668.21 27759.68 27851.21 27942.8 28034.44 28126.14 28217.9 28309.71 28401.58 28493.51 28585.49 28677.52 28769.6 28861.74 -9999 -9999 -9999 -9999 -9999 -9999 -9999 -9999 -9999 -9999 -9999 -9999 -9999 -9999 -9999 -9999 -9999 -9999 -9999 -9999 -9999 -9999 -9999 -9999 -9999 -9999
25357.05 25446.61 25536.25 25625.96 25715.75 25805.62 25895.56 25985.57 26075.66 26165.82 26256.05 26346.35 26436.72 26527.16 26617.66 26708.24 26798.88 26889.59 26980.36 27071.2 27162.11 27253.07 27344.1 27435.2 27526.35 27617.57 27708.84 27800.18 27891.58 27983.03 28074.54 28166.12 28257.74 28349.43 28441.17 28532.96 28624.81 28716.72 28808.68 28900.69 -9999 -9999 -9999 -9999 -9999 -9999 -9999 -9999 -9999 -9999 -9999 -9999 -9999 -9999 -9999 -9999 -9999 -9999 -9999 -9999 -9999 -9999 -9999 -9999 -9999 -9999
25401.77 25491.18 25580.66 25670.22 25759.85 25849.56 25939.35 26029.21 26119.15 26209.16 26299.24 26389.39 26479.62 26569.91 26660.27 26750.7 26841.2 26931.77 27022.4 27113.1 27203.86 27294.69 27385.58 27476.54 27567.55 27658.63 27749.78 27840.98 27932.24 28023.56 28114.94 28206.38 28297.88 28389.44 28481.05 28572.71 28664.44 28756.22 28848.05 28939.94 29031.88 -9999 -9999 -9999 -9999 -9999 -9999 -9999 -9999 -9999 -9999 -9999 -9999 -9999 -9999 -9999 -9999 -9999 -9999 -9999 -9999 -9999 -9999 -9999 -9999 -9999
25446.61 25536.05 25625.38 25714.78 25804.26 25893.82 25983.46 26073.17 26162.95 26252.81 26342.74 26432.74 26522.82 26612.97 26703.18 26793.47 26883.82 26974.25 27064.74 27155.29 27245.92 27336.61 27427.36 27518.18 27609.06 27700 27791.01 27882.07 27973.2 28064.39 28155.64 28246.95 28338.31 28429.74 28521.22 28612.76 28704.36 28796.01 28887.71 28979.47 29071.29 -9999 -9999 -9999 -9999 -9999 -9999 -9999 -9999 -9999 -9999 -9999 -9999 -9999 -9999 -9999 -9999 -9999 -9999 -9999 -9999 -9999 -9999 -9999 -9999 -9999
25491.18 25580.66 25670.22 25759.66 25848.98 25938.39 26027.87 26117.43 26207.06 26296.77 26386.55 26476.4 26566.33 26656.33 26746.4 26836.54 26926.75 27017.03 27107.38 27197.79 27288.28 27378.82 27469.44 27560.12 27650.86 27741.67 27832.54 27923.47 28014.46 28105.52 28196.63 28287.81 28379.04 28470.34 28561.69 28653.1 28744.56 28836.09 28927.67 29019.3 29110.99 29202.74 -9999 -9999 -9999 -9999 -9999 -9999 -9999 -9999 -9999 -9999 -9999 -9999 -9999 -9999 -9999 -9999 -9999 -9999 -9999 -9999 -9999 -9999 -9999 -9999
