InputData/dist_9.txt
ncols         425
nrows         149
xllcorner     556245.37652931
yllcorner     8175522.4298822
cellsize      100
NODATA_value  -9999
[rows 87 to 115 of 149, columns 260 to 324 of 425]
30708.47 30805.84 30903.24 31000.64 31098.07 31195.51 31292.97 31390.45 31487.93 31585.44 31682.96 31780.5 31878.05 31975.62 32073.2 32170.79 32268.41 32366.03 32463.67 32561.33 32659 32756.68 32854.38 32952.09 33049.81 33147.55 33245.3 33343.07 33440.84 33538.63 33636.44 33734.25 33832.09 33929.93 34027.78 34125.65 34223.53 34321.42 34419.32 34517.24 34615.17 34713.11 34811.06 34909.02 35007 35104.98 35202.98 35300.99 35399.01 35497.04 35595.08 35693.14 35791.2 35889.27 35987.36 36085.45 36183.56 36281.68 36379.8 36477.94 36576.09 36674.24 36772.41 36870.59 36968.77
30731.42 30828.72 30926.04 31023.38 31120.73 31218.1 31315.49 31412.89 31510.32 31607.75 31705.21 31802.67 31900.16 31997.66 32095.17 32192.7 32290.25 32387.81 32485.38 32582.97 32680.58 32778.2 32875.83 32973.47 33071.14 33168.81 33266.5 33364.2 33461.92 33559.65 33657.39 33755.15 33852.92 33950.7 34048.5 34146.3 34244.13 34341.96 34439.8 34537.66 34635.53 34733.41 34831.31 34929.21 35027.13 35125.06 35223 35320.96 35418.92 35516.9 35614.88 35712.88 35810.89 35908.91 36006.95 36104.98 36203.04 36301.1 36399.18 36497.26 36595.36 36693.46 36791.57 36889.7 36987.84
30754.67 30851.9 30949.15 31046.42 31143.7 31241 31338.31 31435.65 31533 31630.37 31727.75 31825.15 31922.56 32019.99 32117.44 32214.9 32312.38 32409.88 32507.38 32604.91 32702.45 32800 32897.57 32995.15 33092.75 33190.36 33287.98 33385.63 33483.28 33580.95 33678.63 33776.32 33874.03 33971.75 34069.49 34167.23 34265 34362.77 34460.56 34558.36 34656.17 34753.99 34851.83 34949.68 35047.54 35145.41 35243.3 35341.2 35439.1 35537.02 35634.95 35732.9 35830.85 35928.82 36026.8 36124.79 36222.78 36320.79 36418.81 36516.84 36614.89 36712.94 36811 36909.08 37007.16
30778.24 30875.39 30972.57 31069.76 31166.97 31264.2 31361.44 31458.7 31555.98 31653.28 31750.59 31847.92 31945.27 32042.63 32140.01 32237.4 32334.81 32432.24 32529.68 32627.14 32724.61 32822.1 32919.6 33017.12 33114.65 33212.2 33309.76 33407.34 33504.93 33602.53 33700.15 33797.78 33895.43 33993.09 34090.76 34188.45 34286.15 34383.86 34481.59 34579.33 34677.08 34774.85 34872.63 34970.42 35068.22 35166.04 35263.86 35361.7 35459.55 35557.42 35655.29 35753.18 35851.08 35948.99 36046.91 36144.85 36242.79 36340.75 36438.71 36536.7 36634.68 36732.68 36830.7 36928.71 37026.75
30802.11 30899.19 30996.29 31093.41 31190.54 31287.7 31384.87 31482.06 31579.27 31676.49 31773.73 31870.99 31968.27 32065.56 32162.87 32260.19 32357.53 32454.89 32552.27 32649.66 32747.06 32844.48 32941.92 33039.37 33136.84 33234.32 33331.82 33429.33 33526.86 33624.39 33721.95 33819.52 33917.11 34014.7 34112.32 34209.94 34307.58 34405.23 34502.9 34600.58 34698.27 34795.98 34893.7 34991.43 35089.17 35186.93 35284.7 35382.48 35480.28 35578.08 35675.9 35773.73 35871.58 35969.43 36067.3 36165.18 36263.07 36360.97 36458.88 36556.8 36654.74 36752.69 36850.64 36948.61 37046.59
30826.29 30923.29 31020.32 31117.36 31214.42 31311.5 31408.6 31505.71 31602.85 31700 31797.17 31894.36 31991.56 32088.78 32186.02 32283.28 32380.55 32477.84 32575.14 32672.46 32769.8 32867.16 32964.53 33061.91 33159.31 33256.73 33354.16 33451.61 33549.07 33646.55 33744.04 33841.54 33939.06 34036.6 34134.15 34231.71 34329.29 34426.88 34524.48 34622.1 34719.73 34817.38 34915.04 35012.71 35110.4 35208.09 35305.81 35403.53 35501.27 35599.02 35696.78 35794.55 35892.34 35990.14 36087.95 36185.77 36283.61 36381.45 36479.31 36577.18 36675.06 36772.95 36870.86 36968.77 37066.7
30850.77 30947.7 31044.64 31141.61 31238.6 31335.6 31432.63 31529.67 31626.73 31723.81 31820.9 31918.02 32015.15 32112.3 32209.47 32306.66 32403.86 32501.08 32598.31 32695.57 32792.84 32890.12 32987.42 33084.74 33182.07 33279.42 33376.79 33474.17 33571.57 33668.98 33766.4 33863.84 33961.3 34058.77 34156.26 34253.76 34351.27 34448.8 34546.34 34643.9 34741.47 34839.06 34936.66 35034.27 35131.89 35229.53 35327.18 35424.85 35522.53 35620.22 35717.92 35815.64 35913.37 36011.11 36108.86 36206.63 36304.41 36402.2 36500 36597.81 36695.64 36793.48 36891.33 36989.19 37087.06
30875.39 30972.41 31069.28 31166.17 31263.08 31360.01 31456.96 31553.92 31650.91 31747.91 31844.94 31941.98 32039.04 32136.12 32233.21 32330.33 32427.46 32524.61 32621.77 32718.96 32816.16 32913.37 33010.61 33107.86 33205.12 33302.4 33399.7 33497.02 33594.34 33691.69 33789.05 33886.43 33983.82 34081.23 34178.65 34276.09 34373.54 34471 34568.48 34665.98 34763.49 34861.01 34958.55 35056.1 35153.66 35251.24 35348.83 35446.44 35544.06 35641.69 35739.34 35836.99 35934.66 36032.35 36130.04 36227.75 36325.47 36423.21 36520.95 36618.71 36716.48 36814.26 36912.06 -9999 -9999
30899.19 30996.29 31093.41 31190.54 31287.7 31384.71 31481.58 31578.47 31675.38 31772.31 31869.26 31966.23 32063.22 32160.22 32257.25 32354.29 32451.35 32548.43 32645.52 32742.63 32839.76 32936.91 33034.07 33131.25 33228.45 33325.66 33422.89 33520.14 33617.41 33714.68 33811.98 33909.29 34006.62 34103.96 34201.32 34298.69 34396.07 34493.48 34590.89 34688.33 34785.77 34883.23 34980.71 35078.2 35175.7 35273.22 35370.75 35468.3 35565.86 35663.43 35761.01 35858.61 35956.22 36053.85 36151.49 36249.14 36346.8 36444.48 36542.17 36639.87 36737.58 -9999 -9999 -9999 -9999
30923.29 31020.32 31117.36 31214.42 31311.5 31408.6 31505.71 31602.85 31700 31797.01 31893.89 31990.78 32087.69 32184.62 32281.57 32378.54 32475.53 32572.54 32669.56 32766.6 32863.66 32960.73 33057.83 33154.94 33252.07 33349.21 33446.38 33543.55 33640.75 33737.96 33835.19 33932.43 34029.69 34126.97 34224.26 34321.57 34418.89 34516.23 34613.58 34710.95 34808.33 34905.73 35003.14 35100.57 35198.01 35295.47 35392.94 35490.42 35587.92 35685.43 35782.96 35880.5 35978.05 36075.61 36173.2 36270.79 36368.39 36466.01 36563.64 -9999 -9999 -9999 -9999 -9999 -9999
30947.7 31044.64 31141.61 31238.6 31335.6 31432.63 31529.67 31626.73 31723.81 31820.9 31918.02 32015.15 32112.3 32209.31 32306.19 32403.09 32500 32596.93 32693.88 32790.85 32887.84 32984.84 33081.87 33178.91 33275.97 33373.04 33470.14 33567.25 33664.37 33761.52 33858.68 33955.86 34053.05 34150.26 34247.48 34344.72 34441.98 34539.25 34636.54 34733.84 34831.16 34928.5 35025.85 35123.21 35220.59 35317.98 35415.39 35512.82 35610.25 35707.7 35805.17 35902.64 36000.14 36097.64 36195.16 36292.7 -9999 -9999 -9999 -9999 -9999 -9999 -9999 -9999 -9999
30972.41 31069.28 31166.17 31263.08 31360.01 31456.96 31553.92 31650.91 31747.91 31844.94 31941.98 32039.04 32136.12 32233.21 32330.33 32427.46 32524.61 32621.62 32718.5 32815.39 32912.31 33009.24 33106.19 33203.16 33300.15 33397.16 33494.18 33591.22 33688.28 33785.35 33882.45 33979.55 34076.68 34173.82 34270.98 34368.15 34465.34 34562.55 34659.77 34757.02 34854.27 34951.54 35048.82 35146.13 35243.44 35340.77 35438.11 35535.48 35632.85 35730.24 35827.64 35925.06 36022.49 36119.94 -9999 -9999 -9999 -9999 -9999 -9999 -9999 -9999 -9999 -9999 -9999
30997.42 31094.21 31191.02 31287.86 31384.71 31481.58 31578.47 31675.38 31772.31 31869.26 31966.23 32063.22 32160.22 32257.25 32354.29 32451.35 32548.43 32645.52 32742.63 32839.76 32936.91 33033.92 33130.8 33227.7 33324.62 33421.55 33518.5 33615.47 33712.46 33809.46 33906.49 34003.53 34100.59 34197.66 34294.75 34391.86 34488.98 34586.13 34683.28 34780.45 34877.64 34974.85 35072.07 35169.3 35266.55 35363.82 35461.11 35558.4 35655.71 35753.04 35850.38 35947.74 -9999 -9999 -9999 -9999 -9999 -9999 -9999 -9999 -9999 -9999 -9999 -9999 -9999
31022.73 31119.45 31216.18 31312.94 31409.71 31506.51 31603.32 31700.16 31797.01 31893.89 31990.78 32087.69 32184.62 32281.57 32378.54 32475.53 32572.54 32669.56 32766.6 32863.66 32960.73 33057.83 33154.94 33252.07 33349.21 33446.23 33543.11 33640.01 33736.92 33833.86 33930.81 34027.78 34124.77 34221.78 34318.8 34415.84 34512.89 34609.97 34707.06 34804.17 34901.29 34998.43 35095.58 35192.75 35289.94 35387.14 35484.36 35581.6 35678.84 -9999 -9999 -9999 -9999 -9999 -9999 -9999 -9999 -9999 -9999 -9999 -9999 -9999 -9999 -9999 -9999
31048.35 31144.98 31241.64 31338.31 31435.01 31531.73 31628.47 31725.23 31822.01 31918.8 32015.62 32112.46 32209.31 32306.19 32403.09 32500 32596.93 32693.88 32790.85 32887.84 32984.84 33081.87 33178.91 33275.97 33373.04 33470.14 33567.25 33664.37 33761.52 33858.53 33955.41 34052.31 34149.23 34246.17 34343.12 34440.09 34537.08 34634.09 34731.11 34828.15 34925.21 35022.28 35119.37 35216.47 35313.59 35410.73 35507.89 -9999 -9999 -9999 -9999 -9999 -9999 -9999 -9999 -9999 -9999 -9999 -9999 -9999 -9999 -9999 -9999 -9999 -9999
31074.27 31170.82 31267.39 31363.99 31460.61 31557.25 31653.91 31750.59 31847.29 31944.01 32040.76 32137.52 32234.3 32331.1 32427.92 32524.76 32621.62 32718.5 32815.39 32912.31 33009.24 33106.19 33203.16 33300.15 33397.16 33494.18 33591.22 33688.28 33785.35 33882.45 33979.55 34076.68 34173.82 34270.83 34367.72 34464.62 34561.54 34658.48 34755.43 34852.4 34949.39 35046.4 35143.42 35240.46 35337.52 -9999 -9999 -9999 -9999 -9999 -9999 -9999 -9999 -9999 -9999 -9999 -9999 -9999 -9999 -9999 -9999 -9999 -9999 -9999 -9999
31100.48 31196.96 31293.45 31389.97 31486.51 31583.06 31679.65 31776.25 31872.87 31969.52 32066.18 32162.87 32259.57 32356.3 32453.04 32549.81 32646.59 32743.4 32840.22 32937.06 33033.92 33130.8 33227.7 33324.62 33421.55 33518.5 33615.47 33712.46 33809.46 33906.49 34003.53 34100.59 34197.66 34294.75 34391.86 34488.98 34586.13 34683.14 34780.02 34876.93 34973.85 35070.79 35167.74 -9999 -9999 -9999 -9999 -9999 -9999 -9999 -9999 -9999 -9999 -9999 -9999 -9999 -9999 -9999 -9999 -9999 -9999 -9999 -9999 -9999 -9999
31127 31223.39 31319.8 31416.24 31512.7 31609.18 31705.68 31802.2 31898.75 31995.31 32091.9 32188.51 32285.14 32381.79 32478.46 32575.14 32671.85 32768.58 32865.33 32962.1 33058.89 33155.69 33252.52 33349.36 33446.23 33543.11 33640.01 33736.92 33833.86 33930.81 34027.78 34124.77 34221.78 34318.8 34415.84 34512.89 34609.97 34707.06 34804.17 34901.29 -9999 -9999 -9999 -9999 -9999 -9999 -9999 -9999 -9999 -9999 -9999 -9999 -9999 -9999 -9999 -9999 -9999 -9999 -9999 -9999 -9999 -9999 -9999 -9999 -9999
31153.81 31250.12 31346.45 31442.8 31539.18 31635.58 31732 31828.45 31924.91 32021.4 32117.91 32214.44 32310.99 32407.56 32504.15 32600.77 32697.4 32794.05 32890.73 32987.42 33084.14 33180.87 33277.62 33374.39 33471.18 33567.99 33664.82 33761.66 33858.53 33955.41 34052.31 34149.23 34246.17 34343.12 34440.09 34537.08 34634.09 34731.11 -9999 -9999 -9999 -9999 -9999 -9999 -9999 -9999 -9999 -9999 -9999 -9999 -9999 -9999 -9999 -9999 -9999 -9999 -9999 -9999 -9999 -9999 -9999 -9999 -9999 -9999 -9999
31180.92 31277.15 31373.4 31469.67 31565.96 31662.28 31758.62 31854.98 31951.37 32047.78 32144.21 32240.66 32337.13 32433.63 32530.14 32626.68 32723.23 32819.81 32916.41 33013.03 33109.67 33206.32 33303 33399.7 33496.42 33593.15 33689.91 33786.68 33883.48 33980.29 34077.12 34173.96 34270.83 34367.72 34464.62 34561.54 -9999 -9999 -9999 -9999 -9999 -9999 -9999 -9999 -9999 -9999 -9999 -9999 -9999 -9999 -9999 -9999 -9999 -9999 -9999 -9999 -9999 -9999 -9999 -9999 -9999 -9999 -9999 -9999 -9999
31208.33 31304.47 31400.64 31496.83 31593.04 31689.27 31785.53 31881.81 31978.12 32074.45 32170.79 32267.17 32363.56 32459.97 32556.41 32652.87 32749.35 32845.85 32942.38 33038.92 33135.48 33232.06 33328.67 33425.29 33521.93 33618.6 33715.28 33811.98 33908.7 34005.44 34102.2 34198.98 34295.77 34392.59 -9999 -9999 -9999 -9999 -9999 -9999 -9999 -9999 -9999 -9999 -9999 -9999 -9999 -9999 -9999 -9999 -9999 -9999 -9999 -9999 -9999 -9999 -9999 -9999 -9999 -9999 -9999 -9999 -9999 -9999 -9999
31236.04 31332.09 31428.17 31524.28 31620.4 31716.56 31812.73 31908.93 32005.16 32101.4 32197.67 32293.96 32390.28 32486.61 32582.97 32679.35 32775.75 32872.18 32968.62 33065.09 33161.57 33258.08 33354.61 33451.16 33547.73 33644.32 33740.93 33837.55 33934.2 34030.87 34127.55 -9999 -9999 -9999 -9999 -9999 -9999 -9999 -9999 -9999 -9999 -9999 -9999 -9999 -9999 -9999 -9999 -9999 -9999 -9999 -9999 -9999 -9999 -9999 -9999 -9999 -9999 -9999 -9999 -9999 -9999 -9999 -9999 -9999 -9999
31264.04 31360.01 31456 31552.02 31648.06 31744.13 31840.23 31936.34 32032.48 32128.65 32224.84 32321.04 32417.28 32513.54 32609.81 32706.12 32802.44 32898.79 32995.15 33091.54 33187.95 33284.38 33380.83 33477.3 33573.8 33670.31 33766.85 33863.4 33959.98 -9999 -9999 -9999 -9999 -9999 -9999 -9999 -9999 -9999 -9999 -9999 -9999 -9999 -9999 -9999 -9999 -9999 -9999 -9999 -9999 -9999 -9999 -9999 -9999 -9999 -9999 -9999 -9999 -9999 -9999 -9999 -9999 -9999 -9999 -9999 -9999
31292.33 31388.21 31484.12 31580.06 31676.02 31772 31868.01 31964.04 32060.1 32156.18 32252.29 32348.42 32444.57 32540.74 32636.94 32733.16 32829.41 32925.68 33021.96 33118.27 33214.61 33310.96 33407.34 33503.73 33600.15 33696.59 33793.05 -9999 -9999 -9999 -9999 -9999 -9999 -9999 -9999 -9999 -9999 -9999 -9999 -9999 -9999 -9999 -9999 -9999 -9999 -9999 -9999 -9999 -9999 -9999 -9999 -9999 -9999 -9999 -9999 -9999 -9999 -9999 -9999 -9999 -9999 -9999 -9999 -9999 -9999
31320.92 31416.71 31512.54 31608.38 31704.26 31800.16 31896.08 31992.03 32088 32184 32280.03 32376.07 32472.14 32568.24 32664.35 32760.49 32856.66 32952.84 33049.05 33145.29 33241.54 33337.82 33434.11 33530.43 -9999 -9999 -9999 -9999 -9999 -9999 -9999 -9999 -9999 -9999 -9999 -9999 -9999 -9999 -9999 -9999 -9999 -9999 -9999 -9999 -9999 -9999 -9999 -9999 -9999 -9999 -9999 -9999 -9999 -9999 -9999 -9999 -9999 -9999 -9999 -9999 -9999 -9999 -9999 -9999 -9999
31349.8 31445.51 31541.24 31637 31732.79 31828.6 31924.44 32020.31 32116.2 32212.11 32308.05 32404.01 32500 32596.01 32692.05 32788.11 32884.19 32980.3 33076.43 33172.58 33268.75 33364.95 -9999 -9999 -9999 -9999 -9999 -9999 -9999 -9999 -9999 -9999 -9999 -9999 -9999 -9999 -9999 -9999 -9999 -9999 -9999 -9999 -9999 -9999 -9999 -9999 -9999 -9999 -9999 -9999 -9999 -9999 -9999 -9999 -9999 -9999 -9999 -9999 -9999 -9999 -9999 -9999 -9999 -9999 -9999
31378.97 31474.59 31570.24 31665.91 31761.61 31857.34 31953.09 32048.87 32144.67 32240.5 32336.36 32432.24 32528.14 32624.07 32720.03 32816 32912 33008.03 33104.08 33200.15 -9999 -9999 -9999 -9999 -9999 -9999 -9999 -9999 -9999 -9999 -9999 -9999 -9999 -9999 -9999 -9999 -9999 -9999 -9999 -9999 -9999 -9999 -9999 -9999 -9999 -9999 -9999 -9999 -9999 -9999 -9999 -9999 -9999 -9999 -9999 -9999 -9999 -9999 -9999 -9999 -9999 -9999 -9999 -9999 -9999
31408.44 31503.97 31599.53 31695.11 31790.72 31886.36 31982.03 32077.72 32173.44 32269.18 32364.95 32460.75 32556.57 32652.41 32748.28 32844.18 32940.1 33036.04 -9999 -9999 -9999 -9999 -9999 -9999 -9999 -9999 -9999 -9999 -9999 -9999 -9999 -9999 -9999 -9999 -9999 -9999 -9999 -9999 -9999 -9999 -9999 -9999 -9999 -9999 -9999 -9999 -9999 -9999 -9999 -9999 -9999 -9999 -9999 -9999 -9999 -9999 -9999 -9999 -9999 -9999 -9999 -9999 -9999 -9999 -9999
31438.19 31533.63 31629.1 31724.6 31820.12 31915.67 32011.25 32106.85 32202.48 32298.14 32393.83 32489.54 32585.27 32681.04 32776.82 -9999 -9999 -9999 -9999 -9999 -9999 -9999 -9999 -9999 -9999 -9999 -9999 -9999 -9999 -9999 -9999 -9999 -9999 -9999 -9999 -9999 -9999 -9999 -9999 -9999 -9999 -9999 -9999 -9999 -9999 -9999 -9999 -9999 -9999 -9999 -9999 -9999 -9999 -9999 -9999 -9999 -9999 -9999 -9999 -9999 -9999 -9999 -9999 -9999 -9999
