InputData/dist_1.txt
ncols         190
nrows         450
xllcorner     516647.11496389
yllcorner     8216953.5157388
cellsize      100
NODATA_value  -9999
[rows 261 to 289 of 450, columns 0 to 66 of 190]
-9999 -9999 -9999 -9999 -9999 -9999 -9999 -9999 -9999 -9999 -9999 -9999 -9999 -9999 -9999 -9999 -9999 -9999 -9999 -9999 -9999 -9999 -9999 -9999 -9999 41963.44 41868.61 41773.8 41679.01 41584.25 41489.28 41394.32 41299.39 41204.49 41109.61 41014.75 40919.92 40825.11 40730.33 40635.57 40540.6 40445.64 40350.71 40255.81 40160.93 40066.07 39971.24 39876.43 39781.65 39686.9 39591.92 39496.96 39402.03 39307.13 39212.24 39117.39 39022.56 38927.75 38832.98 38738.22 38643.24 38548.28 38453.35 38358.44 38263.56 38168.7 38073.88
-9999 -9999 -9999 -9999 -9999 -9999 -9999 -9999 -9999 -9999 -9999 -9999 -9999 -9999 -9999 -9999 -9999 -9999 -9999 -9999 -9999 -9999 -9999 -9999 -9999 41931.85 41836.95 41742.07 41647.21 41552.38 41457.57 41362.79 41268.03 41173.05 41078.1 40983.17 40888.26 40793.38 40698.53 40603.7 40508.89 40414.11 40319.35 40224.37 40129.41 40034.48 39939.58 39844.7 39749.84 39655.01 39560.21 39465.43 39370.68 39275.69 39180.73 39085.8 38990.89 38896.02 38801.16 38706.33 38611.53 38516.75 38422 38327.02 38232.05 38137.12 38042.21
-9999 -9999 -9999 -9999 -9999 -9999 -9999 -9999 -9999 -9999 -9999 -9999 -9999 -9999 -9999 -9999 -9999 -9999 -9999 -9999 -9999 -9999 -9999 -9999 -9999 41900.48 41805.5 41710.55 41615.62 41520.72 41425.84 41330.98 41236.15 41141.34 41046.56 40951.8 40856.82 40761.87 40666.94 40572.04 40477.15 40382.3 40287.47 40192.66 40097.88 40003.13 39908.14 39813.19 39718.26 39623.35 39528.47 39433.61 39338.79 39243.98 39149.2 39054.45 38959.46 38864.51 38769.57 38674.67 38579.79 38484.93 38390.1 38295.3 38200.52 38105.77 38010.79
-9999 -9999 -9999 -9999 -9999 -9999 -9999 -9999 -9999 -9999 -9999 -9999 -9999 -9999 -9999 -9999 -9999 -9999 -9999 -9999 -9999 -9999 -9999 -9999 -9999 41869.32 41774.27 41679.25 41584.25 41489.28 41394.32 41299.39 41204.49 41109.61 41014.75 40919.92 40825.11 40730.33 40635.57 40540.6 40445.64 40350.71 40255.81 40160.93 40066.07 39971.24 39876.43 39781.65 39686.9 39591.92 39496.96 39402.03 39307.13 39212.24 39117.39 39022.56 38927.75 38832.98 38738.22 38643.24 38548.28 38453.35 38358.44 38263.56 38168.7 38073.88 37979.07
-9999 -9999 -9999 -9999 -9999 -9999 -9999 -9999 -9999 -9999 -9999 -9999 -9999 -9999 -9999 -9999 -9999 -9999 -9999 -9999 -9999 -9999 -9999 -9999 -9999 41838.38 41743.26 41648.17 41553.1 41458.05 41363.03 41268.03 41173.05 41078.1 40983.17 40888.26 40793.38 40698.53 40603.7 40508.89 40414.11 40319.35 40224.37 40129.41 40034.48 39939.58 39844.7 39749.84 39655.01 39560.21 39465.43 39370.68 39275.69 39180.73 39085.8 38990.89 38896.02 38801.16 38706.33 38611.53 38516.75 38422 38327.02 38232.05 38137.12 38042.21 37947.33
-9999 -9999 -9999 -9999 -9999 -9999 -9999 -9999 -9999 -9999 -9999 -9999 -9999 -9999 -9999 -9999 -9999 -9999 -9999 -9999 -9999 -9999 -9999 -9999 -9999 41807.66 41712.47 41617.3 41522.16 41427.04 41331.95 41236.88 41141.83 41046.8 40951.8 40856.82 40761.87 40666.94 40572.04 40477.15 40382.3 40287.47 40192.66 40097.88 40003.13 39908.14 39813.19 39718.26 39623.35 39528.47 39433.61 39338.79 39243.98 39149.2 39054.45 38959.46 38864.51 38769.57 38674.67 38579.79 38484.93 38390.1 38295.3 38200.52 38105.77 38010.79 37915.83
-9999 -9999 -9999 -9999 -9999 -9999 -9999 -9999 -9999 -9999 -9999 -9999 -9999 -9999 -9999 -9999 -9999 -9999 -9999 -9999 -9999 -9999 -9999 -9999 -9999 41777.15 41681.89 41586.66 41491.45 41396.26 41301.09 41205.95 41110.82 41015.73 40920.66 40825.61 40730.58 40635.57 40540.6 40445.64 40350.71 40255.81 40160.93 40066.07 39971.24 39876.43 39781.65 39686.9 39591.92 39496.96 39402.03 39307.13 39212.24 39117.39 39022.56 38927.75 38832.98 38738.22 38643.24 38548.28 38453.35 38358.44 38263.56 38168.7 38073.88 37979.07 37884.3
-9999 -9999 -9999 -9999 -9999 -9999 -9999 -9999 -9999 -9999 -9999 -9999 -9999 -9999 -9999 -9999 -9999 -9999 -9999 -9999 -9999 -9999 -9999 -9999 -9999 41746.86 41651.53 41556.23 41460.95 41365.69 41270.45 41175.23 41080.04 40984.88 40889.73 40794.61 40699.51 40604.43 40509.38 40414.36 40319.35 40224.37 40129.41 40034.48 39939.58 39844.7 39749.84 39655.01 39560.21 39465.43 39370.68 39275.69 39180.73 39085.8 38990.89 38896.02 38801.16 38706.33 38611.53 38516.75 38422 38327.02 38232.05 38137.12 38042.21 37947.33 37852.48
-9999 -9999 -9999 -9999 -9999 -9999 -9999 -9999 -9999 -9999 -9999 -9999 -9999 -9999 -9999 -9999 -9999 -9999 -9999 -9999 -9999 -9999 -9999 -9999 -9999 41716.78 41621.39 41526.02 41430.66 41335.34 41240.03 41144.75 41049.48 40954.24 40859.03 40763.83 40668.66 40573.51 40478.39 40383.29 40288.21 40193.16 40098.13 40003.13 39908.14 39813.19 39718.26 39623.35 39528.47 39433.61 39338.79 39243.98 39149.2 39054.45 38959.46 38864.51 38769.57 38674.67 38579.79 38484.93 38390.1 38295.3 38200.52 38105.77 38010.79 37915.83 37820.89
-9999 -9999 -9999 -9999 -9999 -9999 -9999 -9999 -9999 -9999 -9999 -9999 -9999 -9999 -9999 -9999 -9999 -9999 -9999 -9999 -9999 -9999 -9999 -9999 -9999 41686.93 41591.46 41496.02 41400.61 41305.21 41209.83 41114.47 41019.14 40923.83 40828.54 40733.28 40638.04 40542.82 40447.62 40352.45 40257.3 40162.17 40067.07 39971.99 39876.94 39781.91 39686.9 39591.92 39496.96 39402.03 39307.13 39212.24 39117.39 39022.56 38927.75 38832.98 38738.22 38643.24 38548.28 38453.35 38358.44 38263.56 38168.7 38073.88 37979.07 37884.3 37789.55
-9999 -9999 -9999 -9999 -9999 -9999 -9999 -9999 -9999 -9999 -9999 -9999 -9999 -9999 -9999 -9999 -9999 -9999 -9999 -9999 -9999 -9999 -9999 -9999 -9999 41657.29 41561.76 41466.25 41370.76 41275.3 41179.85 41084.43 40989.02 40893.64 40798.29 40702.95 40607.63 40512.34 40417.07 40321.83 40226.61 40131.41 40036.23 39941.08 39845.95 39750.85 39655.77 39560.71 39465.68 39370.68 39275.69 39180.73 39085.8 38990.89 38896.02 38801.16 38706.33 38611.53 38516.75 38422 38327.02 38232.05 38137.12 38042.21 37947.33 37852.48 37757.65
-9999 -9999 -9999 -9999 -9999 -9999 -9999 -9999 -9999 -9999 -9999 -9999 -9999 -9999 -9999 -9999 -9999 -9999 -9999 -9999 -9999 -9999 -9999 -9999 -9999 41627.88 41532.28 41436.7 41341.14 41245.61 41150.09 41054.6 40959.13 40863.68 40768.25 40672.84 40577.46 40482.09 40386.75 40291.44 40196.14 40100.87 40005.63 39910.4 39815.2 39720.02 39624.87 39529.73 39434.63 39339.55 39244.49 39149.46 39054.45 38959.46 38864.51 38769.57 38674.67 38579.79 38484.93 38390.1 38295.3 38200.52 38105.77 38010.79 37915.83 37820.89 37725.98
-9999 -9999 -9999 -9999 -9999 -9999 -9999 -9999 -9999 -9999 -9999 -9999 -9999 -9999 -9999 -9999 -9999 -9999 -9999 -9999 -9999 -9999 -9999 -9999 -9999 41598.68 41503.01 41407.37 41311.74 41216.14 41120.55 41024.99 40929.45 40833.93 40738.43 40642.96 40547.5 40452.07 40356.66 40261.27 40165.91 40070.56 39975.24 39879.95 39784.67 39689.42 39594.19 39498.99 39403.81 39308.65 39213.52 39118.41 39023.33 38928.27 38833.23 38738.22 38643.24 38548.28 38453.35 38358.44 38263.56 38168.7 38073.88 37979.07 37884.3 37789.55 37694.56
-9999 -9999 -9999 -9999 -9999 -9999 -9999 -9999 -9999 -9999 -9999 -9999 -9999 -9999 -9999 -9999 -9999 -9999 -9999 -9999 -9999 -9999 -9999 -9999 -9999 41569.7 41473.97 41378.25 41282.56 41186.89 41091.24 40995.61 40900 40804.41 40708.84 40613.3 40517.77 40422.27 40326.79 40231.33 40135.89 40040.48 39945.09 39849.72 39754.37 39659.05 39563.75 39468.47 39373.21 39277.98 39182.78 39087.59 38992.43 38897.3 38802.19 38707.11 38612.04 38517.01 38422 38327.02 38232.05 38137.12 38042.21 37947.33 37852.48 37757.65 37662.85
-9999 -9999 -9999 -9999 -9999 -9999 -9999 -9999 -9999 -9999 -9999 -9999 -9999 -9999 -9999 -9999 -9999 -9999 -9999 -9999 -9999 -9999 -9999 -9999 -9999 41540.95 41445.14 41349.36 41253.61 41157.87 41062.15 40966.45 40870.77 40775.11 40679.48 40583.86 40488.27 40392.7 40297.14 40201.62 40106.11 40010.63 39915.16 39819.72 39724.3 39628.9 39533.53 39438.18 39342.85 39247.55 39152.27 39057.01 38961.78 38866.57 38771.38 38676.22 38581.08 38485.97 38390.88 38295.82 38200.79 38105.77 38010.79 37915.83 37820.89 37725.98 37631.11
-9999 -9999 -9999 -9999 -9999 -9999 -9999 -9999 -9999 -9999 -9999 -9999 -9999 -9999 -9999 -9999 -9999 -9999 -9999 -9999 -9999 -9999 -9999 -9999 -9999 41512.41 41416.54 41320.7 41224.87 41129.07 41033.28 40937.51 40841.77 40746.04 40650.34 40554.66 40458.99 40363.35 40267.73 40172.13 40076.55 39981 39885.46 39789.95 39694.46 39598.99 39503.54 39408.12 39312.72 39217.34 39121.99 39026.66 38931.35 38836.07 38740.8 38645.57 38550.36 38455.17 38360 38264.87 38169.75 38074.66 37979.6 37884.56 37789.55 37694.56 37599.6
-9999 -9999 -9999 -9999 -9999 -9999 -9999 -9999 -9999 -9999 -9999 -9999 -9999 -9999 -9999 -9999 -9999 -9999 -9999 -9999 -9999 -9999 -9999 -9999 -9999 41484.09 41388.16 41292.25 41196.36 41100.49 41004.63 40908.8 40812.99 40717.2 40621.42 40525.67 40429.94 40334.23 40238.54 40142.87 40047.22 39951.6 39855.99 39760.41 39664.85 39569.3 39473.79 39378.29 39282.82 39187.37 39091.94 38996.54 38901.16 38805.8 38710.46 38615.15 38519.86 38424.6 38329.36 38234.15 38138.96 38043.79 37948.65 37853.54 37758.44 37663.38 37568.34
-9999 -9999 -9999 -9999 -9999 -9999 -9999 -9999 -9999 -9999 -9999 -9999 -9999 -9999 -9999 -9999 -9999 -9999 -9999 -9999 -9999 -9999 -9999 -9999 -9999 41456 41360 41264.03 41168.07 41072.13 40976.21 40880.31 40784.43 40688.57 40592.73 40496.91 40401.11 40305.34 40209.57 40113.84 40018.12 39922.43 39826.75 39731.1 39635.46 39539.85 39444.27 39348.7 39253.15 39157.63 39062.13 38966.65 38871.2 38775.77 38680.36 38584.97 38489.61 38394.27 38298.96 38203.66 38108.4 38013.16 37917.94 37822.75 37727.57 37632.43 37537.32
-9999 -9999 -9999 -9999 -9999 -9999 -9999 -9999 -9999 -9999 -9999 -9999 -9999 -9999 -9999 -9999 -9999 -9999 -9999 -9999 -9999 -9999 -9999 -9999 -9999 41428.13 41332.07 41236.03 41140 41044 40948.02 40852.05 40756.11 40660.18 40564.27 40468.38 40372.52 40276.67 40180.84 40085.04 39989.25 39893.48 39797.74 39702.02 39606.31 39510.63 39414.97 39319.33 39223.72 39128.12 39032.55 38937 38841.47 38745.97 38650.48 38555.03 38459.59 38364.18 38268.79 38173.42 38078.08 37982.76 37887.46 37792.2 37696.95 37601.73 37506.53
-9999 -9999 -9999 -9999 -9999 -9999 -9999 -9999 -9999 -9999 -9999 -9999 -9999 -9999 -9999 -9999 -9999 -9999 -9999 -9999 -9999 -9999 -9999 -9999 -9999 41400.48 41304.36 41208.25 41112.16 41016.09 40920.04 40824.01 40728 40632.01 40536.04 40440.08 40344.14 40248.23 40152.34 40056.46 39960.61 39864.77 39768.96 39673.16 39577.39 39481.64 39385.91 39290.2 39194.52 39098.85 39003.2 38907.58 38811.98 38716.41 38620.85 38525.32 38429.8 38334.32 38238.86 38143.41 38048 37952.6 37857.23 37761.89 37666.56 37571.27 37475.99
-9999 -9999 -9999 -9999 -9999 -9999 -9999 -9999 -9999 -9999 -9999 -9999 -9999 -9999 -9999 -9999 -9999 -9999 -9999 -9999 -9999 -9999 -9999 -9999 -9999 41373.06 41276.87 41180.7 41084.55 40988.41 40892.3 40796.2 40700.12 40604.06 40508.02 40412 40316 40220.02 40124.06 40028.11 39932.19 39836.29 39740.41 39644.55 39548.7 39452.88 39357.08 39261.3 39165.55 39069.81 38974.09 38878.4 38782.73 38687.08 38591.45 38495.84 38400.26 38304.7 38209.16 38113.64 38018.15 37922.68 37827.24 37731.82 37636.42 37541.04 37445.7
-9999 -9999 -9999 -9999 -9999 -9999 -9999 -9999 -9999 -9999 -9999 -9999 -9999 -9999 -9999 -9999 -9999 -9999 -9999 -9999 -9999 -9999 -9999 -9999 -9999 41345.86 41249.61 41153.37 41057.16 40960.96 40864.78 40768.62 40672.47 40576.35 40480.24 40384.16 40288.09 40192.04 40096.01 40000 39904.01 39808.04 39712.09 39616.16 39520.25 39424.36 39328.49 39232.64 39136.81 39041 38945.22 38849.45 38753.71 38657.99 38562.29 38466.61 38370.95 38275.32 38179.71 38084.12 37988.55 37893.01 37797.49 37701.99 37606.52 37511.07 37415.64
-9999 -9999 -9999 -9999 -9999 -9999 -9999 -9999 -9999 -9999 -9999 -9999 -9999 -9999 -9999 -9999 -9999 -9999 -9999 -9999 -9999 -9999 -9999 -9999 -9999 41318.88 41222.57 41126.27 41029.99 40933.73 40837.48 40741.26 40645.05 40548.86 40452.69 40356.54 40260.4 40164.29 40068.19 39972.12 39876.06 39780.02 39684 39588 39492.02 39396.07 39300.13 39204.21 39108.31 39012.43 38916.58 38820.74 38724.93 38629.13 38533.36 38437.61 38341.88 38246.18 38150.49 38054.83 37959.19 37863.57 37767.98 37672.4 37576.86 37481.33 37385.83
-9999 -9999 -9999 -9999 -9999 -9999 -9999 -9999 -9999 -9999 -9999 -9999 -9999 -9999 -9999 -9999 -9999 -9999 -9999 -9999 -9999 -9999 -9999 -9999 -9999 41292.13 41195.75 41099.39 41003.05 40906.72 40810.41 40714.13 40617.85 40521.6 40425.36 40329.14 40232.95 40136.77 40040.61 39944.46 39848.34 39752.23 39656.15 39560.08 39464.04 39368.01 39272 39176.01 39080.05 38984.1 38888.17 38792.27 38696.38 38600.52 38504.68 38408.85 38313.05 38217.27 38121.52 38025.78 37930.07 37834.38 37738.71 37643.06 37547.44 37451.84 37356.26
-9999 -9999 -9999 -9999 -9999 -9999 -9999 -9999 -9999 -9999 -9999 -9999 -9999 -9999 -9999 -9999 -9999 -9999 -9999 -9999 -9999 -9999 -9999 -9999 -9999 41265.6 41169.16 41072.74 40976.34 40879.95 40783.57 40687.22 40590.89 40494.57 40398.27 40301.98 40205.72 40109.48 40013.25 39917.04 39820.85 39724.68 39628.52 39532.39 39436.28 39340.18 39244.11 39148.05 39052.02 38956 38860 38764.03 38668.07 38572.14 38476.23 38380.33 38284.46 38188.61 38092.78 37996.97 37901.19 37805.42 37709.68 37613.96 37518.26 37422.59 37326.93
-9999 -9999 -9999 -9999 -9999 -9999 -9999 -9999 -9999 -9999 -9999 -9999 -9999 -9999 -9999 -9999 -9999 -9999 -9999 -9999 -9999 -9999 -9999 -9999 -9999 41239.3 41142.8 41046.32 40949.85 40853.39 40756.96 40660.55 40564.15 40467.77 40371.4 40275.05 40178.73 40082.41 39986.12 39889.85 39793.59 39697.36 39601.14 39504.94 39408.75 39312.59 39216.45 39120.33 39024.22 38928.14 38832.07 38736.03 38640 38544 38448.02 38352.05 38256.11 38160.19 38064.29 37968.41 37872.55 37776.71 37680.9 37585.1 37489.33 37393.58 37297.86
-9999 -9999 -9999 -9999 -9999 -9999 -9999 -9999 -9999 -9999 -9999 -9999 -9999 -9999 -9999 -9999 -9999 -9999 -9999 -9999 -9999 -9999 -9999 -9999 -9999 41213.23 41116.66 41020.12 40923.59 40827.07 40730.58 40634.1 40537.64 40441.19 40344.77 40248.36 40151.96 40055.59 39959.23 39862.89 39766.57 39670.27 39573.98 39477.71 39381.47 39285.24 39189.03 39092.84 38996.67 38900.52 38804.38 38708.27 38612.18 38516.1 38420.05 38324.01 38228 38132.01 38036.04 37940.09 37844.15 37748.25 37652.36 37556.49 37460.64 37364.82 37269.02
-9999 -9999 -9999 -9999 -9999 -9999 -9999 -9999 -9999 -9999 -9999 -9999 -9999 -9999 -9999 -9999 -9999 -9999 -9999 -9999 -9999 -9999 -9999 -9999 -9999 41187.38 41090.75 40994.14 40897.55 40800.98 40704.42 40607.88 40511.36 40414.85 40318.36 40221.88 40125.43 40028.99 39932.57 39836.16 39739.78 39643.41 39547.06 39450.73 39354.41 39258.12 39161.84 39065.59 38969.35 38873.13 38776.93 38680.75 38584.58 38488.44 38392.32 38296.21 38200.13 38104.07 38008.03 37912 37816 37720.02 37624.06 37528.12 37432.21 37336.31 37240.43
-9999 -9999 -9999 -9999 -9999 -9999 -9999 -9999 -9999 -9999 -9999 -9999 -9999 -9999 -9999 -9999 -9999 -9999 -9999 -9999 -9999 -9999 -9999 -9999 -9999 41161.75 41065.07 40968.4 40871.75 40775.11 40678.5 40581.89 40485.3 40388.73 40292.18 40195.65 40099.13 40002.63 39906.14 39809.67 39713.22 39616.79 39520.38 39423.98 39327.6 39231.24 39134.89 39038.57 38942.27 38845.98 38749.71 38653.46 38557.23 38461.02 38364.83 38268.66 38172.5 38076.37 37980.26 37884.16 37788.09 37692.04 37596.01 37500 37404.01 37308.04 37212.09
