InputData/dist_1.txt
ncols         190
nrows         450
xllcorner     516647.11496389
yllcorner     8216953.5157388
cellsize      100
NODATA_value  -9999
[rows 174 to 202 of 450, columns 0 to 66 of 190]
-9999 -9999 -9999 -9999 -9999 -9999 -9999 -9999 -9999 -9999 -9999 -9999 -9999 -9999 -9999 -9999 -9999 -9999 -9999 -9999 -9999 -9999 -9999 -9999 45258.04 45168.57 45079.15 44989.78 44900.45 44811.16 44721.92 44632.72 44543.57 44454.47 44365.41 44276.41 44187.44 44098.53 44009.66 43920.84 43832.07 43743.34 43654.67 43566.04 43477.46 43388.94 43300.46 43212.04 43123.66 43035.34 42947.06 42858.84 42770.67 42682.55 42594.48 42506.47 42418.51 42330.61 42242.75 42154.95 42067.21 41979.52 41891.88 41804.3 41716.78 41629.32 41541.91
-9999 -9999 -9999 -9999 -9999 -9999 -9999 -9999 -9999 -9999 -9999 -9999 -9999 -9999 -9999 -9999 -9999 -9999 -9999 -9999 -9999 -9999 -9999 -9999 45213.49 45123.94 45034.43 44944.96 44855.55 44766.17 44676.84 44587.55 44498.32 44409.12 44319.97 44230.87 44141.82 44052.81 43963.85 43874.94 43786.07 43697.25 43608.48 43519.77 43431.09 43342.47 43253.9 43165.38 43076.91 42988.49 42900.12 42811.8 42723.53 42635.31 42547.15 42459.04 42370.98 42282.98 42195.02 42107.13 42019.28 41931.49 41843.76 41756.08 41668.45 41580.89 41493.37
-9999 -9999 -9999 -9999 -9999 -9999 -9999 -9999 -9999 -9999 -9999 -9999 -9999 -9999 -9999 -9999 -9999 -9999 -9999 -9999 -9999 -9999 -9999 -9999 45169.13 45079.48 44989.89 44900.34 44810.82 44721.36 44631.94 44542.56 44453.23 44363.95 44274.71 44185.52 44096.37 44007.27 43918.22 43829.21 43740.26 43651.35 43562.48 43473.67 43384.91 43296.19 43207.52 43118.91 43030.34 42941.82 42853.36 42764.94 42676.57 42588.26 42500 42411.79 42323.63 42235.53 42147.48 42059.48 41971.54 41883.65 41795.81 41708.03 41620.31 41532.64 41445.02
-9999 -9999 -9999 -9999 -9999 -9999 -9999 -9999 -9999 -9999 -9999 -9999 -9999 -9999 -9999 -9999 -9999 -9999 -9999 -9999 -9999 -9999 -9999 -9999 45124.94 45035.21 44945.52 44855.88 44766.28 44676.73 44587.22 44497.75 44408.33 44318.96 44229.63 44140.34 44051.11 43961.91 43872.77 43783.67 43694.62 43605.62 43516.66 43427.76 43338.9 43250.09 43161.32 43072.61 42983.95 42895.34 42806.77 42718.26 42629.8 42541.39 42453.03 42364.73 42276.47 42188.27 42100.12 42012.02 41923.98 41835.99 41748.05 41660.17 41572.35 41484.57 41396.86
-9999 -9999 -9999 -9999 -9999 -9999 -9999 -9999 -9999 -9999 -9999 -9999 -9999 -9999 -9999 -9999 -9999 -9999 -9999 -9999 -9999 -9999 -9999 -9999 45080.93 44991.11 44901.34 44811.61 44721.92 44632.27 44542.68 44453.12 44363.61 44274.14 44184.73 44095.35 44006.02 43916.74 43827.5 43738.31 43649.17 43560.07 43471.02 43382.02 43293.07 43204.17 43115.31 43026.5 42937.75 42849.04 42760.38 42671.77 42583.21 42494.71 42406.25 42317.84 42229.49 42141.19 42052.94 41964.75 41876.61 41788.52 41700.48 41612.5 41524.57 41436.7 41348.88
-9999 -9999 -9999 -9999 -9999 -9999 -9999 -9999 -9999 -9999 -9999 -9999 -9999 -9999 -9999 -9999 -9999 -9999 -9999 -9999 -9999 -9999 -9999 -9999 45037.1 44947.19 44857.33 44767.51 44677.73 44588 44498.32 44408.67 44319.07 44229.52 44140 44050.54 43961.12 43871.75 43782.42 43693.13 43603.9 43514.71 43425.57 43336.47 43247.43 43158.43 43069.48 42980.58 42891.72 42802.92 42714.17 42625.46 42536.81 42448.2 42359.65 42271.15 42182.7 42094.3 42005.95 41917.66 41829.41 41741.23 41653.09 41565.01 41476.98 41389.01 41301.09
-9999 -9999 -9999 -9999 -9999 -9999 -9999 -9999 -9999 -9999 -9999 -9999 -9999 -9999 -9999 -9999 -9999 -9999 -9999 -9999 -9999 -9999 -9999 -9999 44993.45 44903.45 44813.5 44723.59 44633.73 44543.91 44454.13 44364.4 44274.71 44185.07 44095.46 44005.91 43916.4 43826.93 43737.51 43648.14 43558.81 43469.53 43380.3 43291.11 43201.97 43112.88 43023.83 42934.84 42845.89 42756.99 42668.14 42579.34 42490.59 42401.89 42313.24 42224.64 42136.09 42047.59 41959.15 41870.75 41782.41 41694.13 41605.89 41517.71 41429.58 41341.5 41253.48
-9999 -9999 -9999 -9999 -9999 -9999 -9999 -9999 -9999 -9999 -9999 -9999 -9999 -9999 -9999 -9999 -9999 -9999 -9999 -9999 -9999 -9999 -9999 -9999 44949.97 44859.89 44769.86 44679.86 44589.91 44500 44410.13 44320.31 44230.53 44140.8 44051.11 43961.46 43871.86 43782.3 43692.79 43603.32 43513.91 43424.53 43335.21 43245.93 43156.69 43067.5 42978.37 42889.28 42800.23 42711.24 42622.29 42533.4 42444.55 42355.75 42267.01 42178.31 42089.67 42001.07 41912.53 41824.04 41735.6 41647.21 41558.88 41470.59 41382.36 41294.19 41206.07
-9999 -9999 -9999 -9999 -9999 -9999 -9999 -9999 -9999 -9999 -9999 -9999 -9999 -9999 -9999 -9999 -9999 -9999 -9999 -9999 -9999 -9999 -9999 -9999 44906.68 44816.52 44726.39 44636.31 44546.27 44456.27 44366.32 44276.41 44186.54 44096.71 44006.93 43917.2 43827.5 43737.86 43648.25 43558.7 43469.18 43379.72 43290.3 43200.93 43111.6 43022.32 42933.09 42843.9 42754.77 42665.68 42576.64 42487.64 42398.7 42309.81 42220.96 42132.17 42043.43 41954.74 41866.1 41777.51 41688.97 41600.48 41512.05 41423.66 41335.34 41247.06 41158.84
-9999 -9999 -9999 -9999 -9999 -9999 -9999 -9999 -9999 -9999 -9999 -9999 -9999 -9999 -9999 -9999 -9999 -9999 -9999 -9999 -9999 -9999 -9999 -9999 44863.57 44773.32 44683.11 44592.94 44502.81 44412.72 44322.68 44232.68 44142.72 44052.81 43962.94 43873.11 43783.33 43693.59 43603.9 43514.25 43424.65 43335.09 43245.58 43156.11 43066.69 42977.32 42887.99 42798.71 42709.48 42620.3 42531.16 42442.08 42353.04 42264.05 42175.11 42086.22 41997.38 41908.59 41819.85 41731.16 41642.53 41553.94 41465.41 41376.93 41288.5 41200.12 41111.8
-9999 -9999 -9999 -9999 -9999 -9999 -9999 -9999 -9999 -9999 -9999 -9999 -9999 -9999 -9999 -9999 -9999 -9999 -9999 -9999 -9999 -9999 -9999 -9999 44820.64 44730.3 44640 44549.75 44459.53 44369.36 44279.23 44189.14 44099.09 44009.09 43919.13 43829.21 43739.34 43649.51 43559.73 43469.99 43380.3 43290.64 43201.04 43111.48 43021.97 42932.5 42843.09 42753.71 42664.39 42575.11 42485.88 42396.7 42307.56 42218.48 42129.45 42040.46 41951.52 41862.63 41773.8 41685.01 41596.27 41507.59 41418.96 41330.38 41241.85 41153.37 41064.95
-9999 -9999 -9999 -9999 -9999 -9999 -9999 -9999 -9999 -9999 -9999 -9999 -9999 -9999 -9999 -9999 -9999 -9999 -9999 -9999 -9999 -9999 -9999 -9999 44777.89 44687.47 44597.09 44506.74 44416.44 44326.18 44235.96 44145.78 44055.65 43965.55 43875.5 43785.5 43695.54 43605.62 43515.75 43425.91 43336.13 43246.39 43156.69 43067.04 42977.44 42887.88 42798.36 42708.9 42619.48 42530.11 42440.78 42351.5 42262.28 42173.09 42083.96 41994.88 41905.85 41816.86 41727.93 41639.04 41550.21 41461.43 41372.7 41284.02 41195.39 41106.81 41018.29
-9999 -9999 -9999 -9999 -9999 -9999 -9999 -9999 -9999 -9999 -9999 -9999 -9999 -9999 -9999 -9999 -9999 -9999 -9999 -9999 -9999 -9999 -9999 -9999 44735.33 44644.82 44554.35 44463.92 44373.53 44283.18 44192.87 44102.61 44012.38 43922.2 43832.07 43741.97 43651.92 43561.91 43471.95 43382.02 43292.15 43202.32 43112.53 43022.79 42933.09 42843.44 42753.83 42664.27 42574.76 42485.29 42395.87 42306.5 42217.18 42127.9 42038.67 41949.49 41860.36 41771.28 41682.25 41593.27 41504.34 41415.46 41326.63 41237.85 41149.12 41060.44 40971.82
-9999 -9999 -9999 -9999 -9999 -9999 -9999 -9999 -9999 -9999 -9999 -9999 -9999 -9999 -9999 -9999 -9999 -9999 -9999 -9999 -9999 -9999 -9999 -9999 44692.95 44602.36 44511.8 44421.28 44330.8 44240.37 44149.97 44059.62 43969.31 43879.04 43788.81 43698.63 43608.48 43518.39 43428.33 43338.32 43248.35 43158.43 43068.55 42978.71 42888.93 42799.18 42709.48 42619.83 42530.22 42440.66 42351.15 42261.68 42172.27 42082.89 41993.57 41904.3 41815.07 41725.89 41636.76 41547.68 41458.65 41369.68 41280.75 41191.87 41103.04 41014.27 40925.54
-9999 -9999 -9999 -9999 -9999 -9999 -9999 -9999 -9999 -9999 -9999 -9999 -9999 -9999 -9999 -9999 -9999 -9999 -9999 -9999 -9999 -9999 -9999 -9999 44650.76 44560.07 44469.43 44378.82 44288.26 44197.74 44107.25 44016.82 43926.41 43836.06 43745.74 43655.47 43565.24 43475.05 43384.91 43294.8 43204.75 43114.73 43024.76 42934.84 42844.95 42755.12 42665.32 42575.58 42485.88 42396.23 42306.62 42217.06 42127.54 42038.08 41948.66 41859.29 41769.96 41680.69 41591.46 41502.29 41413.16 41324.09 41235.06 41146.08 41057.16 40968.28 40879.46
-9999 -9999 -9999 -9999 -9999 -9999 -9999 -9999 -9999 -9999 -9999 -9999 -9999 -9999 -9999 -9999 -9999 -9999 -9999 -9999 -9999 -9999 -9999 -9999 44608.74 44517.97 44427.24 44336.55 44245.9 44155.29 44064.73 43974.2 43883.71 43793.27 43702.86 43612.5 43522.18 43431.9 43341.66 43251.47 43161.32 43071.22 42981.16 42891.14 42801.17 42711.24 42621.36 42531.52 42441.73 42351.98 42262.28 42172.62 42083.01 41993.45 41903.94 41814.47 41725.05 41635.68 41546.36 41457.09 41367.86 41278.69 41189.56 41100.49 41011.46 40922.49 40833.57
-9999 -9999 -9999 -9999 -9999 -9999 -9999 -9999 -9999 -9999 -9999 -9999 -9999 -9999 -9999 -9999 -9999 -9999 -9999 -9999 -9999 -9999 -9999 -9999 44566.91 44476.06 44385.25 44294.47 44203.73 44113.04 44022.38 43931.77 43841.19 43750.66 43660.16 43569.71 43479.3 43388.94 43298.61 43208.33 43118.09 43027.9 42937.75 42847.64 42757.57 42667.55 42577.58 42487.64 42397.76 42307.92 42218.13 42128.38 42038.67 41949.02 41859.41 41769.84 41680.33 41590.86 41501.45 41412.07 41322.75 41233.48 41144.26 41055.09 40965.96 40876.89 40787.87
-9999 -9999 -9999 -9999 -9999 -9999 -9999 -9999 -9999 -9999 -9999 -9999 -9999 -9999 -9999 -9999 -9999 -9999 -9999 -9999 -9999 -9999 -9999 -9999 44525.27 44434.33 44343.43 44252.57 44161.75 44070.96 43980.22 43889.52 43798.86 43708.24 43617.66 43527.12 43436.62 43346.16 43255.75 43165.38 43075.05 42984.77 42894.52 42804.32 42714.17 42624.05 42533.99 42443.96 42353.98 42264.05 42174.16 42084.32 41994.52 41904.77 41815.07 41725.41 41635.8 41546.24 41456.72 41367.26 41277.84 41188.47 41099.15 41009.88 40920.66 40831.48 40742.36
-9999 -9999 -9999 -9999 -9999 -9999 -9999 -9999 -9999 -9999 -9999 -9999 -9999 -9999 -9999 -9999 -9999 -9999 -9999 -9999 -9999 -9999 -9999 -9999 44483.82 44392.79 44301.8 44210.86 44119.95 44029.08 43938.25 43847.46 43756.71 43666 43575.34 43484.71 43394.13 43303.58 43213.08 43122.62 43032.2 42941.82 42851.49 42761.2 42670.95 42580.75 42490.59 42400.47 42310.4 42220.38 42130.39 42040.46 41950.57 41860.72 41770.92 41681.17 41591.46 41501.81 41412.2 41322.63 41233.12 41143.65 41054.23 40964.86 40875.54 40786.27 40697.05
-9999 -9999 -9999 -9999 -9999 -9999 -9999 -9999 -9999 -9999 -9999 -9999 -9999 -9999 -9999 -9999 -9999 -9999 -9999 -9999 -9999 -9999 -9999 -9999 44442.55 44351.44 44260.37 44169.33 44078.34 43987.38 43896.47 43805.59 43714.76 43623.96 43533.21 43442.49 43351.82 43261.18 43170.59 43080.04 42989.54 42899.07 42808.64 42718.26 42627.93 42537.63 42447.38 42357.17 42267.01 42176.89 42086.82 41996.79 41906.8 41816.86 41726.97 41637.12 41547.32 41457.57 41367.86 41278.2 41188.59 41099.03 41009.51 40920.04 40830.63 40741.26 40651.94
-9999 -9999 -9999 -9999 -9999 -9999 -9999 -9999 -9999 -9999 -9999 -9999 -9999 -9999 -9999 -9999 -9999 -9999 -9999 -9999 -9999 -9999 -9999 -9999 44401.46 44310.27 44219.11 44128 44036.92 43945.88 43854.88 43763.91 43672.99 43582.11 43491.26 43400.46 43309.7 43218.98 43128.3 43037.66 42947.06 42856.5 42765.99 42675.52 42585.09 42494.71 42404.36 42314.06 42223.81 42133.6 42043.43 41953.31 41863.23 41773.2 41683.21 41593.27 41503.38 41413.52 41323.72 41233.96 41144.26 41054.6 40964.98 40875.42 40785.91 40696.44 40607.02
-9999 -9999 -9999 -9999 -9999 -9999 -9999 -9999 -9999 -9999 -9999 -9999 -9999 -9999 -9999 -9999 -9999 -9999 -9999 -9999 -9999 -9999 -9999 -9999 44360.57 44269.29 44178.05 44086.85 43995.68 43904.55 43813.47 43722.42 43631.41 43540.44 43449.51 43358.62 43267.77 43176.96 43086.19 42995.46 42904.78 42814.13 42723.53 42632.97 42542.45 42451.97 42361.54 42271.15 42180.8 42090.5 42000.24 41910.02 41819.85 41729.73 41639.64 41549.61 41459.62 41369.68 41279.78 41189.93 41100.12 41010.36 40920.66 40830.99 40741.38 40651.81 40562.3
-9999 -9999 -9999 -9999 -9999 -9999 -9999 -9999 -9999 -9999 -9999 -9999 -9999 -9999 -9999 -9999 -9999 -9999 -9999 -9999 -9999 -9999 -9999 -9999 44319.86 44228.5 44137.17 44045.89 43954.64 43863.43 43772.25 43681.12 43590.02 43498.96 43407.95 43316.97 43226.04 43135.14 43044.28 42953.46 42862.69 42771.95 42681.26 42590.61 42500 42409.43 42318.91 42228.43 42137.99 42047.59 41957.24 41866.93 41776.67 41686.45 41596.27 41506.14 41416.06 41326.02 41236.03 41146.08 41056.18 40966.33 40876.52 40786.76 40697.05 40607.39 40517.77
-9999 -9999 -9999 -9999 -9999 -9999 -9999 -9999 -9999 -9999 -9999 -9999 -9999 -9999 -9999 -9999 -9999 -9999 -9999 -9999 -9999 -9999 -9999 -9999 44279.34 44187.89 44096.48 44005.11 43913.78 43822.48 43731.22 43640 43548.82 43457.68 43366.58 43275.51 43184.49 43093.5 43002.56 42911.65 42820.79 42729.96 42639.18 42548.44 42457.74 42367.09 42276.47 42185.9 42095.37 42004.88 41914.44 41824.04 41733.68 41643.37 41553.1 41462.88 41372.7 41282.56 41192.48 41102.43 41012.44 40922.49 40832.59 40742.73 40652.92 40563.16 40473.45
-9999 -9999 -9999 -9999 -9999 -9999 -9999 -9999 -9999 -9999 -9999 -9999 -9999 -9999 -9999 -9999 -9999 -9999 -9999 -9999 -9999 -9999 -9999 -9999 44239.01 44147.48 44055.99 43964.53 43873.11 43781.73 43690.39 43599.08 43507.82 43416.59 43325.4 43234.25 43143.13 43052.06 42961.03 42870.04 42779.08 42688.17 42597.3 42506.47 42415.68 42324.93 42234.23 42143.56 42052.94 41962.36 41871.83 41781.34 41690.89 41600.48 41510.12 41419.8 41329.53 41239.3 41149.12 41058.98 40968.89 40878.84 40788.85 40698.89 40608.99 40519.13 40429.32
-9999 -9999 -9999 -9999 -9999 -9999 -9999 -9999 -9999 -9999 -9999 -9999 -9999 -9999 -9999 -9999 -9999 -9999 -9999 -9999 -9999 -9999 -9999 -9999 44198.87 44107.25 44015.68 43924.14 43832.64 43741.17 43649.74 43558.35 43467 43375.68 43284.41 43193.17 43101.97 43010.81 42919.69 42828.61 42737.57 42646.57 42555.61 42464.69 42373.81 42282.98 42192.18 42101.43 42010.71 41920.04 41829.41 41738.83 41648.29 41557.79 41467.34 41376.93 41286.56 41196.24 41105.96 41015.73 40925.54 40835.4 40745.3 40655.26 40565.26 40475.3 40385.39
-9999 -9999 -9999 -9999 -9999 -9999 -9999 -9999 -9999 -9999 -9999 -9999 -9999 -9999 -9999 -9999 -9999 -9999 -9999 -9999 -9999 -9999 -9999 -9999 44158.92 44067.22 43975.56 43883.94 43792.35 43700.8 43609.29 43517.81 43426.38 43334.97 43243.61 43152.29 43061 42969.76 42878.55 42787.38 42696.25 42605.16 42514.12 42423.11 42332.14 42241.21 42150.33 42059.48 41968.68 41877.92 41787.2 41696.52 41605.89 41515.3 41424.75 41334.25 41243.79 41153.37 41063 40972.67 40882.39 40792.16 40701.96 40611.82 40521.72 40431.67 40341.66
-9999 -9999 -9999 -9999 -9999 -9999 -9999 -9999 -9999 -9999 -9999 -9999 -9999 -9999 -9999 -9999 -9999 -9999 -9999 -9999 -9999 -9999 -9999 -9999 44119.16 44027.38 43935.63 43843.93 43752.26 43660.62 43569.03 43477.46 43385.94 43294.46 43203.01 43111.6 43020.23 42928.89 42837.6 42746.34 42655.13 42563.95 42472.82 42381.72 42290.66 42199.64 42108.67 42017.73 41926.84 41835.99 41745.18 41654.41 41563.69 41473 41382.36 41291.77 41201.21 41110.7 41020.24 40929.82 40839.44 40749.11 40658.82 40568.58 40478.39 40388.24 40298.14
-9999 -9999 -9999 -9999 -9999 -9999 -9999 -9999 -9999 -9999 -9999 -9999 -9999 -9999 -9999 -9999 -9999 -9999 -9999 -9999 -9999 -9999 -9999 -9999 44079.59 43987.73 43895.9 43804.11 43712.36 43620.64 43528.96 43437.31 43345.7 43254.13 43162.6 43071.11 42979.64 42888.23 42796.84 42705.5 42614.2 42522.93 42431.71 42340.52 42249.38 42158.27 42067.21 41976.18 41885.2 41794.26 41703.36 41612.5 41521.68 41430.91 41340.18 41249.48 41158.84 41068.23 40977.68 40887.16 40796.69 40706.27 40615.88 40525.55 40435.26 40345.01 40254.81
