InputData/dist_22.txt
ncols         348
nrows         187
xllcorner     582512.90526395
yllcorner     8185149.3710731
cellsize      100
NODATA_value  -9999
[rows 116 to 144 of 187, columns 66 to 131 of 348]
36454.9 36554.75 36654.61 36754.46 36854.31 36954.16 37054.02 37153.87 37253.73 37353.58 37453.44 37553.3 37653.15 37753.01 37852.88 37952.73 38052.59 38152.46 38252.32 38352.18 38452.05 38551.91 38651.78 38751.64 38851.51 38951.38 39051.25 39151.12 39250.99 39350.86 39450.73 39550.6 39650.47 39750.35 39850.22 39950.09 40049.97 40149.84 40249.72 40349.6 40449.48 40549.35 40649.23 40749.11 40848.99 40948.87 41048.75 41148.63 41248.52 41348.4 41448.28 41548.16 41648.05 41747.93 41847.82 41947.71 42047.59 42147.48 42247.37 42347.25 42447.14 42547.03 42646.92 42746.81 42846.7 42946.59
36460.53 36560.36 36660.2 36760.03 36859.87 36959.71 37059.55 37159.39 37259.23 37359.07 37458.91 37558.75 37658.6 37758.44 37858.29 37958.14 38057.98 38157.83 38257.68 38357.53 38457.38 38557.23 38657.08 38756.93 38856.79 38956.64 39056.5 39156.35 39256.21 39356.07 39455.93 39555.79 39655.64 39755.5 39855.36 39955.23 40055.09 40154.95 40254.81 40354.68 40454.54 40554.41 40654.27 40754.14 40854.01 40953.88 41053.75 41153.61 41253.48 41353.36 41453.23 41553.1 41652.97 41752.84 41852.72 41952.59 42052.47 42152.34 42252.22 42352.09 42451.97 42551.85 42651.73 42751.61 42851.49 42951.37
36466.42 36566.24 36666.06 36765.88 36865.7 36965.52 37065.35 37165.17 37265 37364.82 37464.65 37564.48 37664.31 37764.14 37863.97 37963.8 38063.63 38163.46 38263.3 38363.13 38462.97 38562.8 38662.64 38762.48 38862.32 38962.16 39062 39161.84 39261.69 39361.53 39461.38 39561.22 39661.06 39760.91 39860.76 39960.61 40060.45 40160.3 40260.15 40360 40459.86 40559.71 40659.56 40759.42 40859.27 40959.13 41058.98 41158.84 41258.7 41358.55 41458.41 41558.27 41658.13 41757.99 41857.86 41957.72 42057.58 42157.44 42257.31 42357.17 42457.04 42556.9 42656.77 42756.64 42856.5 42956.38
36472.59 36572.39 36672.2 36772 36871.8 36971.61 37071.42 37171.23 37271.04 37370.84 37470.66 37570.47 37670.28 37770.09 37869.91 37969.73 38069.54 38169.36 38269.18 38369 38468.82 38568.64 38668.46 38768.29 38868.11 38967.93 39067.76 39167.59 39267.42 39367.25 39467.07 39566.91 39666.74 39766.57 39866.4 39966.23 40066.07 40165.91 40265.74 40365.58 40465.42 40565.26 40665.09 40764.94 40864.78 40964.62 41064.46 41164.3 41264.15 41363.99 41463.84 41563.69 41663.54 41763.38 41863.23 41963.08 42062.93 42162.78 42262.63 42362.48 42462.34 42562.19 42662.04 42761.9 42861.75 42961.61
36479.04 36578.82 36678.61 36778.39 36878.18 36977.96 37077.76 37177.55 37277.34 37377.13 37476.93 37576.72 37676.52 37776.32 37876.11 37975.91 38075.71 38175.52 38275.32 38375.12 38474.93 38574.73 38674.54 38774.35 38874.16 38973.96 39073.78 39173.59 39273.4 39373.21 39473.03 39572.84 39672.66 39772.48 39872.3 39972.12 40071.93 40171.76 40271.58 40371.4 40471.22 40571.05 40670.88 40770.7 40870.53 40970.36 41070.18 41170.01 41269.84 41369.68 41469.51 41569.34 41669.17 41769.01 41868.84 41968.68 42068.52 42168.35 42268.19 42368.03 42467.87 42567.71 42667.55 42767.39 42867.24 42967.08
36485.75 36585.52 36685.28 36785.05 36884.82 36984.59 37084.36 37184.14 37283.91 37383.69 37483.46 37583.24 37683.02 37782.8 37882.58 37982.36 38082.15 38181.93 38281.72 38381.51 38481.29 38581.08 38680.88 38780.66 38880.46 38980.25 39080.05 39179.84 39279.64 39379.44 39479.23 39579.04 39678.84 39778.64 39878.44 39978.24 40078.05 40177.86 40277.66 40377.47 40477.28 40577.09 40676.9 40776.71 40876.52 40976.34 41076.15 41175.96 41275.78 41375.6 41475.41 41575.23 41675.05 41774.87 41874.7 41974.52 42074.34 42174.16 42273.99 42373.81 42473.64 42573.46 42673.29 42773.12 42872.95 42972.78
36492.74 36592.48 36692.23 36791.98 36891.73 36991.48 37091.24 37190.99 37290.75 37390.51 37490.27 37590.02 37689.79 37789.55 37889.31 37989.08 38088.84 38188.61 38288.38 38388.15 38487.92 38587.69 38687.46 38787.24 38887.02 38986.79 39086.57 39186.35 39286.13 39385.91 39485.7 39585.48 39685.26 39785.05 39884.84 39984.62 40084.41 40184.2 40283.99 40383.79 40483.58 40583.37 40683.17 40782.96 40882.76 40982.56 41082.36 41182.16 41281.96 41381.76 41481.56 41581.37 41681.17 41780.98 41880.78 41980.59 42080.4 42180.21 42280.02 42379.83 42479.64 42579.46 42679.27 42779.08 42878.9 42978.71
36500 36599.73 36699.45 36799.18 36898.91 36998.65 37098.38 37198.12 37297.86 37397.59 37497.33 37597.07 37696.82 37796.56 37896.3 37996.05 38095.8 38195.55 38295.3 38395.05 38494.8 38594.56 38694.32 38794.07 38893.83 38993.59 39093.35 39193.11 39292.88 39392.64 39492.41 39592.17 39691.94 39791.71 39891.48 39991.25 40091.02 40190.8 40290.57 40390.34 40490.12 40589.9 40689.68 40789.46 40889.24 40989.02 41088.8 41188.59 41288.38 41388.16 41487.95 41587.74 41687.53 41787.32 41887.11 41986.9 42086.7 42186.49 42286.29 42386.08 42485.88 42585.68 42685.48 42785.28 42885.08 42984.88
36507.54 36607.24 36706.95 36806.66 36906.37 37006.08 37105.79 37205.51 37305.23 37404.95 37504.67 37604.39 37704.11 37803.84 37903.56 38003.29 38103.02 38202.75 38302.48 38402.21 38501.95 38601.68 38701.42 38801.16 38900.9 39000.64 39100.38 39200.13 39299.87 39399.62 39499.37 39599.12 39698.87 39798.62 39898.37 39998.13 40097.88 40197.64 40297.39 40397.15 40496.91 40596.68 40696.44 40796.2 40895.96 40995.73 41095.5 41195.27 41295.04 41394.8 41494.58 41594.35 41694.13 41793.9 41893.68 41993.45 42093.23 42193.01 42292.79 42392.57 42492.35 42592.14 42691.92 42791.7 42891.49 42991.28
36515.34 36615.02 36714.71 36814.4 36914.09 37013.78 37113.48 37213.17 37312.87 37412.57 37512.27 37611.96 37711.67 37811.38 37911.08 38010.79 38110.5 38210.21 38309.92 38409.63 38509.35 38609.07 38708.79 38808.5 38908.23 39007.95 39107.67 39207.4 39307.13 39406.85 39506.58 39606.31 39706.04 39805.78 39905.51 40005.25 40104.99 40204.73 40304.46 40404.21 40503.95 40603.7 40703.44 40803.19 40902.93 41002.68 41102.43 41202.18 41301.94 41401.69 41501.45 41601.2 41700.96 41800.72 41900.48 42000.24 42100 42199.76 42299.53 42399.29 42499.06 42598.83 42698.59 42798.36 42898.14 42997.91
36523.42 36623.08 36722.75 36822.41 36922.08 37021.75 37121.42 37221.1 37320.77 37420.45 37520.13 37619.81 37719.49 37819.18 37918.86 38018.55 38118.24 38217.93 38317.62 38417.31 38517.01 38616.71 38716.41 38816.11 38915.8 39015.51 39115.21 39214.92 39314.63 39414.34 39514.05 39613.76 39713.47 39813.19 39912.91 40012.62 40112.34 40212.06 40311.79 40411.51 40511.23 40610.96 40710.69 40810.41 40910.14 41009.88 41109.61 41209.34 41309.08 41408.82 41508.55 41608.29 41708.03 41807.77 41907.52 42007.26 42107.01 42206.75 42306.5 42406.25 42506 42605.75 42705.5 42805.26 42905.01 43004.77
36531.77 36631.41 36731.05 36830.7 36930.34 37029.99 37129.64 37229.29 37328.94 37428.6 37528.26 37627.91 37727.57 37827.24 37926.9 38026.57 38126.24 38225.91 38325.58 38425.25 38524.93 38624.61 38724.28 38823.96 38923.64 39023.33 39123.01 39222.7 39322.39 39422.07 39521.77 39621.46 39721.15 39820.85 39920.55 40020.25 40119.95 40219.65 40319.35 40419.05 40518.76 40618.47 40718.18 40817.89 40917.6 41017.31 41117.03 41216.75 41316.46 41416.18 41515.9 41615.62 41715.34 41815.07 41914.79 42014.52 42114.25 42213.98 42313.71 42413.44 42513.18 42612.91 42712.64 42812.38 42912.12 43011.86
36540.39 36640 36739.63 36839.25 36938.87 37038.49 37138.12 37237.75 37337.38 37437.02 37536.65 37636.29 37735.93 37835.57 37935.21 38034.85 38134.5 38234.15 38333.8 38433.45 38533.1 38632.76 38732.41 38832.07 38931.73 39031.4 39131.06 39230.73 39330.39 39430.07 39529.73 39629.41 39729.08 39828.76 39928.44 40028.11 40127.8 40227.48 40327.16 40426.85 40526.54 40626.22 40725.91 40825.61 40925.3 41024.99 41124.69 41224.39 41324.09 41423.79 41523.49 41623.19 41722.89 41822.6 41922.31 42022.02 42121.73 42221.44 42321.15 42420.87 42520.58 42620.3 42720.02 42819.74 42919.46 43019.18
36549.28 36648.88 36748.47 36848.07 36947.66 37047.27 37146.87 37246.48 37346.09 37445.7 37545.3 37644.92 37744.54 37844.15 37943.77 38043.39 38143.02 38242.64 38342.27 38441.9 38541.54 38641.17 38740.8 38840.44 38940.08 39039.72 39139.37 39239.01 39338.66 39438.3 39537.96 39637.61 39737.26 39836.92 39936.57 40036.23 40135.89 40235.55 40335.22 40434.89 40534.55 40634.22 40733.89 40833.57 40933.24 41032.91 41132.59 41232.27 41331.95 41431.63 41531.31 41631 41730.68 41830.37 41930.06 42029.75 42129.45 42229.14 42328.83 42428.53 42528.23 42627.93 42727.63 42827.33 42927.03 43026.73
36558.45 36658.02 36757.59 36857.16 36956.73 37056.31 37155.89 37255.47 37355.05 37454.64 37554.23 37653.82 37753.41 37853 37952.6 38052.2 38151.8 38251.41 38351.01 38450.62 38550.23 38649.84 38749.45 38849.07 38948.68 39048.3 39147.93 39247.55 39347.17 39446.8 39546.43 39646.06 39745.69 39845.32 39944.96 40044.6 40144.24 40243.88 40343.52 40443.17 40542.82 40642.46 40742.12 40841.77 40941.42 41041.08 41140.73 41240.39 41340.05 41439.71 41539.38 41639.04 41738.71 41838.38 41938.05 42037.72 42137.39 42237.07 42336.75 42436.42 42536.1 42635.78 42735.46 42835.15 42934.84 43034.52
36567.88 36667.43 36766.97 36866.52 36966.07 37065.62 37165.17 37264.73 37364.29 37463.85 37563.41 37662.98 37762.55 37862.12 37961.69 38061.27 38160.84 38260.42 38360 38459.59 38559.18 38658.76 38758.36 38857.95 38957.54 39057.14 39156.74 39256.34 39355.94 39455.54 39555.15 39654.76 39754.37 39853.98 39953.6 40053.21 40152.83 40252.45 40352.07 40451.7 40551.32 40650.95 40750.58 40850.21 40949.85 41049.48 41149.12 41248.76 41348.4 41448.04 41547.68 41647.33 41746.98 41846.63 41946.27 42045.93 42145.58 42245.24 42344.89 42444.55 42544.21 42643.88 42743.54 42843.2 42942.87 43042.54
36577.59 36677.11 36776.62 36876.14 36975.67 37075.2 37174.72 37274.25 37373.79 37473.32 37572.86 37672.4 37771.95 37871.49 37971.04 38070.59 38170.14 38269.7 38369.26 38468.82 38568.38 38667.95 38767.51 38867.08 38966.65 39066.23 39165.8 39265.38 39364.96 39464.54 39564.13 39663.71 39763.3 39862.89 39962.48 40062.08 40161.67 40261.27 40360.87 40460.47 40560.08 40659.68 40759.29 40858.9 40958.52 41058.13 41157.75 41257.36 41356.98 41456.61 41556.23 41655.85 41755.48 41855.11 41954.74 42054.37 42154 42253.64 42353.28 42452.91 42552.55 42652.2 42751.84 42851.49 42951.14 43050.79
36587.57 36687.05 36786.55 36886.04 36985.54 37085.04 37184.54 37284.04 37383.55 37483.06 37582.57 37682.09 37781.61 37881.13 37980.65 38080.18 38179.71 38279.24 38378.77 38478.3 38577.84 38677.38 38776.93 38876.47 38976.02 39075.57 39175.12 39274.67 39374.23 39473.79 39573.35 39672.91 39772.48 39872.05 39971.61 40071.19 40170.76 40270.34 40369.91 40469.5 40569.08 40668.66 40768.25 40867.84 40967.43 41067.02 41166.61 41266.21 41365.81 41465.41 41565.01 41664.61 41764.22 41863.83 41963.44 42063.05 42162.66 42262.28 42361.89 42461.51 42561.13 42660.75 42760.38 42860 42959.63 43059.26
36597.81 36697.27 36796.74 36896.21 36995.68 37095.15 37194.63 37294.1 37393.58 37493.07 37592.55 37692.04 37791.54 37891.03 37990.52 38090.02 38189.53 38289.03 38388.54 38488.05 38587.56 38687.08 38786.59 38886.12 38985.64 39085.16 39184.69 39284.22 39383.75 39483.29 39582.82 39682.36 39781.91 39881.45 39981 40080.54 40180.09 40279.65 40379.2 40478.76 40578.32 40677.88 40777.45 40877.01 40976.58 41076.15 41175.72 41275.3 41374.87 41474.45 41574.03 41673.61 41773.2 41872.79 41972.37 42071.96 42171.55 42271.15 42370.75 42470.34 42569.94 42669.54 42769.15 42868.75 42968.36 43067.97
36608.33 36707.77 36807.2 36906.64 37006.08 37105.52 37204.97 37304.42 37403.88 37503.33 37602.79 37702.25 37801.72 37901.19 38000.66 38100.13 38199.61 38299.09 38398.57 38498.05 38597.54 38697.03 38796.52 38896.02 38995.51 39095.01 39194.52 39294.02 39393.53 39493.04 39592.55 39692.07 39791.58 39891.1 39990.63 40090.15 40189.68 40289.2 40388.73 40488.27 40587.8 40687.34 40786.89 40886.43 40985.97 41085.52 41185.07 41284.62 41384.18 41483.73 41583.29 41682.85 41782.41 41881.98 41981.54 42081.11 42180.68 42280.25 42379.83 42479.41 42578.98 42678.57 42778.15 42877.73 42977.32 43076.91
36619.12 36718.52 36817.93 36917.34 37016.75 37116.17 37215.59 37315.01 37414.44 37513.86 37613.3 37712.73 37812.17 37911.61 38011.05 38110.5 38209.95 38309.4 38408.85 38508.31 38607.77 38707.23 38806.7 38906.17 39005.64 39105.11 39204.59 39304.07 39403.55 39503.04 39602.52 39702.02 39801.51 39901 40000.5 40100 40199.5 40299.01 40398.52 40498.02 40597.54 40697.05 40796.57 40896.09 40995.61 41095.13 41194.66 41294.19 41393.72 41493.25 41592.79 41692.32 41791.87 41891.41 41990.95 42090.5 42190.05 42289.6 42389.15 42488.7 42588.26 42687.82 42787.38 42886.95 42986.51 43086.08
36630.18 36729.55 36828.93 36928.31 37027.69 37127.08 37226.47 37325.86 37425.26 37524.66 37624.06 37723.47 37822.88 37922.29 38021.7 38121.12 38220.54 38319.97 38419.39 38518.83 38618.26 38717.7 38817.14 38916.58 39016.02 39115.47 39214.92 39314.38 39413.83 39513.29 39612.75 39712.21 39811.68 39911.15 40010.63 40110.1 40209.57 40309.05 40408.54 40508.02 40607.51 40707 40806.5 40905.99 41005.49 41104.99 41204.49 41304 41403.5 41503.01 41602.52 41702.04 41801.55 41901.07 42000.59 42100.12 42199.64 42299.17 42398.7 42498.23 42597.77 42697.31 42796.84 42896.39 42995.93 43095.48
36641.51 36740.85 36840.2 36939.55 37038.9 37138.25 37237.62 37336.98 37436.35 37535.71 37635.09 37734.47 37833.85 37933.23 38032.62 38132.01 38231.4 38330.8 38430.2 38529.6 38629 38728.41 38827.82 38927.24 39026.66 39126.08 39225.5 39324.93 39424.36 39523.79 39623.23 39722.66 39822.11 39921.55 40021 40120.45 40219.89 40319.35 40418.81 40518.27 40617.73 40717.2 40816.66 40916.13 41015.61 41115.08 41214.56 41314.04 41413.52 41513.01 41612.5 41711.99 41811.48 41910.98 42010.48 42109.98 42209.48 42308.98 42408.49 42508 42607.51 42707.02 42806.54 42906.06 43005.58 43105.11
36653.11 36752.41 36851.73 36951.05 37050.37 37149.7 37249.03 37348.36 37447.7 37547.04 37646.38 37745.73 37845.08 37944.43 38043.79 38143.15 38242.52 38341.88 38441.25 38540.63 38640 38739.39 38838.77 38938.16 39037.55 39136.94 39236.34 39335.73 39435.14 39534.54 39633.95 39733.36 39832.78 39932.19 40031.61 40131.04 40230.46 40329.89 40429.32 40528.75 40628.19 40727.63 40827.07 40926.52 41025.97 41125.42 41224.87 41324.33 41423.79 41523.25 41622.71 41722.18 41821.64 41921.12 42020.59 42120.07 42219.55 42319.03 42418.51 42518 42617.48 42716.98 42816.47 42915.96 43015.46 43114.96
36664.97 36764.25 36863.53 36962.82 37062.11 37161.41 37260.7 37360 37459.31 37558.62 37657.93 37757.25 37856.57 37955.89 38055.22 38154.55 38253.89 38353.23 38452.57 38551.91 38651.26 38750.61 38849.97 38949.32 39048.69 39148.05 39247.42 39346.79 39446.16 39545.54 39644.93 39744.31 39843.7 39943.09 40042.48 40141.88 40241.27 40340.68 40440.08 40539.49 40638.9 40738.31 40837.73 40937.15 41036.57 41135.99 41235.42 41334.85 41434.29 41533.72 41633.16 41732.6 41832.05 41931.49 42030.94 42130.39 42229.85 42329.3 42428.77 42528.23 42627.69 42727.16 42826.63 42926.1 43025.57 43125.05
36677.11 36776.35 36875.6 36974.86 37074.11 37173.38 37272.64 37371.91 37471.19 37570.47 37669.75 37769.04 37868.32 37967.62 38066.91 38166.21 38265.52 38364.83 38464.14 38563.45 38662.77 38762.09 38861.42 38960.75 39060.08 39159.42 39258.76 39358.1 39457.45 39556.79 39656.15 39755.5 39854.86 39954.22 40053.59 40152.96 40252.33 40351.7 40451.08 40550.46 40649.85 40749.23 40848.62 40948.02 41047.41 41146.81 41246.21 41345.62 41445.02 41544.43 41643.85 41743.26 41842.68 41942.1 42041.53 42140.95 42240.38 42339.82 42439.25 42538.69 42638.13 42737.57 42837.02 42936.46 43035.91 43135.37
36689.51 36788.72 36887.94 36987.16 37086.39 37185.62 37284.85 37384.09 37483.33 37582.57 37681.82 37781.08 37880.34 37979.6 38078.87 38178.14 38277.41 38376.69 38475.96 38575.25 38674.54 38773.83 38873.13 38972.43 39071.73 39171.04 39270.34 39369.66 39468.98 39568.3 39667.62 39766.95 39866.28 39965.61 40064.95 40164.29 40263.63 40362.98 40462.33 40561.68 40661.04 40760.4 40859.76 40959.13 41058.5 41157.87 41257.24 41356.62 41456 41555.38 41654.77 41754.16 41853.55 41952.95 42052.35 42151.75 42251.15 42350.56 42449.97 42549.38 42648.8 42748.21 42847.64 42947.06 43046.49 43145.91
36702.18 36801.36 36900.54 36999.73 37098.92 37198.12 37297.32 37396.52 37495.73 37594.95 37694.16 37793.39 37892.61 37991.84 38091.07 38190.31 38289.55 38388.8 38488.05 38587.3 38686.56 38785.82 38885.09 38984.36 39083.63 39182.91 39282.18 39381.47 39480.75 39580.05 39679.34 39778.64 39877.94 39977.24 40076.55 40175.86 40275.18 40374.5 40473.82 40573.14 40672.47 40771.8 40871.14 40970.48 41069.82 41169.16 41268.51 41367.86 41467.21 41566.57 41665.93 41765.3 41864.66 41964.03 42063.41 42162.78 42262.16 42361.54 42460.92 42560.31 42659.7 42759.09 42858.49 42957.89 43057.29 43156.69
36715.12 36814.26 36913.41 37012.57 37111.72 37210.89 37310.05 37409.22 37508.4 37607.58 37706.76 37805.95 37905.14 38004.34 38103.54 38202.75 38301.96 38401.17 38500.39 38599.61 38698.84 38798.07 38897.3 38996.54 39095.78 39195.02 39294.27 39393.53 39492.79 39592.04 39691.31 39790.58 39889.85 39989.13 40088.4 40187.68 40286.97 40386.26 40485.55 40584.85 40684.15 40783.45 40882.76 40982.07 41081.38 41180.7 41280.02 41379.34 41478.67 41578 41677.33 41776.67 41876.01 41975.35 42074.7 42174.04 42273.39 42372.75 42472.11 42571.47 42670.83 42770.2 42869.57 42968.94 43068.32 43167.7
