InputData/dist_17.txt
ncols         171
nrows         168
xllcorner     509665.90011874
yllcorner     8175934.7243046
cellsize      100
NODATA_value  -9999
[rows 90 to 119 of 168, columns 0 to 66 of 171]
-9999 -9999 -9999 -9999 -9999 -9999 -9999 -9999 -9999 30651.1 30555.52 30459.97 30364.45 30268.96 30173.5 30078.06 29982.66 29887.29 29791.95 29696.63 29601.35 29506.1 29410.88 29315.7 29220.54 29125.42 29030.33 28935.27 28840.25 28745.26 28650.3 28555.38 28460.5 28365.65 28270.83 28176.05 28081.31 27986.6 27891.93 27797.3 27702.71 27608.15 27513.63 27419.15 27324.71 27230.31 27135.95 27041.63 26947.36 26853.12 26758.92 26664.77 26570.66 26476.59 26382.57 26288.59 26194.66 26100.77 26006.92 25913.13 25819.37 25725.67 25632.01 25538.4 25444.84 25351.33 25257.87
-9999 -9999 -9999 -9999 -9999 -9999 -9999 -9999 -9999 -9999 30526.22 30430.58 30334.96 30239.38 30143.82 30048.29 29952.8 29857.33 29761.89 29666.48 29571.1 29475.75 29380.44 29285.15 29189.9 29094.67 28999.48 28904.32 28809.2 28714.11 28619.05 28524.03 28429.04 28334.08 28239.16 28144.27 28049.42 27954.61 27859.83 27765.09 27670.38 27575.71 27481.08 27386.49 27291.94 27197.43 27102.95 27008.52 26914.12 26819.77 26725.46 26631.19 26536.96 26442.77 26348.63 26254.52 26160.47 26066.45 25972.49 25878.56 25784.69 25690.85 25597.07 25503.33 25409.64 25316 25222.41
-9999 -9999 -9999 -9999 -9999 -9999 -9999 -9999 -9999 -9999 30497.21 30401.48 30305.78 30210.1 30114.45 30018.83 29923.23 29827.67 29732.14 29636.63 29541.16 29445.71 29350.3 29254.91 29159.56 29064.24 28968.95 28873.69 28778.46 28683.27 28588.11 28492.98 28397.89 28302.83 28207.8 28112.81 28017.85 27922.93 27828.04 27733.19 27638.38 27543.6 27448.86 27354.16 27259.49 27164.87 27070.28 26975.73 26881.22 26786.75 26692.32 26597.93 26503.58 26409.28 26315.02 26220.79 26126.62 26032.48 25938.39 25844.34 25750.34 25656.38 25562.47 25468.61 25374.79 25281.02 25187.3
-9999 -9999 -9999 -9999 -9999 -9999 -9999 -9999 -9999 -9999 30468.51 30372.69 30276.89 30181.12 30085.38 29989.66 29893.98 29798.32 29702.69 29607.09 29511.52 29415.98 29320.47 29224.99 29129.54 29034.12 28938.73 28843.37 28748.04 28652.75 28557.49 28462.26 28367.06 28271.89 28176.76 28081.67 27986.6 27891.58 27796.58 27701.63 27606.7 27511.82 27416.96 27322.15 27227.38 27132.64 27037.94 26943.27 26848.65 26754.06 26659.52 26565.01 26470.55 26376.13 26281.74 26187.4 26093.1 25998.85 25904.63 25810.46 25716.34 25622.26 25528.22 25434.23 25340.28 25246.39 25152.54
-9999 -9999 -9999 -9999 -9999 -9999 -9999 -9999 -9999 -9999 -9999 30344.19 30248.31 30152.45 30056.61 29960.81 29865.03 29769.28 29673.56 29577.86 29482.2 29386.56 29290.96 29195.38 29099.83 29004.31 28908.82 28813.37 28717.94 28622.54 28527.18 28431.85 28336.55 28241.28 28146.05 28050.85 27955.68 27860.54 27765.45 27670.38 27575.35 27480.36 27385.4 27290.47 27195.59 27100.74 27005.93 26911.15 26816.41 26721.71 26627.05 26532.43 26437.85 26343.31 26248.81 26154.35 26059.93 25965.55 25871.22 25776.93 25682.68 25588.47 25494.31 25400.2 25306.13 25212.1 25118.12
-9999 -9999 -9999 -9999 -9999 -9999 -9999 -9999 -9999 -9999 -9999 -9999 30220.03 30124.08 30028.15 29932.26 29836.39 29740.54 29644.73 29548.94 29453.18 29357.45 29261.75 29166.08 29070.43 28974.82 28879.23 28783.68 28688.15 28592.66 28497.19 28401.76 28306.36 28210.99 28115.65 28020.35 27925.08 27829.84 27734.63 27639.46 27544.33 27449.23 27354.16 27259.13 27164.13 27069.17 26974.25 26879.36 26784.51 26689.7 26594.92 26500.19 26405.49 26310.83 26216.22 26121.64 26027.1 25932.61 25838.15 25743.74 25649.37 25555.04 25460.75 25366.51 25272.32 25178.17 25084.06
-9999 -9999 -9999 -9999 -9999 -9999 -9999 -9999 -9999 -9999 -9999 -9999 30192.05 30096.01 30000 29904.01 29808.05 29712.12 29616.21 29520.33 29424.48 29328.65 29232.86 29137.09 29041.35 28945.64 28849.96 28754.3 28658.68 28563.09 28467.53 28371.99 28276.49 28181.02 28085.58 27990.18 27894.8 27799.46 27704.15 27608.88 27513.63 27418.42 27323.25 27228.11 27133.01 27037.94 26942.9 26847.9 26752.94 26658.02 26563.13 26468.28 26373.47 26278.7 26183.96 26089.27 25994.62 25900 25805.43 25710.89 25616.4 25521.95 25427.54 25333.18 25238.86 25144.58 25050.35
-9999 -9999 -9999 -9999 -9999 -9999 -9999 -9999 -9999 -9999 -9999 -9999 -9999 30068.26 29972.15 29876.08 29780.03 29684 29588 29492.03 29396.09 29300.17 29204.28 29108.42 29012.58 28916.78 28821 28725.25 28629.53 28533.84 28438.18 28342.55 28246.95 28151.38 28055.84 27960.33 27864.85 27769.41 27673.99 27578.62 27483.27 27387.95 27292.67 27197.43 27102.21 27007.04 26911.89 26816.79 26721.71 26626.68 26531.68 26436.72 26341.79 26246.9 26152.05 26057.24 25962.47 25867.74 25773.05 25678.4 25583.78 25489.21 25394.68 25300.2 25205.75 25111.35 25016.99
-9999 -9999 -9999 -9999 -9999 -9999 -9999 -9999 -9999 -9999 -9999 -9999 -9999 -9999 29944.62 29848.45 29752.31 29656.2 29560.11 29464.04 29368.01 29272 29176.02 29080.06 28984.13 28888.23 28792.36 28696.52 28600.7 28504.91 28409.15 28313.42 28217.72 28122.05 28026.42 27930.81 27835.23 27739.68 27644.17 27548.68 27453.23 27357.81 27262.43 27167.08 27071.76 26976.47 26881.22 26786 26690.82 26595.68 26500.57 26405.49 26310.46 26215.45 26120.49 26025.56 25930.68 25835.83 25741.02 25646.25 25551.52 25456.83 25362.18 25267.57 25173 25078.48 24983.99
-9999 -9999 -9999 -9999 -9999 -9999 -9999 -9999 -9999 -9999 -9999 -9999 -9999 -9999 -9999 29821.13 29724.91 29628.7 29532.53 29436.37 29340.25 29244.14 29148.07 29052.02 28956 28860.01 28764.04 28668.1 28572.19 28476.31 28380.45 28284.63 28188.83 28093.06 27997.32 27901.61 27805.94 27710.29 27614.67 27519.08 27423.53 27328.01 27232.52 27137.06 27041.63 26946.24 26850.88 26755.56 26660.27 26565.01 26469.79 26374.61 26279.46 26184.35 26089.27 25994.23 25899.23 25804.26 25709.34 25614.45 25519.6 25424.79 25330.02 25235.29 25140.61 25045.96 24951.35
-9999 -9999 -9999 -9999 -9999 -9999 -9999 -9999 -9999 -9999 -9999 -9999 -9999 -9999 -9999 29794.13 29697.81 29601.52 29505.25 29409.01 29312.79 29216.61 29120.44 29024.3 28928.19 28832.1 28736.04 28640.01 28544 28448.02 28352.07 28256.15 28160.26 28064.39 27968.55 27872.75 27776.97 27681.22 27585.5 27489.82 27394.16 27298.54 27202.94 27107.38 27011.85 26916.35 26820.89 26725.46 26630.06 26534.69 26439.37 26344.07 26248.81 26153.58 26058.4 25963.24 25868.13 25773.05 25678.01 25583 25488.04 25393.11 25298.22 25203.37 25108.56 25013.8 24919.07
-9999 -9999 -9999 -9999 -9999 -9999 -9999 -9999 -9999 -9999 -9999 -9999 -9999 -9999 -9999 -9999 29671.03 29574.65 29478.3 29381.97 29285.66 29189.38 29093.13 28996.9 28900.69 28804.51 28708.36 28612.23 28516.14 28420.06 28324.02 28228 28132.01 28036.05 27940.12 27844.21 27748.33 27652.49 27556.67 27460.88 27365.12 27269.4 27173.7 27078.04 26982.4 26886.8 26791.23 26695.69 26600.19 26504.72 26409.28 26313.88 26218.51 26123.17 26027.87 25932.61 25837.38 25742.18 25647.03 25551.91 25456.83 25361.78 25266.78 25171.81 25076.88 24981.99 24887.14
-9999 -9999 -9999 -9999 -9999 -9999 -9999 -9999 -9999 -9999 -9999 -9999 -9999 -9999 -9999 -9999 -9999 -9999 29451.66 29355.24 29258.85 29162.48 29066.13 28969.81 28873.52 28777.25 28681 28584.79 28488.59 28392.43 28296.29 28200.18 28104.09 28008.04 27912 27816 27720.03 27624.08 27528.17 27432.28 27336.42 27240.59 27144.8 27049.03 26953.29 26857.59 26761.91 26666.27 26570.66 26475.08 26379.54 26284.03 26188.55 26093.1 25997.69 25902.32 25806.98 25711.67 25616.4 25521.17 25425.97 25330.81 25235.69 25140.61 25045.56 24950.55 24855.58
-9999 -9999 -9999 -9999 -9999 -9999 -9999 -9999 -9999 -9999 -9999 -9999 -9999 -9999 -9999 -9999 -9999 -9999 -9999 -9999 29232.35 29135.89 29039.46 28943.05 28846.66 28750.3 28653.97 28557.66 28461.38 28365.12 28268.89 28172.68 28076.5 27980.35 27884.22 27788.13 27692.06 27596.01 27500 27404.01 27308.06 27212.13 27116.23 27020.36 26924.52 26828.72 26732.94 26637.19 26541.48 26445.79 26350.14 26254.52 26158.94 26063.38 25967.87 25872.38 25776.93 25681.51 25586.13 25490.78 25395.47 25300.2 25204.96 25109.76 25014.6 24919.47 24824.38
-9999 -9999 -9999 -9999 -9999 -9999 -9999 -9999 -9999 -9999 -9999 -9999 -9999 -9999 -9999 -9999 -9999 -9999 -9999 -9999 -9999 29109.62 29013.1 28916.6 28820.13 28723.68 28627.26 28530.86 28434.49 28338.14 28241.81 28145.52 28049.24 27953 27856.78 27760.58 27664.42 27568.28 27472.17 27376.08 27280.03 27184 27088 26992.04 26896.1 26800.19 26704.31 26608.46 26512.64 26416.85 26321.09 26225.37 26129.68 26034.02 25938.39 25842.79 25747.23 25651.71 25556.21 25460.75 25365.33 25269.94 25174.59 25079.27 24983.99 24888.75 24793.55
-9999 -9999 -9999 -9999 -9999 -9999 -9999 -9999 -9999 -9999 -9999 -9999 -9999 -9999 -9999 -9999 -9999 -9999 -9999 -9999 -9999 29083.67 28987.07 28890.48 28793.92 28697.39 28600.88 28504.38 28407.92 28311.48 28215.07 28118.68 28022.31 27925.97 27829.66 27733.37 27637.11 27540.88 27444.67 27348.49 27252.34 27156.21 27060.12 26964.05 26868.01 26772 26676.02 26580.07 26484.15 26388.26 26292.39 26196.56 26100.77 26005 25909.27 25813.56 25717.89 25622.26 25526.65 25431.08 25335.55 25240.05 25144.58 25049.15 24953.76 24858.4 24763.08
-9999 -9999 -9999 -9999 -9999 -9999 -9999 -9999 -9999 -9999 -9999 -9999 -9999 -9999 -9999 -9999 -9999 -9999 -9999 -9999 -9999 29058.04 28961.35 28864.68 28768.04 28671.41 28574.81 28478.24 28381.68 28285.15 28188.65 28092.17 27995.71 27899.28 27802.88 27706.5 27610.14 27513.81 27417.51 27321.24 27224.99 27128.77 27032.57 26936.41 26840.27 26744.16 26648.08 26552.02 26456 26360.01 26264.04 26168.11 26072.21 25976.34 25880.49 25784.69 25688.91 25593.16 25497.45 25401.77 25306.13 25210.51 25114.94 25019.39 24923.88 24828.41 24732.97
-9999 -9999 -9999 -9999 -9999 -9999 -9999 -9999 -9999 -9999 -9999 -9999 -9999 -9999 -9999 -9999 -9999 -9999 -9999 -9999 -9999 29032.74 28935.96 28839.21 28742.48 28645.77 28549.08 28452.42 28355.78 28259.16 28162.56 28065.99 27969.45 27872.93 27776.43 27679.96 27583.51 27487.09 27390.69 27294.32 27197.98 27101.66 27005.37 26909.11 26812.87 26716.66 26620.48 26524.33 26428.21 26332.11 26236.04 26140.01 26044 25948.03 25852.08 25756.16 25660.28 25564.43 25468.61 25372.82 25277.06 25181.34 25085.65 24990 24894.38 24798.79 24703.24
-9999 -9999 -9999 -9999 -9999 -9999 -9999 -9999 -9999 -9999 -9999 -9999 -9999 -9999 -9999 -9999 -9999 -9999 -9999 -9999 -9999 -9999 28910.9 28814.06 28717.24 28620.45 28523.67 28426.92 28330.2 28233.49 28136.81 28040.15 27943.51 27846.9 27750.31 27653.75 27557.21 27460.7 27364.21 27267.75 27171.31 27074.9 26978.51 26882.15 26785.82 26689.51 26593.23 26496.98 26400.76 26304.56 26208.4 26112.26 26016.15 25920.07 25824.02 25728 25632.01 25536.05 25440.13 25344.23 25248.37 25152.54 25056.74 24960.97 24865.24 24769.54 24673.87
-9999 -9999 -9999 -9999 -9999 -9999 -9999 -9999 -9999 -9999 -9999 -9999 -9999 -9999 -9999 -9999 -9999 -9999 -9999 -9999 -9999 -9999 -9999 28789.23 28692.33 28595.46 28498.6 28401.76 28304.95 28208.15 28111.38 28014.64 27917.92 27821.21 27724.54 27627.88 27531.26 27434.65 27338.07 27241.51 27144.98 27048.47 26951.99 26855.54 26759.11 26662.71 26566.33 26469.98 26373.66 26277.37 26181.1 26084.86 25988.65 25892.47 25796.32 25700.2 25604.1 25508.04 25412.01 25316 25220.03 25124.09 25028.18 24932.31 24836.46 24740.65 24644.88
-9999 -9999 -9999 -9999 -9999 -9999 -9999 -9999 -9999 -9999 -9999 -9999 -9999 -9999 -9999 -9999 -9999 -9999 -9999 -9999 -9999 -9999 -9999 28764.74 28667.75 28570.79 28473.85 28376.93 28280.03 28183.15 28086.29 27989.46 27892.65 27795.86 27699.1 27602.36 27505.64 27408.94 27312.27 27215.62 27119 27022.4 26925.82 26829.28 26732.75 26636.25 26539.78 26443.34 26346.92 26250.52 26154.16 26057.82 25961.51 25865.23 25768.97 25672.75 25576.55 25480.38 25384.25 25288.14 25192.06 25096.02 25000 24904.02 24808.06 24712.14 24616.25
-9999 -9999 -9999 -9999 -9999 -9999 -9999 -9999 -9999 -9999 -9999 -9999 -9999 -9999 -9999 -9999 -9999 -9999 -9999 -9999 -9999 -9999 -9999 -9999 28643.5 28546.45 28449.43 28352.43 28255.44 28158.48 28061.54 27964.62 27867.72 27770.85 27673.99 27577.16 27480.36 27383.57 27286.81 27190.07 27093.36 26996.67 26900 26803.36 26706.74 26610.15 26513.58 26417.04 26320.52 26224.04 26127.57 26031.13 25934.73 25838.34 25741.99 25645.66 25549.36 25453.09 25356.85 25260.64 25164.46 25068.31 24972.18 24876.09 24780.03 24684 24588.01
-9999 -9999 -9999 -9999 -9999 -9999 -9999 -9999 -9999 -9999 -9999 -9999 -9999 -9999 -9999 -9999 -9999 -9999 -9999 -9999 -9999 -9999 -9999 -9999 28619.57 28522.45 28425.34 28328.25 28231.19 28134.14 28037.12 27940.12 27843.13 27746.17 27649.23 27552.31 27455.42 27358.54 27261.7 27164.87 27068.06 26971.28 26874.52 26777.79 26681.08 26584.39 26487.73 26391.1 26294.49 26197.9 26101.34 26004.81 25908.3 25811.82 25715.37 25618.94 25522.54 25426.17 25329.82 25233.51 25137.22 25040.97 24944.74 24848.54 24752.37 24656.24 24560.13
-9999 -9999 -9999 -9999 -9999 -9999 -9999 -9999 -9999 -9999 -9999 -9999 -9999 -9999 -9999 -9999 -9999 -9999 -9999 -9999 -9999 -9999 -9999 -9999 -9999 28498.77 28401.58 28304.42 28207.27 28110.14 28013.03 27915.95 27818.88 27721.83 27624.81 27527.8 27430.82 27333.86 27236.92 27140.01 27043.11 26946.24 26849.39 26752.57 26655.77 26558.99 26462.24 26365.51 26268.8 26172.12 26075.47 25978.84 25882.23 25785.65 25689.1 25592.58 25496.08 25399.61 25303.16 25206.75 25110.36 25014 24917.66 24821.36 24725.09 24628.85 24532.63
-9999 -9999 -9999 -9999 -9999 -9999 -9999 -9999 -9999 -9999 -9999 -9999 -9999 -9999 -9999 -9999 -9999 -9999 -9999 -9999 -9999 -9999 -9999 -9999 28572.71 28475.43 28378.16 28280.91 28183.68 28086.47 27989.28 27892.11 27794.96 27697.83 27600.72 27503.64 27406.57 27309.52 27212.5 27115.49 27018.51 26921.55 26824.62 26727.7 26630.81 26533.94 26437.1 26340.27 26243.47 26146.7 26049.95 25953.23 25856.53 25759.85 25663.2 25566.58 25469.98 25373.41 25276.87 25180.35 25083.86 24987.4 24890.96 24794.56 24698.18 24601.83 24505.51
-9999 -9999 -9999 -9999 -9999 -9999 -9999 -9999 -9999 -9999 -9999 -9999 -9999 -9999 -9999 -9999 -9999 -9999 -9999 -9999 -9999 -9999 -9999 -9999 28549.78 28452.42 28355.07 28257.74 28160.43 28063.14 27965.87 27868.62 27771.39 27674.18 27576.98 27479.81 27382.66 27285.53 27188.42 27091.33 26994.26 26897.21 26800.19 26703.18 26606.2 26509.24 26412.31 26315.39 26218.51 26121.64 26024.79 25927.98 25831.18 25734.41 25637.67 25540.95 25444.25 25347.58 25250.94 25154.32 25057.73 24961.17 24864.63 24768.13 24671.64 24575.19 24478.77
-9999 -9999 -9999 -9999 -9999 -9999 -9999 -9999 -9999 -9999 -9999 -9999 -9999 -9999 -9999 -9999 -9999 -9999 -9999 -9999 -9999 -9999 -9999 -9999 28527.18 28429.74 28332.31 28234.91 28137.52 28040.15 27942.8 27845.47 27748.15 27650.86 27553.58 27456.33 27359.09 27261.88 27164.68 27067.51 26970.35 26873.22 26776.11 26679.02 26581.95 26484.9 26387.88 26290.87 26193.89 26096.94 26000 25903.09 25806.2 25709.34 25612.5 25515.68 25418.89 25322.13 25225.38 25128.67 25031.98 24935.32 24838.68 24742.07 24645.49 24548.93 24452.4
-9999 -9999 -9999 -9999 -9999 -9999 -9999 -9999 -9999 -9999 -9999 -9999 -9999 -9999 -9999 -9999 -9999 -9999 -9999 -9999 -9999 -9999 -9999 -9999 28504.91 28407.39 28309.89 28212.41 28114.94 28017.49 27920.06 27822.65 27725.26 27627.88 27530.53 27433.19 27335.87 27238.58 27141.3 27044.04 26946.8 26849.58 26752.38 26655.21 26558.05 26460.91 26363.8 26266.71 26169.64 26072.59 25975.57 25878.56 25781.58 25684.63 25587.69 25490.78 25393.9 25297.04 25200.2 25103.39 25006.6 24909.84 24813.1 24716.39 24619.71 24523.05 24426.42
-9999 -9999 -9999 -9999 -9999 -9999 -9999 -9999 -9999 -9999 -9999 -9999 -9999 -9999 -9999 -9999 -9999 -9999 -9999 -9999 -9999 -9999 -9999 -9999 28482.98 28385.38 28287.81 28190.25 28092.7 27995.18 27897.67 27800.18 27702.71 27605.25 27507.82 27410.4 27313 27215.62 27118.26 27020.92 26923.6 26826.29 26729.01 26631.75 26534.51 26437.29 26340.08 26242.9 26145.75 26048.61 25951.49 25854.4 25757.33 25660.28 25563.25 25466.25 25369.27 25272.32 25175.38 25078.48 24981.59 24884.73 24787.9 24691.09 24594.31 24497.55 24400.82
-9999 -9999 -9999 -9999 -9999 -9999 -9999 -9999 -9999 -9999 -9999 -9999 -9999 -9999 -9999 -9999 -9999 -9999 -9999 -9999 -9999 -9999 -9999 -9999 -9999 28363.71 28266.06 28168.42 28070.8 27973.2 27875.62 27778.05 27680.5 27582.96 27485.45 27387.95 27290.47 27193.01 27095.57 26998.15 26900.74 26803.36 26705.99 26608.64 26511.32 26414.01 26316.72 26219.46 26122.21 26024.99 25927.79 25830.6 25733.44 25636.3 25539.19 25442.09 25345.02 25247.97 25150.94 25053.94 24956.96 24860.01 24763.08 24666.17 24569.29 24472.43 24375.6
