InputData/dist_5.txt
ncols         254
nrows         186
xllcorner     505538.86957319
yllcorner     8210083.0518381
cellsize      100
NODATA_value  -9999
[rows 120 to 149 of 186, columns 67 to 133 of 254]
41140 41046.44 40952.9 40859.39 40765.92 40672.47 40579.06 40485.68 40392.32 40299.01 40205.72 40112.47 40019.25 39926.06 39832.9 39739.78 39646.69 39553.63 39460.61 39367.63 39274.67 39181.76 39088.88 38996.03 38903.21 38810.44 38717.7 38624.99 38532.32 38439.69 38347.1 38254.54 38162.02 38069.54 37977.1 37884.7 37792.33 37700 37607.71 37515.46 37423.25 37331.09 37238.96 37146.87 37054.82 36962.82 36870.86 36778.93 36687.05 36595.22 36503.43 36411.68 36319.97 36228.3 36136.68 36045.11 35953.58 35862.1 35770.66 35679.27 35587.92 35496.62 35405.37 35314.16 35223 35131.89 35040.83
41104.87 41011.22 40917.6 40824.01 40730.46 40636.93 40543.43 40449.97 40356.54 40263.13 40169.77 40076.43 39983.12 39889.85 39796.61 39703.4 39610.23 39517.09 39423.98 39330.9 39237.86 39144.86 39051.89 38958.95 38866.05 38773.19 38680.36 38587.56 38494.8 38402.08 38309.4 38216.75 38124.14 38031.57 37939.03 37846.53 37754.07 37661.65 37569.27 37476.93 37384.62 37292.36 37200.13 37107.95 37015.81 36923.71 36831.64 36739.63 36647.65 36555.71 36463.82 36371.97 36280.16 36188.39 36096.68 36005 35913.37 35821.78 35730.24 35638.74 35547.29 35455.89 35364.53 35273.22 35181.96 35090.74 34999.57
41069.94 40976.21 40882.52 40788.85 40695.21 40601.6 40508.02 40414.48 40320.96 40227.48 40134.03 40040.61 39947.21 39853.86 39760.53 39667.24 39573.98 39480.75 39387.56 39294.4 39201.28 39108.18 39015.13 38922.1 38829.11 38736.16 38643.24 38550.36 38457.51 38364.7 38271.92 38179.18 38086.48 37993.82 37901.19 37808.6 37716.04 37623.53 37531.05 37438.62 37346.22 37253.86 37161.54 37069.26 36977.02 36884.82 36792.66 36700.55 36608.47 36516.43 36424.44 36332.49 36240.59 36148.72 36056.9 35965.12 35873.39 35781.7 35690.05 35598.45 35506.9 35415.39 35323.93 35232.51 35141.14 35049.82 34958.55
41035.23 40941.42 40847.64 40753.89 40660.18 40566.49 40472.83 40379.2 40285.61 40192.04 40098.5 40005 39911.53 39818.09 39724.68 39631.3 39537.96 39444.64 39351.37 39258.12 39164.91 39071.73 38978.58 38885.47 38792.39 38699.36 38606.35 38513.38 38420.44 38327.54 38234.67 38141.84 38049.05 37956.29 37863.57 37770.89 37678.24 37585.64 37493.07 37400.54 37308.04 37215.59 37123.17 37030.8 36938.46 36846.17 36753.91 36661.7 36569.52 36477.39 36385.3 36293.25 36201.24 36109.28 36017.36 35925.48 35833.64 35741.85 35650.11 35558.4 35466.75 35375.13 35283.57 35192.04 35100.57 35009.14 34917.76
41000.73 40906.84 40812.99 40719.16 40625.36 40531.59 40437.86 40344.14 40250.46 40156.82 40063.2 39969.61 39876.06 39782.54 39689.04 39595.58 39502.15 39408.75 39315.39 39222.06 39128.76 39035.5 38942.27 38849.07 38755.9 38662.77 38569.68 38476.62 38383.59 38290.6 38197.64 38104.72 38011.84 37918.99 37826.18 37733.41 37640.67 37547.97 37455.31 37362.68 37270.09 37177.55 37085.04 36992.57 36900.14 36807.74 36715.39 36623.08 36530.81 36438.58 36346.39 36254.24 36162.14 36070.07 35978.05 35886.07 35794.13 35702.24 35610.39 35518.59 35426.82 35335.11 35243.44 35151.81 35060.23 34968.7 34877.21
40966.45 40872.48 40778.55 40684.64 40590.76 40496.91 40403.09 40309.3 40215.54 40121.82 40028.11 39934.45 39840.81 39747.2 39653.63 39560.08 39466.57 39373.09 39279.64 39186.22 39092.84 38999.49 38906.17 38812.88 38719.63 38626.41 38533.23 38440.08 38346.97 38253.89 38160.84 38067.84 37974.86 37881.92 37789.02 37696.15 37603.32 37510.53 37417.78 37325.06 37232.38 37139.73 37047.13 36954.57 36862.04 36769.55 36677.11 36584.7 36492.33 36400 36307.71 36215.46 36123.26 36031.1 35938.98 35846.9 35754.86 35662.87 35570.91 35479.01 35387.14 35295.32 35203.55 35111.82 35020.14 34928.5 34836.91
40932.38 40838.34 40744.32 40650.34 40556.38 40462.45 40368.55 40274.68 40180.84 40087.03 39993.25 39899.5 39805.78 39712.09 39618.43 39524.8 39431.21 39337.64 39244.11 39150.61 39057.14 38963.7 38870.3 38776.93 38683.59 38590.29 38497.01 38403.78 38310.57 38217.41 38124.27 38031.17 37938.11 37845.08 37752.09 37659.13 37566.21 37473.32 37380.48 37287.66 37194.89 37102.16 37009.46 36916.8 36824.18 36731.59 36639.05 36546.55 36454.08 36361.66 36269.27 36176.93 36084.62 35992.36 35900.14 35807.96 35715.82 35623.73 35531.68 35439.67 35347.7 35255.78 35163.9 35072.07 34980.28 34888.54 34796.84
40898.53 40804.41 40710.32 40616.25 40522.21 40428.21 40334.23 40240.28 40146.36 40052.46 39958.61 39864.77 39770.97 39677.2 39583.46 39489.75 39396.07 39302.42 39208.8 39115.21 39021.66 38928.14 38834.65 38741.19 38647.77 38554.38 -9999 -9999 -9999 38181.15 38087.93 37994.74 37901.58 37808.46 37715.38 37622.33 37529.32 37436.35 37343.41 37250.5 37157.64 37064.81 36972.02 36879.26 36786.55 36693.87 36601.23 36508.63 36416.07 36323.55 36231.06 36138.62 36046.22 35953.86 35861.54 35769.26 35677.02 35584.83 35492.68 35400.57 35308.5 35216.47 35124.49 35032.55 34940.66 34848.82 34757.02
40864.9 40770.7 40676.53 40582.39 40488.27 40394.18 40300.13 40206.09 40112.09 40018.12 39924.18 39830.27 39736.38 39642.53 39548.7 39454.91 39361.15 39267.42 39173.71 39080.05 38986.41 38892.8 38799.23 38705.68 38612.18 -9999 -9999 -9999 -9999 -9999 -9999 37958.53 37865.29 37772.08 37678.91 37585.77 37492.66 37399.6 37306.57 37213.57 37120.61 37027.69 36934.81 36841.96 36749.15 36656.38 36563.64 36470.95 36378.29 36285.67 36193.09 36100.55 36008.05 35915.59 35823.18 35730.8 35638.46 35546.17 35453.91 35361.7 35269.54 35177.41 35085.32 34993.29 34901.29 34809.34 34717.43
40831.48 40737.21 40642.96 40548.73 40454.54 40360.38 40266.24 40172.13 40078.05 39984 39889.97 39795.98 39702.02 39608.08 39514.18 39420.3 39326.45 39232.64 39138.86 39045.1 38951.38 38857.69 38764.03 38670.4 38576.8 -9999 -9999 -9999 -9999 -9999 -9999 -9999 37829.22 37735.93 37642.66 37549.43 37456.24 37363.08 37269.96 37176.88 37083.82 36990.81 36897.83 36804.89 36711.99 36619.12 36526.29 36433.5 36340.75 36248.04 36155.36 36062.72 35970.13 35877.57 35785.05 35692.58 35600.14 35507.75 35415.39 35323.08 35230.81 35138.58 35046.4 34954.25 34862.16 34770.1 34678.09
40798.29 40703.93 40609.61 40515.3 40421.04 40326.79 40232.57 40138.39 40044.23 39950.09 39855.99 39761.92 39667.87 39573.86 39479.87 39385.91 39291.98 39198.09 39104.22 39010.38 38916.58 38822.8 38729.06 38635.35 -9999 -9999 -9999 -9999 -9999 -9999 -9999 -9999 -9999 -9999 -9999 37513.33 37420.05 37326.8 37233.59 37140.41 37047.27 36954.16 36861.09 36768.06 36675.06 36582.1 36489.18 36396.29 36303.45 36210.63 36117.86 36025.13 35932.44 35839.78 35747.17 35654.59 35562.06 35469.56 35377.11 35284.7 35192.33 35100 35007.71 34915.47 34823.27 34731.11 34639
40765.3 40670.88 40576.47 40482.09 40387.75 40293.42 40199.13 40104.86 40010.63 39916.41 39822.23 39728.07 39633.95 39539.85 39445.79 39351.75 39257.74 39163.76 39069.81 38975.89 38882 38788.14 38694.32 -9999 -9999 -9999 -9999 -9999 -9999 -9999 -9999 -9999 -9999 -9999 -9999 -9999 -9999 -9999 37197.45 37104.18 37010.95 36917.75 36824.59 36731.46 36638.37 36545.31 36452.3 36359.32 36266.38 36173.47 36080.61 35987.78 35894.98 35802.23 35709.52 35616.85 35524.22 35431.63 35339.07 35246.56 35154.09 35061.66 34969.27 34876.93 34784.62 34692.36 34600.14
40732.54 40638.04 40543.56 40449.11 40354.68 40260.28 40165.91 40071.56 39977.24 39882.95 39788.69 39694.46 39600.25 39506.07 39411.93 39317.81 39223.72 39129.66 39035.63 38941.62 38847.65 38753.71 -9999 -9999 -9999 -9999 -9999 -9999 -9999 -9999 -9999 -9999 -9999 -9999 -9999 -9999 -9999 -9999 -9999 37068.18 36974.86 36881.57 36788.31 36695.09 36601.91 36508.77 36415.66 36322.58 36229.55 36136.55 36043.59 35950.66 35857.77 35764.93 35672.12 35579.35 35486.62 35393.93 35301.27 35208.66 35116.09 35023.56 34931.07 34838.63 34746.22 34653.86 34561.54
40700 40605.42 40510.86 40416.33 40321.83 40227.36 40132.9 40038.48 39944.09 39849.72 39755.38 39661.06 39566.78 39472.52 39378.29 39284.09 39189.92 39095.78 39001.67 38907.58 -9999 -9999 -9999 -9999 -9999 -9999 -9999 -9999 -9999 -9999 -9999 -9999 -9999 -9999 -9999 -9999 -9999 -9999 -9999 -9999 -9999 36845.63 36752.28 36658.97 36565.7 36472.46 36379.25 36286.09 36192.96 36099.86 36006.8 35913.79 35820.8 35727.86 35634.95 35542.09 35449.26 35356.47 35263.72 35171.01 35078.34 34985.71 34893.12 34800.57 34708.07 34615.6 34523.18
40667.68 40573.02 40478.39 40383.79 40289.2 40194.65 40100.13 40005.63 39911.15 39816.7 39722.29 39627.89 39533.53 39439.2 39344.89 39250.61 -9999 -9999 -9999 -9999 -9999 -9999 -9999 -9999 -9999 -9999 -9999 -9999 -9999 -9999 -9999 -9999 -9999 -9999 -9999 -9999 -9999 -9999 -9999 -9999 -9999 -9999 36716.48 36623.08 36529.71 36436.38 36343.09 36249.83 36156.61 36063.42 35970.27 35877.15 35784.07 35691.04 35598.04 35505.07 35412.14 35319.26 35226.41 35133.6 35040.83 34948.11 34855.41 34762.77 34670.16 34577.59 34485.07
40635.57 40540.84 40446.14 40351.46 40256.8 40162.17 40067.57 39972.99 39878.44 -9999 -9999 -9999 -9999 -9999 -9999 -9999 -9999 -9999 -9999 -9999 -9999 -9999 -9999 -9999 -9999 -9999 -9999 -9999 -9999 -9999 -9999 -9999 -9999 -9999 -9999 -9999 -9999 -9999 -9999 -9999 -9999 -9999 36680.92 36587.43 36493.97 36400.55 36307.16 36213.81 36120.49 36027.21 35933.97 35840.76 35747.59 35654.45 35561.36 35468.3 35375.27 35282.29 35189.34 35096.44 35003.57 34910.74 34817.96 34725.21 34632.5 34539.83 34447.21
40603.7 40508.89 40414.11 40319.35 40224.62 40129.91 40035.23 -9999 -9999 -9999 -9999 -9999 -9999 -9999 -9999 -9999 -9999 -9999 -9999 -9999 -9999 -9999 -9999 -9999 -9999 -9999 -9999 -9999 -9999 -9999 -9999 -9999 -9999 -9999 -9999 -9999 -9999 -9999 -9999 -9999 -9999 -9999 -9999 36552.02 36458.47 36364.96 36271.48 36178.03 36084.62 35991.25 35897.91 35804.61 35711.34 35618.11 35524.92 35431.77 35338.65 35245.57 35152.52 35059.52 34966.55 34873.63 34780.74 34687.89 34595.09 34502.32 34409.59
40572.04 40477.15 40382.3 40287.47 -9999 -9999 -9999 -9999 -9999 -9999 -9999 -9999 -9999 -9999 -9999 -9999 -9999 -9999 -9999 -9999 -9999 -9999 -9999 -9999 -9999 -9999 -9999 -9999 -9999 -9999 -9999 -9999 -9999 -9999 -9999 -9999 -9999 -9999 -9999 -9999 -9999 -9999 -9999 -9999 36423.21 36329.6 36236.03 36142.5 36049 35955.53 35862.1 35768.7 35675.34 35582.02 35488.73 35395.48 35302.27 35209.09 35115.95 35022.85 34929.79 34836.76 34743.78 34650.83 34557.92 34465.05 34372.23
40540.6 40445.64 -9999 -9999 -9999 -9999 -9999 -9999 -9999 -9999 -9999 -9999 -9999 -9999 -9999 -9999 -9999 -9999 -9999 -9999 -9999 -9999 -9999 -9999 -9999 -9999 -9999 -9999 -9999 -9999 -9999 -9999 -9999 -9999 -9999 -9999 -9999 -9999 -9999 -9999 -9999 -9999 -9999 -9999 36388.18 36294.49 36200.83 36107.2 36013.61 35920.05 35826.53 35733.04 35639.59 35546.17 35452.79 35359.44 35266.13 35172.86 35079.63 34986.43 34893.27 34800.14 34707.06 34614.02 34521.01 34428.04 34335.11
-9999 -9999 -9999 -9999 -9999 -9999 -9999 -9999 -9999 -9999 -9999 -9999 -9999 -9999 -9999 -9999 -9999 -9999 -9999 -9999 -9999 -9999 -9999 -9999 -9999 -9999 -9999 -9999 -9999 -9999 -9999 -9999 -9999 -9999 -9999 -9999 -9999 -9999 -9999 -9999 -9999 -9999 -9999 -9999 -9999 36259.62 36165.87 36072.15 35978.46 35884.82 35791.2 35697.62 35604.07 35510.56 35417.09 35323.64 35230.24 35136.88 35043.54 34950.25 34856.99 34763.77 34670.59 34577.45 34484.34 34391.28 34298.25
-9999 -9999 -9999 -9999 -9999 -9999 -9999 -9999 -9999 -9999 -9999 -9999 -9999 -9999 -9999 -9999 -9999 -9999 -9999 -9999 -9999 -9999 -9999 -9999 -9999 -9999 -9999 -9999 -9999 -9999 -9999 -9999 -9999 -9999 -9999 -9999 -9999 -9999 -9999 -9999 -9999 -9999 -9999 -9999 -9999 -9999 36131.15 36037.34 35943.57 35849.82 35756.12 35662.45 35568.8 35475.2 35381.63 35288.1 35194.6 35101.14 35007.71 34914.32 34820.97 34727.66 34634.38 34541.14 34447.93 34354.77 34261.64
-9999 -9999 -9999 -9999 -9999 -9999 -9999 -9999 -9999 -9999 -9999 -9999 -9999 -9999 -9999 -9999 -9999 -9999 -9999 -9999 -9999 -9999 -9999 -9999 -9999 -9999 -9999 -9999 -9999 -9999 -9999 -9999 -9999 -9999 -9999 -9999 -9999 -9999 -9999 -9999 -9999 -9999 -9999 -9999 -9999 -9999 36096.68 36002.78 35908.91 35815.08 35721.28 35627.52 35533.79 35440.09 35346.43 35252.8 35159.21 35065.65 34972.13 34878.65 34785.2 34691.79 34598.41 34505.07 34411.77 34318.51 34225.28
-9999 -9999 -9999 -9999 -9999 -9999 -9999 -9999 -9999 -9999 -9999 -9999 -9999 -9999 -9999 -9999 -9999 -9999 -9999 -9999 -9999 -9999 -9999 -9999 -9999 -9999 -9999 -9999 -9999 -9999 -9999 -9999 -9999 -9999 -9999 -9999 -9999 -9999 -9999 -9999 -9999 -9999 -9999 -9999 -9999 -9999 -9999 35968.46 35874.5 35780.58 35686.69 35592.84 35499.02 35405.23 35311.47 35217.75 35124.07 35030.41 34936.8 34843.22 34749.68 34656.17 34562.7 34469.26 34375.86 34282.5 34189.18
-9999 -9999 -9999 -9999 -9999 -9999 -9999 -9999 -9999 -9999 -9999 -9999 -9999 -9999 -9999 -9999 -9999 -9999 -9999 -9999 -9999 -9999 -9999 -9999 -9999 -9999 -9999 -9999 -9999 -9999 -9999 -9999 -9999 -9999 -9999 -9999 -9999 -9999 -9999 -9999 -9999 -9999 -9999 -9999 -9999 -9999 -9999 35934.38 35840.34 35746.33 35652.35 35558.4 35464.49 35370.61 35276.76 35182.95 35089.17 34995.43 34901.72 34808.05 34714.41 34620.8 34527.23 34433.7 34340.21 34246.75 34153.33
-9999 -9999 -9999 -9999 -9999 -9999 -9999 -9999 -9999 -9999 -9999 -9999 -9999 -9999 -9999 -9999 -9999 -9999 -9999 -9999 -9999 -9999 -9999 -9999 -9999 -9999 -9999 -9999 -9999 -9999 -9999 -9999 -9999 -9999 -9999 -9999 -9999 -9999 -9999 -9999 -9999 -9999 -9999 -9999 -9999 -9999 -9999 -9999 35806.43 35712.32 35618.25 35524.22 35430.21 35336.24 35242.3 35148.4 35054.53 34960.69 34866.89 34773.12 34679.39 34585.69 34492.03 34398.4 34304.81 34211.25 34117.74
-9999 -9999 -9999 -9999 -9999 -9999 -9999 -9999 -9999 -9999 -9999 -9999 -9999 -9999 -9999 -9999 -9999 -9999 -9999 -9999 -9999 -9999 -9999 -9999 -9999 -9999 -9999 -9999 -9999 -9999 -9999 -9999 -9999 -9999 -9999 -9999 -9999 -9999 -9999 -9999 -9999 -9999 -9999 -9999 -9999 -9999 -9999 -9999 -9999 35678.57 35584.41 35490.28 35396.19 35302.13 35208.09 35114.1 35020.14 34926.21 34832.31 34738.45 34644.63 34550.83 34457.07 34363.35 34269.66 34176.02 34082.4
-9999 -9999 -9999 -9999 -9999 -9999 -9999 -9999 -9999 -9999 -9999 -9999 -9999 -9999 -9999 -9999 -9999 -9999 -9999 -9999 -9999 -9999 -9999 -9999 -9999 -9999 -9999 -9999 -9999 -9999 -9999 -9999 -9999 -9999 -9999 -9999 -9999 -9999 -9999 -9999 -9999 -9999 -9999 -9999 -9999 -9999 -9999 -9999 -9999 -9999 -9999 35456.59 35362.41 35268.26 35174.14 35080.05 34986 34891.98 34797.99 34704.04 34610.11 34516.23 34422.38 34328.56 34234.78 34141.03 34047.32
-9999 -9999 -9999 -9999 -9999 -9999 -9999 -9999 -9999 -9999 -9999 -9999 -9999 -9999 -9999 -9999 -9999 -9999 -9999 -9999 -9999 -9999 -9999 -9999 -9999 -9999 -9999 -9999 -9999 -9999 -9999 -9999 -9999 -9999 -9999 -9999 -9999 -9999 -9999 -9999 -9999 -9999 -9999 -9999 -9999 -9999 -9999 -9999 -9999 -9999 -9999 -9999 -9999 -9999 -9999 -9999 -9999 -9999 -9999 -9999 -9999 -9999 -9999 -9999 -9999 -9999 -9999
-9999 -9999 -9999 -9999 -9999 -9999 -9999 -9999 -9999 -9999 -9999 -9999 -9999 -9999 -9999 -9999 -9999 -9999 -9999 -9999 -9999 -9999 -9999 -9999 -9999 -9999 -9999 -9999 -9999 -9999 -9999 -9999 -9999 -9999 -9999 -9999 -9999 -9999 -9999 -9999 -9999 -9999 -9999 -9999 -9999 -9999 -9999 -9999 -9999 -9999 -9999 -9999 -9999 -9999 -9999 -9999 -9999 -9999 -9999 -9999 -9999 -9999 -9999 -9999 -9999 -9999 -9999
-9999 -9999 -9999 -9999 -9999 -9999 -9999 -9999 -9999 -9999 -9999 -9999 -9999 -9999 -9999 -9999 -9999 -9999 -9999 -9999 -9999 -9999 -9999 -9999 -9999 -9999 -9999 -9999 -9999 -9999 -9999 -9999 -9999 -9999 -9999 -9999 -9999 -9999 -9999 -9999 -9999 -9999 -9999 -9999 -9999 -9999 -9999 -9999 -9999 -9999 -9999 -9999 -9999 -9999 -9999 -9999 -9999 -9999 -9999 -9999 -9999 -9999 -9999 -9999 -9999 -9999 -9999
