InputData/dist_21.txt
ncols         137
nrows         122
xllcorner     572528.41721637
yllcorner     8195621.6166888
cellsize      100
NODATA_value  -9999
[rows 29 to 57 of 122, columns 0 to 65 of 137]
-9999 -9999 -9999 -9999 -9999 -9999 -9999 -9999 -9999 -9999 -9999 -9999 -9999 -9999 -9999 -9999 -9999 -9999 -9999 -9999 -9999 -9999 -9999 19322.79 19418.03 19513.33 19608.67 19704.06 19799.49 19894.97 19990.5 20086.06 20181.68 20277.33 20373.02 20468.76 20564.53 20660.35 20752.35 20838.67 20925.11 21011.66 21098.34 21185.14 21272.05 21359.07 21446.21 21533.46 21620.82 21708.29 21795.87 21883.55 21971.35 22059.24 22147.23 22235.33 22323.53 22411.83 22500.22 22588.71 22677.3 22765.98 22854.76 22943.63 23032.59 23121.63
-9999 -9999 -9999 -9999 -9999 -9999 -9999 -9999 -9999 -9999 -9999 -9999 -9999 -9999 -9999 -9999 -9999 -9999 -9999 -9999 -9999 -9999 19258.5 19353.55 19448.65 19543.8 19638.99 19734.23 19829.52 19924.86 20020.24 20115.67 20211.13 20306.65 20402.21 20497.8 20593.45 20689.13 20784.85 20880.61 20975.46 21061.81 21148.29 21234.88 21321.59 21408.41 21495.35 21582.4 21669.56 21756.84 21844.22 21931.71 22019.31 22107.01 22194.82 22282.73 22370.74 22458.85 22547.06 22635.37 22723.78 22812.28 22900.87 22989.56 23078.35 23167.22
-9999 -9999 -9999 -9999 -9999 -9999 -9999 -9999 -9999 -9999 -9999 -9999 -9999 -9999 -9999 -9999 -9999 -9999 -9999 -9999 -9999 -9999 19289.89 19384.79 19479.73 19574.73 19669.77 19764.87 19860.01 19955.2 20050.44 20145.72 20241.05 20336.42 20431.84 20527.3 20622.8 20718.35 20813.94 20909.57 21005.24 21100.95 21196.7 21284.97 21371.48 21458.1 21544.84 21631.69 21718.66 21805.73 21892.92 21980.22 22067.62 22155.13 22242.75 22330.47 22418.3 22506.22 22594.25 22682.37 22770.6 22858.92 22947.33 23035.84 23124.45 23213.14
-9999 -9999 -9999 -9999 -9999 -9999 -9999 -9999 -9999 -9999 -9999 -9999 -9999 -9999 -9999 -9999 -9999 -9999 -9999 -9999 -9999 -9999 19321.75 19416.49 19511.28 19606.12 19701.02 19795.96 19890.95 19985.99 20081.09 20176.22 20271.41 20366.64 20461.92 20557.24 20652.6 20748.01 20843.46 20938.96 21034.5 21130.07 21225.69 21321.35 21417.05 21508.14 21594.68 21681.33 21768.1 21854.98 21941.97 22029.07 22116.28 22203.6 22291.03 22378.56 22466.2 22553.94 22641.78 22729.72 22817.76 22905.89 22994.13 23082.46 23170.89 23259.41
-9999 -9999 -9999 -9999 -9999 -9999 -9999 -9999 -9999 -9999 -9999 -9999 -9999 -9999 -9999 -9999 -9999 -9999 -9999 -9999 -9999 -9999 19354.07 19448.65 19543.29 19637.97 19732.71 19827.51 19922.35 20017.24 20112.19 20207.18 20302.22 20397.3 20492.44 20587.62 20682.84 20778.11 20873.43 20968.79 21064.19 21159.63 21255.12 21350.64 21446.21 21541.82 21637.47 21731.31 21817.88 21904.57 21991.36 22078.27 22165.29 22252.42 22339.65 22426.99 22514.44 22601.99 22689.64 22777.4 22865.26 22953.21 23041.27 23129.42 23217.67 23306.01
-9999 -9999 -9999 -9999 -9999 -9999 -9999 -9999 -9999 -9999 -9999 -9999 -9999 -9999 -9999 -9999 -9999 -9999 -9999 -9999 -9999 -9999 19386.85 19481.27 19575.75 19670.28 19764.87 19859.51 19954.2 20048.94 20143.73 20238.58 20333.47 20428.41 20523.4 20618.44 20713.52 20808.65 20903.83 20999.05 21094.31 21189.62 21284.97 21380.37 21475.8 21571.28 21666.79 21762.35 21857.95 21953.59 22041.1 22127.81 22214.63 22301.57 22388.61 22475.77 22563.02 22650.39 22737.85 22825.42 22913.1 23000.87 23088.74 23176.71 23264.78 23352.94
-9999 -9999 -9999 -9999 -9999 -9999 -9999 -9999 -9999 -9999 -9999 -9999 -9999 -9999 -9999 -9999 -9999 -9999 -9999 -9999 -9999 19325.89 19420.09 19514.35 19608.67 19703.04 19797.47 19891.96 19986.5 20081.09 20175.73 20270.42 20365.17 20459.96 20554.8 20649.7 20744.64 20839.63 20934.66 21029.74 21124.87 21220.04 21315.25 21410.51 21505.81 21601.16 21696.54 21791.97 21887.44 21982.95 22078.5 22174.08 22264.32 22351.06 22437.91 22524.88 22611.94 22699.12 22786.4 22873.78 22961.27 23048.86 23136.55 23224.34 23312.23 23400.21
-9999 -9999 -9999 -9999 -9999 -9999 -9999 -9999 -9999 -9999 -9999 -9999 -9999 -9999 -9999 -9999 -9999 -9999 -9999 -9999 -9999 19359.75 19453.79 19547.89 19642.05 19736.26 19830.53 19924.86 20019.24 20113.68 20208.17 20302.71 20397.3 20491.95 20586.65 20681.39 20776.19 20871.03 20965.92 21060.86 21155.85 21250.88 21345.96 21441.08 21536.25 21631.46 21726.71 21822.01 21917.35 22012.72 22108.14 22203.6 22299.1 22394.64 22487.55 22574.32 22661.2 22748.19 22835.28 22922.48 23009.78 23097.19 23184.69 23272.3 23360.01 23447.81
-9999 -9999 -9999 -9999 -9999 -9999 -9999 -9999 -9999 -9999 -9999 -9999 -9999 -9999 -9999 -9999 -9999 -9999 -9999 -9999 -9999 19394.07 19487.95 19581.88 19675.87 19769.93 19864.04 19958.21 20052.43 20146.71 20241.05 20335.44 20429.88 20524.38 20618.92 20713.52 20808.17 20902.87 20997.62 21092.42 21187.26 21282.15 21377.09 21472.07 21567.11 21662.18 21757.3 21852.46 21947.66 22042.91 22138.2 22233.53 22328.9 22424.32 22519.77 22615.26 22710.79 22797.59 22884.49 22971.5 23058.62 23145.84 23233.17 23320.59 23408.12 23495.74
-9999 -9999 -9999 -9999 -9999 -9999 -9999 -9999 -9999 -9999 -9999 -9999 -9999 -9999 -9999 -9999 -9999 -9999 -9999 -9999 -9999 19428.84 19522.55 19616.32 19710.15 19804.04 19897.99 19992 20086.06 20180.19 20274.37 20368.6 20462.89 20557.24 20651.63 20746.08 20840.59 20935.14 21029.74 21124.39 21219.1 21313.85 21408.64 21503.49 21598.38 21693.32 21788.3 21883.33 21978.4 22073.51 22168.67 22263.87 22359.12 22454.4 22549.72 22645.09 22740.49 22835.94 22931.42 23020.86 23107.79 23194.83 23281.97 23369.21 23456.55 23544
-9999 -9999 -9999 -9999 -9999 -9999 -9999 -9999 -9999 -9999 -9999 -9999 -9999 -9999 -9999 -9999 -9999 -9999 -9999 -9999 -9999 19464.07 19557.61 19651.21 19744.87 19838.6 19932.38 20026.23 20120.14 20214.1 20308.13 20402.21 20496.34 20590.53 20684.78 20779.08 20873.43 20967.83 21062.29 21156.79 21251.35 21345.96 21440.62 21535.32 21630.07 21724.87 21819.72 21914.61 22009.54 22104.53 22199.55 22294.62 22389.73 22484.88 22580.08 22675.32 22770.6 22865.91 22961.27 23056.67 23152.11 23244.14 23331.1 23418.16 23505.32 23592.58
-9999 -9999 -9999 -9999 -9999 -9999 -9999 -9999 -9999 -9999 -9999 -9999 -9999 -9999 -9999 -9999 -9999 -9999 -9999 -9999 19406.44 19499.74 19593.11 19686.54 19780.04 19873.6 19967.22 20060.91 20154.65 20248.46 20342.32 20436.24 20530.22 20624.26 20718.35 20812.5 20906.7 21000.95 21095.26 21189.62 21284.03 21378.49 21473.01 21567.57 21662.18 21756.84 21851.54 21946.3 22041.1 22135.94 22230.83 22325.77 22420.75 22515.77 22610.84 22705.95 22801.1 22896.29 22991.52 23086.79 23182.11 23277.46 23372.85 23467.42 23554.4 23641.49
-9999 -9999 -9999 -9999 -9999 -9999 -9999 -9999 -9999 -9999 -9999 -9999 -9999 -9999 -9999 -9999 -9999 -9999 -9999 19349.68 19442.74 19535.87 19629.06 19722.32 19815.65 19909.04 20002.5 20096.02 20189.6 20283.24 20376.95 20470.71 20564.53 20658.41 20752.35 20846.34 20940.39 21034.5 21128.65 21222.87 21317.13 21411.45 21505.81 21600.23 21694.7 21789.22 21883.78 21978.4 22073.06 22167.77 22262.53 22357.33 22452.17 22547.06 22642 22736.97 22831.99 22927.06 23022.16 23117.31 23212.5 23307.72 23402.99 23498.3 23593.64 23689.03
-9999 -9999 -9999 -9999 -9999 -9999 -9999 -9999 -9999 -9999 -9999 -9999 -9999 -9999 -9999 -9999 -9999 -9999 19293.78 19386.59 19479.48 19572.43 19665.45 19758.54 19851.7 19944.92 20038.21 20131.57 20224.98 20318.46 20412.01 20505.61 20599.27 20692.99 20786.78 20880.61 20974.51 21068.46 21162.47 21256.53 21350.64 21444.81 21539.04 21633.31 21727.63 21822.01 21916.43 22010.91 22105.43 22200 22294.62 22389.28 22483.99 22578.75 22673.55 22768.4 22863.29 22958.22 23053.2 23148.22 23243.28 23338.38 23433.52 23528.71 23623.93 23719.19
-9999 -9999 -9999 -9999 -9999 -9999 -9999 -9999 -9999 -9999 -9999 -9999 -9999 -9999 -9999 -9999 -9999 19238.76 19331.32 19423.96 19516.66 19609.44 19702.28 19795.2 19888.19 19981.24 20074.36 20167.55 20260.8 20354.12 20447.49 20540.94 20634.44 20728 20821.62 20915.3 21009.04 21102.84 21196.7 21290.61 21384.57 21478.59 21572.67 21666.79 21760.97 21855.21 21949.49 22043.82 22138.2 22232.63 22327.11 22421.64 22516.22 22610.84 22705.51 22800.22 22894.98 22989.78 23084.63 23179.52 23274.45 23369.42 23464.44 23559.5 23654.6 23749.74
-9999 -9999 -9999 -9999 -9999 -9999 -9999 -9999 -9999 -9999 -9999 -9999 -9999 -9999 -9999 -9999 19184.63 19276.93 19369.3 19461.76 19554.28 19646.88 19739.55 19832.3 19925.11 20017.99 20110.94 20203.96 20297.04 20390.19 20483.41 20576.69 20670.03 20763.43 20856.89 20950.42 21044 21137.64 21231.35 21325.1 21418.92 21512.79 21606.71 21700.69 21794.72 21888.81 21982.95 22077.14 22171.38 22265.67 22360.01 22454.4 22548.84 22643.32 22737.85 22832.43 22927.06 23021.73 23116.45 23211.21 23306.01 23400.86 23495.74 23590.68 23685.65 23780.66
-9999 -9999 -9999 -9999 -9999 -9999 -9999 -9999 -9999 -9999 -9999 -9999 -9999 -9999 -9999 -9999 19223.42 19315.54 19407.73 19500 19592.35 19684.77 19777.26 19869.83 19962.46 20055.17 20147.95 20240.8 20333.72 20426.7 20519.75 20612.86 20706.04 20799.28 20892.58 20985.95 21079.37 21172.86 21266.41 21360.01 21453.67 21547.39 21641.16 21734.99 21828.88 21922.82 22016.81 22110.86 22204.96 22299.1 22393.3 22487.55 22581.85 22676.2 22770.6 22865.04 22959.53 23054.07 23148.65 23243.28 23337.95 23432.67 23527.43 23622.23 23717.08 23811.97
-9999 -9999 -9999 -9999 -9999 -9999 -9999 -9999 -9999 -9999 -9999 -9999 -9999 -9999 -9999 -9999 19262.66 19354.59 19446.59 19538.68 19630.84 19723.08 19815.4 19907.79 20000.25 20092.79 20185.39 20278.07 20370.81 20463.63 20556.51 20649.46 20742.47 20835.55 20928.69 21021.89 21115.16 21208.49 21301.88 21395.33 21488.83 21582.4 21676.02 21769.7 21863.44 21957.23 22051.08 22144.98 22238.93 22332.94 22426.99 22521.1 22615.26 22709.47 22803.73 22898.04 22992.39 23086.79 23181.24 23275.74 23370.28 23464.87 23559.5 23654.18 23748.89 23843.66
-9999 -9999 -9999 -9999 -9999 -9999 -9999 -9999 -9999 -9999 -9999 -9999 -9999 -9999 -9999 19210.67 19302.33 19394.07 19485.89 19577.79 19669.77 19761.83 19853.97 19946.18 20038.46 20130.82 20223.25 20315.76 20408.33 20500.98 20593.69 20686.47 20779.32 20872.23 20965.21 21058.25 21151.36 21244.53 21337.76 21431.05 21524.4 21617.82 21711.29 21804.82 21898.4 21992.04 22085.74 22179.49 22273.3 22367.16 22461.08 22555.04 22649.06 22743.13 22837.25 22931.42 23025.64 23119.9 23214.22 23308.58 23402.99 23497.45 23591.95 23686.49 23781.08 23875.72
-9999 -9999 -9999 -9999 -9999 -9999 -9999 -9999 -9999 -9999 -9999 -9999 -9999 -9999 -9999 19250.97 19342.44 19433.99 19525.63 19617.34 19709.13 19801.01 19892.96 19984.99 20077.1 20169.28 20261.54 20353.87 20446.27 20538.74 20631.29 20723.9 20816.58 20909.33 21002.14 21095.02 21187.97 21280.98 21374.05 21467.18 21560.38 21653.64 21746.95 21840.33 21933.76 22027.26 22120.8 22214.41 22308.07 22401.79 22495.55 22589.38 22683.25 22777.18 22871.16 22965.19 23059.27 23153.4 23247.58 23341.81 23436.08 23530.41 23624.78 23719.19 23813.65 23908.16
-9999 -9999 -9999 -9999 -9999 -9999 -9999 -9999 -9999 -9999 -9999 -9999 -9999 -9999 19200.52 19291.71 19382.98 19474.34 19565.79 19657.31 19748.92 19840.62 19932.38 20024.23 20116.16 20208.17 20300.25 20392.4 20484.63 20576.93 20669.3 20761.74 20854.26 20946.84 21039.49 21132.2 21224.98 21317.83 21410.74 21503.72 21596.76 21689.86 21783.02 21876.24 21969.52 22062.87 22156.26 22249.72 22343.23 22436.8 22530.42 22624.1 22717.83 22811.62 22905.46 22999.35 23093.29 23187.28 23281.32 23375.41 23469.55 23563.74 23657.98 23752.26 23846.59 23940.97
-9999 -9999 -9999 -9999 -9999 -9999 -9999 -9999 -9999 -9999 -9999 -9999 -9999 19150.98 19241.88 19332.87 19423.96 19515.12 19606.38 19697.71 19789.14 19880.64 19972.23 20063.9 20155.64 20247.47 20339.37 20431.35 20523.4 20615.53 20707.73 20800 20892.34 20984.76 21077.24 21169.79 21262.41 21355.09 21447.84 21540.66 21633.54 21726.48 21819.49 21912.55 22005.68 22098.87 22192.12 22285.42 22378.79 22472.21 22565.68 22659.21 22752.8 22846.44 22940.14 23033.89 23127.69 23221.54 23315.45 23409.4 23503.4 23597.46 23691.56 23785.71 23879.91 23974.15
-9999 -9999 -9999 -9999 -9999 -9999 -9999 -9999 -9999 -9999 -9999 -9999 19102.36 19192.97 19283.67 19374.47 19465.35 19556.33 19647.39 19738.54 19829.78 19921.09 20012.5 20103.98 20195.54 20287.19 20378.91 20470.71 20562.59 20654.54 20746.57 20838.67 20930.84 21023.08 21115.4 21207.78 21300.23 21392.76 21485.34 21578 21670.72 21763.5 21856.35 21949.26 22042.23 22135.27 22228.36 22321.51 22414.73 22508 22601.33 22694.71 22788.15 22881.65 22975.2 23068.81 23162.47 23256.18 23349.95 23443.76 23537.63 23631.55 23725.51 23819.53 23913.59 24007.71
-9999 -9999 -9999 -9999 -9999 -9999 -9999 -9999 -9999 -9999 18964.44 19054.66 19144.97 19235.38 19325.89 19416.49 19507.18 19597.96 19688.83 19779.79 19870.83 19961.96 20053.18 20144.48 20235.86 20327.32 20418.86 20510.48 20602.18 20693.96 20785.81 20877.74 20969.74 21061.81 21153.96 21246.18 21338.46 21430.82 21523.24 21615.73 21708.29 21800.92 21893.61 21986.36 22079.18 22172.05 22264.99 22358 22451.06 22544.18 22637.36 22730.6 22823.89 22917.24 23010.65 23104.11 23197.63 23291.2 23384.82 23478.5 23572.23 23666.01 23759.84 23853.72 23947.65 24041.63
-9999 -9999 -9999 -9999 -9999 -9999 -9999 -9999 -9999 -9999 19007.89 19097.91 19188.02 19278.23 19368.53 19458.93 19549.42 19640.01 19730.69 19821.45 19912.31 20003.25 20094.28 20185.39 20276.59 20367.87 20459.23 20550.67 20642.19 20733.79 20825.46 20917.22 21009.04 21100.95 21192.92 21284.97 21377.09 21469.28 21561.54 21653.87 21746.26 21838.73 21931.26 22023.85 22116.51 22209.23 22302.02 22394.87 22487.78 22580.74 22673.77 22766.86 22860.01 22953.21 23046.47 23139.79 23233.17 23326.59 23420.08 23513.61 23607.2 23700.84 23794.54 23888.28 23982.08 24075.92
-9999 -9999 -9999 -9999 -9999 -9999 -9999 -9999 -9999 -9999 19051.77 19141.58 19231.48 19321.49 19411.59 19501.79 19592.09 19682.48 19772.96 19863.54 19954.2 20044.95 20135.79 20226.71 20317.73 20408.82 20500 20591.26 20682.6 20774.02 20865.52 20957.1 21048.75 21140.48 21232.29 21324.16 21416.12 21508.14 21600.23 21692.39 21784.63 21876.93 21969.3 22061.73 22154.23 22246.8 22339.43 22432.12 22524.88 22617.69 22710.57 22803.51 22896.51 22989.56 23082.68 23175.85 23269.08 23362.36 23455.7 23549.1 23642.55 23736.05 23829.6 23923.21 24016.87 24110.58
-9999 -9999 -9999 -9999 -9999 -9999 -9999 -9999 -9999 19006.58 19096.07 19185.67 19275.37 19365.18 19455.08 19545.08 19635.17 19725.37 19815.65 19906.03 19996.5 20087.06 20177.71 20268.45 20359.27 20450.18 20541.18 20632.26 20723.42 20814.66 20905.98 20997.38 21088.86 21180.42 21272.05 21363.75 21455.54 21547.39 21639.32 21731.31 21823.38 21915.52 22007.73 22100 22192.34 22284.75 22377.22 22469.76 22562.36 22655.02 22747.75 22840.53 22933.38 23026.29 23119.26 23212.28 23305.36 23398.5 23491.7 23584.95 23678.26 23771.62 23865.04 23958.51 24052.03 24145.6
-9999 -9999 -9999 -9999 -9999 -9999 -9999 -9999 -9999 19051.51 19140.79 19230.19 19319.68 19409.28 19498.97 19588.77 19678.67 19768.66 19858.75 19948.94 20039.21 20129.58 20220.04 20310.59 20401.22 20491.95 20582.76 20673.65 20764.63 20855.7 20946.84 21038.06 21129.36 21220.74 21312.2 21403.74 21495.35 21587.03 21678.79 21770.62 21862.53 21954.5 22046.54 22138.65 22230.83 22323.08 22415.4 22507.78 22600.22 22692.73 22785.3 22877.94 22970.63 23063.39 23156.21 23249.09 23342.02 23435.02 23528.07 23621.18 23714.34 23807.56 23900.84 23994.17 24087.55 24180.98
-9999 -9999 -9999 -9999 -9999 -9999 -9999 -9999 -9999 19096.07 19185.67 19275.11 19364.4 19453.79 19543.29 19632.88 19722.58 19812.37 19902.26 19992.25 20082.33 20172.51 20262.77 20353.13 20443.58 20534.12 20624.74 20715.45 20806.25 20897.13 20988.09 21079.14 21170.26 21261.47 21352.75 21444.11 21535.55 21627.07 21718.66 21810.32 21902.05 21993.86 22085.74 22177.69 22269.71 22361.8 22453.95 22546.18 22638.46 22730.82 22823.23 22915.71 23008.26 23100.87 23193.53 23286.26 23379.05 23471.9 23564.8 23657.77 23750.79 23843.87 23937 24030.19 24123.43 24216.73
