InputData/dist_11.txt
ncols         198
nrows         190
xllcorner     538598.12187439
yllcorner     8171838.0187071
cellsize      100
NODATA_value  -9999
[rows 150 to 179 of 190, columns 0 to 66 of 198]
-9999 -9999 -9999 -9999 -9999 -9999 -9999 1204.159 1140.175 1081.665 1029.563 984.8858 921.9545 848.5281 781.025 707.1068 640.3124 565.6854 500 424.2641 360.5551 282.8427 223.6068 141.4214 100 100 0 0 100 100 141.4214 223.6068 282.8427 316.2278 360.5551 412.3106 447.2136 500 565.6854 632.4555 670.8204 721.1102 781.025 848.5281 894.4272 943.3981 1000 1063.015 1131.371 1204.159 1252.996 1303.84 1360.147 1421.267 1476.482 1526.434 1581.139 1640.122 1700 1749.286 1802.776 1860.108 1920.937 1969.772 2012.461 2059.126 2109.502
-9999 -9999 -9999 -9999 -9999 -9999 1204.159 1131.371 1063.015 1000 943.3981 894.4272 848.5281 781.025 707.1068 640.3124 565.6854 500 424.2641 360.5551 282.8427 223.6068 141.4214 100 0 0 0 100 141.4214 200 223.6068 282.8427 360.5551 412.3106 447.2136 500 538.5165 583.0952 640.3124 707.1068 761.5773 806.2258 860.2325 921.9545 984.8858 1029.563 1081.665 1140.175 1204.159 1272.792 1341.641 1389.244 1442.22 1500 1562.05 1612.452 1664.332 1720.465 1780.449 1835.756 1886.796 1941.649 2000 2061.553 2102.38 2147.091 2195.45
-9999 -9999 -9999 -9999 -9999 -9999 1131.371 1063.015 989.9495 921.9545 860.2325 806.2258 761.5773 707.1068 640.3124 565.6854 500 424.2641 360.5551 282.8427 223.6068 141.4214 100 0 0 100 100 141.4214 223.6068 282.8427 316.2278 360.5551 424.2641 500 538.5165 583.0952 632.4555 670.8204 721.1102 781.025 848.5281 894.4272 943.3981 1000 1063.015 1118.034 1166.19 1220.656 1280.625 1345.362 1414.214 1476.482 1526.434 1581.139 1640.122 1700 1749.286 1802.776 1860.108 1920.937 1972.308 2024.846 2080.865 2140.094 2193.171 2236.068 2282.542
-9999 -9999 -9999 -9999 -9999 1131.371 1063.015 989.9495 921.9545 848.5281 781.025 721.1102 670.8204 632.4555 565.6854 500 424.2641 360.5551 282.8427 223.6068 141.4214 100 0 0 100 141.4214 200 223.6068 282.8427 360.5551 412.3106 447.2136 500 565.6854 632.4555 670.8204 721.1102 761.5773 806.2258 860.2325 921.9545 984.8858 1029.563 1081.665 1140.175 1204.159 1252.996 1303.84 1360.147 1421.267 1486.607 1555.635 1612.452 1664.332 1720.465 1780.449 1835.756 1886.796 1941.649 2000 2059.126 2109.502 2163.331 2220.36 2280.351 2325.941 2370.654
-9999 -9999 -9999 -9999 1140.175 1063.015 989.9495 921.9545 848.5281 781.025 707.1068 640.3124 583.0952 538.5165 500 424.2641 360.5551 282.8427 223.6068 141.4214 100 0 0 100 141.4214 223.6068 282.8427 316.2278 360.5551 424.2641 500 538.5165 583.0952 640.3124 707.1068 761.5773 806.2258 854.4004 894.4272 943.3981 1000 1063.015 1118.034 1166.19 1220.656 1280.625 1341.641 1389.244 1442.22 1500 1562.05 1627.882 1697.056 1749.286 1802.776 1860.108 1920.937 1972.308 2024.846 2080.865 2140.094 2195.45 2247.22 2302.173 2360.085 2416.609 2459.675
-9999 -9999 -9999 1166.19 1081.665 1000 921.9545 848.5281 781.025 707.1068 640.3124 565.6854 500 447.2136 412.3106 360.5551 282.8427 223.6068 141.4214 100 0 0 100 141.4214 223.6068 282.8427 360.5551 412.3106 447.2136 500 565.6854 632.4555 670.8204 721.1102 781.025 848.5281 894.4272 943.3981 984.8858 1029.563 1081.665 1140.175 1204.159 1252.996 1303.84 1360.147 1421.267 1476.482 1526.434 1581.139 1640.122 1702.939 1769.181 1835.756 1886.796 1941.649 2000 2059.126 2109.502 2163.331 2220.36 2280.351 2332.381 2385.372 2441.311 2500 2549.51
-9999 -9999 -9999 1118.034 1029.563 943.3981 860.2325 781.025 707.1068 640.3124 565.6854 500 424.2641 360.5551 316.2278 282.8427 223.6068 141.4214 100 0 0 100 141.4214 223.6068 282.8427 360.5551 424.2641 500 538.5165 583.0952 640.3124 707.1068 761.5773 806.2258 860.2325 921.9545 984.8858 1029.563 1077.033 1118.034 1166.19 1220.656 1280.625 1341.641 1389.244 1442.22 1500 1562.05 1612.452 1664.332 1720.465 1780.449 1843.909 1910.497 1972.308 2024.846 2080.865 2140.094 2195.45 2247.22 2302.173 2360.085 2418.677 2469.818 2523.886 2580.698 2640.076
-9999 -9999 1170.47 1077.033 984.8858 894.4272 806.2258 721.1102 640.3124 565.6854 500 424.2641 360.5551 282.8427 223.6068 200 141.4214 100 0 0 100 141.4214 223.6068 282.8427 360.5551 424.2641 500 565.6854 632.4555 670.8204 721.1102 781.025 848.5281 894.4272 943.3981 1000 1063.015 1118.034 1166.19 1208.305 1252.996 1303.84 1360.147 1421.267 1476.482 1526.434 1581.139 1640.122 1700 1749.286 1802.776 1860.108 1920.937 1984.943 2051.828 2109.502 2163.331 2220.36 2280.351 2332.381 2385.372 2441.311 2500 2555.386 2607.681 2662.705 2720.294
-9999 1236.932 1140.175 1044.031 948.6833 854.4004 761.5773 670.8204 583.0952 500 424.2641 360.5551 282.8427 223.6068 141.4214 100 100 0 0 100 141.4214 223.6068 282.8427 360.5551 424.2641 500 565.6854 640.3124 707.1068 761.5773 806.2258 860.2325 921.9545 984.8858 1029.563 1081.665 1140.175 1204.159 1252.996 1300 1341.641 1389.244 1442.22 1500 1562.05 1612.452 1664.332 1720.465 1780.449 1835.756 1886.796 1941.649 2000 2061.553 2126.029 2193.171 2247.22 2302.173 2360.085 2418.677 2469.818 2523.886 2580.698 2640.076 2692.583 2745.906 2801.785
1315.295 1216.552 1118.034 1019.804 921.9545 824.6212 728.011 632.4555 538.5165 447.2136 360.5551 282.8427 223.6068 141.4214 100 0 0 0 100 141.4214 223.6068 282.8427 360.5551 424.2641 500 565.6854 640.3124 707.1068 781.025 848.5281 894.4272 943.3981 1000 1063.015 1118.034 1166.19 1220.656 1280.625 1341.641 1389.244 1431.782 1476.482 1526.434 1581.139 1640.122 1700 1749.286 1802.776 1860.108 1920.937 1972.308 2024.846 2080.865 2140.094 2202.271 2267.157 2332.381 2385.372 2441.311 2500 2555.386 2607.681 2662.705 2720.294 2778.489 2830.194 2884.441
-9999 -9999 -9999 -9999 -9999 -9999 -9999 -9999 -9999 -9999 316.2278 223.6068 141.4214 100 0 0 100 100 141.4214 223.6068 282.8427 360.5551 424.2641 500 565.6854 640.3124 707.1068 781.025 848.5281 921.9545 984.8858 1029.563 1081.665 1140.175 1204.159 1252.996 1303.84 1360.147 1421.267 1476.482 1523.155 1565.248 1612.452 1664.332 1720.465 1780.449 1835.756 1886.796 1941.649 2000 2059.126 2109.502 2163.331 2220.36 2280.351 2343.075 2408.319 2469.818 2523.886 2580.698 2640.076 2692.583 2745.906 2801.785 2860.07 2915.476 2968.164
-9999 -9999 -9999 -9999 -9999 -9999 -9999 -9999 -9999 -9999 -9999 -9999 100 0 0 100 141.4214 200 223.6068 282.8427 360.5551 424.2641 500 565.6854 640.3124 707.1068 781.025 848.5281 921.9545 989.9495 1063.015 1118.034 1166.19 1220.656 1280.625 1341.641 1389.244 1442.22 1500 1562.05 1612.452 1655.295 1700 1749.286 1802.776 1860.108 1920.937 1972.308 2024.846 2080.865 2140.094 2195.45 2247.22 2302.173 2360.085 2420.744 2483.948 2549.51 2607.681 2662.705 2720.294 2778.489 2830.194 2884.441 2941.088 3000 3052.867
-9999 -9999 -9999 -9999 -9999 -9999 -9999 -9999 -9999 -9999 -9999 -9999 -9999 -9999 100 141.4214 223.6068 282.8427 316.2278 360.5551 424.2641 500 565.6854 640.3124 707.1068 781.025 848.5281 921.9545 989.9495 1063.015 1131.371 1204.159 1252.996 1303.84 1360.147 1421.267 1476.482 1526.434 1581.139 1640.122 1700 1746.425 1788.854 1835.756 1886.796 1941.649 2000 2059.126 2109.502 2163.331 2220.36 2280.351 2332.381 2385.372 2441.311 2500 2561.25 2624.881 2690.725 2745.906 2801.785 2860.07 2915.476 2968.164 3023.243 3080.584 3138.471
-9999 -9999 -9999 -9999 -9999 -9999 -9999 -9999 -9999 -9999 -9999 -9999 -9999 -9999 141.4214 223.6068 282.8427 360.5551 412.3106 447.2136 500 565.6854 640.3124 707.1068 781.025 848.5281 921.9545 989.9495 1063.015 1131.371 1204.159 1272.792 1341.641 1389.244 1442.22 1500 1562.05 1612.452 1664.332 1720.465 1780.449 1835.756 1878.829 1923.538 1972.308 2024.846 2080.865 2140.094 2195.45 2247.22 2302.173 2360.085 2418.677 2469.818 2523.886 2580.698 2640.076 2701.851 2765.863 2830.194 2884.441 2941.088 3000 3052.867 3106.445 3162.278 3220.249
-9999 -9999 -9999 -9999 -9999 -9999 -9999 -9999 -9999 -9999 -9999 -9999 -9999 -9999 -9999 282.8427 360.5551 424.2641 500 538.5165 583.0952 640.3124 707.1068 781.025 848.5281 921.9545 989.9495 1063.015 1131.371 1204.159 1272.792 1345.362 1414.214 1476.482 1526.434 1581.139 1640.122 1700 1749.286 1802.776 1860.108 1920.937 1969.772 2012.461 2059.126 2109.502 2163.331 2220.36 2280.351 2332.381 2385.372 2441.311 2500 2555.386 2607.681 2662.705 2720.294 2780.288 2842.534 2906.888 2968.164 3023.243 3080.584 3138.471 3190.611 3244.996 3301.515
-9999 -9999 -9999 -9999 -9999 -9999 -9999 -9999 -9999 -9999 -9999 -9999 -9999 -9999 -9999 -9999 424.2641 500 565.6854 632.4555 670.8204 721.1102 781.025 848.5281 921.9545 989.9495 1063.015 1131.371 1204.159 1272.792 1345.362 1414.214 1486.607 1555.635 1612.452 1664.332 1720.465 1780.449 1835.756 1886.796 1941.649 2000 2061.553 2102.38 2147.091 2195.45 2247.22 2302.173 2360.085 2418.677 2469.818 2523.886 2580.698 2640.076 2692.583 2745.906 2801.785 2860.07 2920.616 2983.287 3047.95 3106.445 3162.278 3220.249 3275.668 3328.663 3383.785
-9999 -9999 -9999 -9999 -9999 -9999 -9999 -9999 -9999 -9999 -9999 -9999 -9999 -9999 -9999 -9999 -9999 565.6854 640.3124 707.1068 761.5773 806.2258 860.2325 921.9545 989.9495 1063.015 1131.371 1204.159 1272.792 1345.362 1414.214 1486.607 1555.635 1627.882 1697.056 1749.286 1802.776 1860.108 1920.937 1972.308 2024.846 2080.865 2140.094 2193.171 2236.068 2282.542 2332.381 2385.372 2441.311 2500 2555.386 2607.681 2662.705 2720.294 2778.489 2830.194 2884.441 2941.088 3000 3061.046 3124.1 3189.044 3244.996 3301.515 3360.06 3413.21 3466.987
-9999 -9999 -9999 -9999 -9999 -9999 -9999 -9999 -9999 -9999 -9999 -9999 -9999 -9999 -9999 -9999 -9999 -9999 707.1068 781.025 848.5281 894.4272 943.3981 1000 1063.015 1131.371 1204.159 1272.792 1345.362 1414.214 1486.607 1555.635 1627.882 1697.056 1769.181 1835.756 1886.796 1941.649 2000 2059.126 2109.502 2163.331 2220.36 2280.351 2325.941 2370.654 2418.677 2469.818 2523.886 2580.698 2640.076 2692.583 2745.906 2801.785 2860.07 2915.476 2968.164 3023.243 3080.584 3140.064 3201.562 3264.966 3328.663 3383.785 3440.93 3498.571 3551.056
-9999 -9999 -9999 -9999 -9999 -9999 -9999 -9999 -9999 -9999 -9999 -9999 -9999 -9999 -9999 -9999 -9999 -9999 -9999 848.5281 921.9545 984.8858 1029.563 1081.665 1140.175 1204.159 1272.792 1345.362 1414.214 1486.607 1555.635 1627.882 1697.056 1769.181 1838.478 1910.497 1972.308 2024.846 2080.865 2140.094 2195.45 2247.22 2302.173 2360.085 2416.609 2459.675 2505.993 2555.386 2607.681 2662.705 2720.294 2778.489 2830.194 2884.441 2941.088 3000 3052.867 3106.445 3162.278 3220.249 3280.244 3342.155 3405.877 3466.987 3522.783 3580.503 3635.932
-9999 -9999 -9999 -9999 -9999 -9999 -9999 -9999 -9999 -9999 -9999 -9999 -9999 -9999 -9999 -9999 -9999 -9999 -9999 -9999 989.9495 1063.015 1118.034 1166.19 1220.656 1280.625 1345.362 1414.214 1486.607 1555.635 1627.882 1697.056 1769.181 1838.478 1910.497 1979.899 2051.828 2109.502 2163.331 2220.36 2280.351 2332.381 2385.372 2441.311 2500 2549.51 2594.224 2641.969 2692.583 2745.906 2801.785 2860.07 2915.476 2968.164 3023.243 3080.584 3138.471 3190.611 3244.996 3301.515 3360.06 3420.526 3482.815 3546.83 3605.551 3661.967 3720.215
-9999 -9999 -9999 -9999 -9999 -9999 -9999 -9999 -9999 -9999 -9999 -9999 -9999 -9999 -9999 -9999 -9999 -9999 -9999 -9999 1063.015 1131.371 1204.159 1252.996 1303.84 1360.147 1421.267 1486.607 1555.635 1627.882 1697.056 1769.181 1838.478 1910.497 1979.899 2051.828 2121.32 2193.171 2247.22 2302.173 2360.085 2418.677 2469.818 2523.886 2580.698 2640.076 2683.281 2729.469 2778.489 2830.194 2884.441 2941.088 3000 3052.867 3106.445 3162.278 3220.249 3275.668 3328.663 3383.785 3440.93 3500 3560.899 3623.534 3687.818 3744.329 3801.316
-9999 -9999 -9999 -9999 -9999 -9999 -9999 -9999 -9999 -9999 -9999 -9999 -9999 -9999 -9999 -9999 -9999 -9999 -9999 -9999 -9999 1204.159 1272.792 1341.641 1389.244 1442.22 1500 1562.05 1627.882 1697.056 1769.181 1838.478 1910.497 1979.899 2051.828 2121.32 2193.171 2262.742 2332.381 2385.372 2441.311 2500 2555.386 2607.681 2662.705 2720.294 2773.085 2817.801 2865.31 2915.476 2968.164 3023.243 3080.584 3138.471 3190.611 3244.996 3301.515 3360.06 3413.21 3466.987 3522.783 3580.503 3640.055 3701.351 3764.306 3827.532 3883.298
-9999 -9999 -9999 -9999 -9999 -9999 -9999 -9999 -9999 -9999 -9999 -9999 -9999 -9999 -9999 -9999 -9999 -9999 -9999 -9999 -9999 -9999 1345.362 1414.214 1476.482 1526.434 1581.139 1640.122 1702.939 1769.181 1838.478 1910.497 1979.899 2051.828 2121.32 2193.171 2262.742 2334.523 2404.163 2469.818 2523.886 2580.698 2640.076 2692.583 2745.906 2801.785 2860.07 2906.888 2952.965 3001.666 3052.867 3106.445 3162.278 3220.249 3275.668 3328.663 3383.785 3440.93 3498.571 3551.056 3605.551 3661.967 3720.215 3780.212 3841.875 3905.125 3966.106
-9999 -9999 -9999 -9999 -9999 -9999 -9999 -9999 -9999 -9999 -9999 -9999 -9999 -9999 -9999 -9999 -9999 -9999 -9999 -9999 -9999 -9999 -9999 1486.607 1555.635 1612.452 1664.332 1720.465 1780.449 1843.909 1910.497 1979.899 2051.828 2121.32 2193.171 2262.742 2334.523 2404.163 2475.884 2545.584 2607.681 2662.705 2720.294 2778.489 2830.194 2884.441 2941.088 2996.665 3041.381 3088.689 3138.471 3190.611 3244.996 3301.515 3360.06 3413.21 3466.987 3522.783 3580.503 3635.932 3689.173 3744.329 3801.316 3860.052 3920.459 3982.462 4045.986
-9999 -9999 -9999 -9999 -9999 -9999 -9999 -9999 -9999 -9999 -9999 -9999 -9999 -9999 -9999 -9999 -9999 -9999 -9999 -9999 -9999 -9999 -9999 -9999 1627.882 1697.056 1749.286 1802.776 1860.108 1920.937 1984.943 2051.828 2121.32 2193.171 2262.742 2334.523 2404.163 2475.884 2545.584 2617.25 2687.006 2745.906 2801.785 2860.07 2915.476 2968.164 3023.243 3080.584 3130.495 3176.476 3224.903 3275.668 3328.663 3383.785 3440.93 3498.571 3551.056 3605.551 3661.967 3720.215 3773.593 3827.532 3883.298 3940.812 4000 4060.788 4123.105
-9999 -9999 -9999 -9999 -9999 -9999 -9999 -9999 -9999 -9999 -9999 -9999 -9999 -9999 -9999 -9999 -9999 -9999 -9999 -9999 -9999 -9999 -9999 -9999 -9999 1769.181 1835.756 1886.796 1941.649 2000 2061.553 2126.029 2193.171 2262.742 2334.523 2404.163 2475.884 2545.584 2617.25 2687.006 2758.623 2828.427 2884.441 2941.088 3000 3052.867 3106.445 3162.278 3220.249 3264.966 3312.099 3361.547 3413.21 3466.987 3522.783 3580.503 3635.932 3689.173 3744.329 3801.316 3858.756 3911.521 3966.106 4022.437 4080.441 4140.048 4201.19
-9999 -9999 -9999 -9999 -9999 -9999 -9999 -9999 -9999 -9999 -9999 -9999 -9999 -9999 -9999 -9999 -9999 -9999 -9999 -9999 -9999 -9999 -9999 -9999 -9999 1843.909 1910.497 1972.308 2024.846 2080.865 2140.094 2202.271 2267.157 2334.523 2404.163 2475.884 2545.584 2617.25 2687.006 2758.623 2828.427 2900 2968.164 3023.243 3080.584 3138.471 3190.611 3244.996 3301.515 3354.102 3400 3448.188 3498.571 3551.056 3605.551 3661.967 3720.215 3773.593 3827.532 3883.298 3940.812 3996.248 -9999 -9999 -9999 -9999 -9999
-9999 -9999 -9999 -9999 -9999 -9999 -9999 -9999 -9999 -9999 -9999 -9999 -9999 -9999 -9999 -9999 -9999 -9999 -9999 -9999 -9999 -9999 -9999 -9999 -9999 -9999 1984.943 2051.828 2109.502 2163.331 2220.36 2280.351 2343.075 2408.319 2475.884 2545.584 2617.25 2687.006 2758.623 2828.427 2900 2969.848 3041.381 3106.445 3162.278 3220.249 3275.668 3328.663 3383.785 3440.93 3488.553 3535.534 3584.69 3635.932 3689.173 -9999 -9999 3858.756 3911.521 3966.106 4022.437 -9999 -9999 -9999 -9999 -9999 -9999
-9999 -9999 -9999 -9999 -9999 -9999 -9999 -9999 -9999 -9999 -9999 -9999 -9999 -9999 -9999 -9999 -9999 -9999 -9999 -9999 -9999 -9999 -9999 -9999 -9999 -9999 -9999 2126.029 2193.171 2247.22 2302.173 2360.085 2420.744 2483.948 2549.51 2617.25 2687.006 2758.623 2828.427 2900 2969.848 3041.381 3111.27 3182.766 3244.996 3301.515 3360.06 3413.21 3466.987 3522.783 3577.709 3623.534 3671.512 3721.559 3773.593 -9999 -9999 -9999 -9999 -9999 -9999 -9999 -9999 -9999 -9999 -9999 -9999
-9999 -9999 -9999 -9999 -9999 -9999 -9999 -9999 -9999 -9999 -9999 -9999 -9999 -9999 -9999 -9999 -9999 -9999 -9999 -9999 -9999 -9999 -9999 -9999 -9999 -9999 -9999 -9999 2267.157 2332.381 2385.372 2441.311 2500 2561.25 2624.881 2690.725 2758.623 2828.427 2900 2969.848 3041.381 3111.27 3182.766 3252.691 3324.154 3383.785 3440.93 3498.571 3551.056 3605.551 3661.967 3712.142 -9999 -9999 -9999 -9999 -9999 -9999 -9999 -9999 -9999 -9999 -9999 -9999 -9999 -9999 -9999
