InputData/dist_4.txt
ncols         148
nrows         143
xllcorner     528561.18512469
yllcorner     8206839.2004913
cellsize      100
NODATA_value  -9999
[rows 29 to 57 of 143, columns 0 to 65 of 148]
-9999 -9999 -9999 -9999 -9999 -9999 -9999 -9999 -9999 26459.21 26376.13 26293.15 26210.11 26126.62 26043.23 25959.97 25876.82 25793.8 25710.89 25627.52 25544.08 25460.75 25377.55 25294.46 25211.51 25128.47 25044.96 24961.57 24878.3 24795.16 24712.14 24629.25 24545.88 24462.42 24379.09 24295.88 24212.81 24129.86 24046.83 23963.3 23879.91 23796.64 23713.5 23630.49 23547.61 23464.23 23380.76 23297.42 23214.22 23131.15 23048.21 22965.19 22881.65 22798.25 22714.97 22631.84 22548.84 22465.97 22382.58 22299.1 22215.76 22132.55 22049.49 21966.57 21883.55 21800
-9999 -9999 -9999 -9999 -9999 -9999 -9999 -9999 -9999 26403.79 26320.52 26237.38 26154.35 26071.44 25988.07 25904.63 25821.31 25738.1 25655.02 25572.05 25489.02 25405.51 25322.13 25238.86 25155.71 25072.69 24989.8 24906.43 24822.97 24739.64 24656.44 24573.36 24490.41 24407.38 24323.86 24240.46 24157.19 24074.05 23991.04 23908.16 23824.78 23741.31 23657.98 23574.78 23491.7 23408.76 23325.74 23242.2 23158.8 23075.53 22992.39 22909.39 22826.52 22743.13 22659.66 22576.31 22493.11 22410.04 22327.11 22244.1 22160.55 22077.14 21993.86 21910.73 21827.73 21744.88
-9999 -9999 -9999 -9999 -9999 -9999 -9999 -9999 26431.99 26348.63 26265.19 26181.86 26098.66 26015.57 25932.61 25849.56 25766.06 25682.68 25599.41 25516.27 25433.25 25350.35 25266.97 25183.53 25100.2 25016.99 24933.91 24850.96 24767.92 24684.41 24601.02 24517.75 24434.61 24351.59 24268.71 24185.33 24101.87 24018.54 23935.33 23852.25 23769.31 23686.28 23602.75 23519.35 23436.08 23352.94 23269.94 23187.06 23103.68 23020.21 22936.87 22853.66 22770.6 22687.66 22604.65 22521.1 22437.69 22354.42 22271.28 22188.29 22105.43 22022.04 21938.55 21855.21 21772 21688.94
-9999 -9999 -9999 -9999 -9999 -9999 -9999 26459.21 26376.13 26293.15 26210.11 26126.62 26043.23 25959.97 25876.82 25793.8 25710.89 25627.52 25544.08 25460.75 25377.55 25294.46 25211.51 25128.47 25044.96 24961.57 24878.3 24795.16 24712.14 24629.25 24545.88 24462.42 24379.09 24295.88 24212.81 24129.86 24046.83 23963.3 23879.91 23796.64 23713.5 23630.49 23547.61 23464.23 23380.76 23297.42 23214.22 23131.15 23048.21 22965.19 22881.65 22798.25 22714.97 22631.84 22548.84 22465.97 22382.58 22299.1 22215.76 22132.55 22049.49 21966.57 21883.55 21800 21716.58 21633.31
-9999 -9999 -9999 -9999 -9999 -9999 26487.17 26403.79 26320.52 26237.38 26154.35 26071.44 25988.07 25904.63 25821.31 25738.1 25655.02 25572.05 25489.02 25405.51 25322.13 25238.86 25155.71 25072.69 24989.8 24906.43 24822.97 24739.64 24656.44 24573.36 24490.41 24407.38 24323.86 24240.46 24157.19 24074.05 23991.04 23908.16 23824.78 23741.31 23657.98 23574.78 23491.7 23408.76 23325.74 23242.2 23158.8 23075.53 22992.39 22909.39 22826.52 22743.13 22659.66 22576.31 22493.11 22410.04 22327.11 22244.1 22160.55 22077.14 21993.86 21910.73 21827.73 21744.88 21661.49 21578
-9999 -9999 -9999 -9999 -9999 -9999 26431.99 26348.63 26265.19 26181.86 26098.66 26015.57 25932.61 25849.56 25766.06 25682.68 25599.41 25516.27 25433.25 25350.35 25266.97 25183.53 25100.2 25016.99 24933.91 24850.96 24767.92 24684.41 24601.02 24517.75 24434.61 24351.59 24268.71 24185.33 24101.87 24018.54 23935.33 23852.25 23769.31 23686.28 23602.75 23519.35 23436.08 23352.94 23269.94 23187.06 23103.68 23020.21 22936.87 22853.66 22770.6 22687.66 22604.65 22521.1 22437.69 22354.42 22271.28 22188.29 22105.43 22022.04 21938.55 21855.21 21772 21688.94 21606.02 21523.01
-9999 -9999 -9999 -9999 -9999 26459.21 26376.13 26293.15 26210.11 26126.62 26043.23 25959.97 25876.82 25793.8 25710.89 25627.52 25544.08 25460.75 25377.55 25294.46 25211.51 25128.47 25044.96 24961.57 24878.3 24795.16 24712.14 24629.25 24545.88 24462.42 24379.09 24295.88 24212.81 24129.86 24046.83 23963.3 23879.91 23796.64 23713.5 23630.49 23547.61 23464.23 23380.76 23297.42 23214.22 23131.15 23048.21 22965.19 22881.65 22798.25 22714.97 22631.84 22548.84 22465.97 22382.58 22299.1 22215.76 22132.55 22049.49 21966.57 21883.55 21800 21716.58 21633.31 21550.17 21467.18
-9999 -9999 -9999 -9999 26487.17 26403.79 26320.52 26237.38 26154.35 26071.44 25988.07 25904.63 25821.31 25738.1 25655.02 25572.05 25489.02 25405.51 25322.13 25238.86 25155.71 25072.69 24989.8 24906.43 24822.97 24739.64 24656.44 24573.36 24490.41 24407.38 24323.86 24240.46 24157.19 24074.05 23991.04 23908.16 23824.78 23741.31 23657.98 23574.78 23491.7 23408.76 23325.74 23242.2 23158.8 23075.53 22992.39 22909.39 22826.52 22743.13 22659.66 22576.31 22493.11 22410.04 22327.11 22244.1 22160.55 22077.14 21993.86 21910.73 21827.73 21744.88 21661.49 21578 21494.65 21411.45
-9999 -9999 -9999 26514.9 26431.99 26348.63 26265.19 26181.86 26098.66 26015.57 25932.61 25849.56 25766.06 25682.68 25599.41 25516.27 25433.25 25350.35 25266.97 25183.53 25100.2 25016.99 24933.91 24850.96 24767.92 24684.41 24601.02 24517.75 24434.61 24351.59 24268.71 24185.33 24101.87 24018.54 23935.33 23852.25 23769.31 23686.28 23602.75 23519.35 23436.08 23352.94 23269.94 23187.06 23103.68 23020.21 22936.87 22853.66 22770.6 22687.66 22604.65 22521.1 22437.69 22354.42 22271.28 22188.29 22105.43 22022.04 21938.55 21855.21 21772 21688.94 21606.02 21523.01 21439.45 21356.03
-9999 -9999 -9999 26459.21 26376.13 26293.15 26210.11 26126.62 26043.23 25959.97 25876.82 25793.8 25710.89 25627.52 25544.08 25460.75 25377.55 25294.46 25211.51 25128.47 25044.96 24961.57 24878.3 24795.16 24712.14 24629.25 24545.88 24462.42 24379.09 24295.88 24212.81 24129.86 24046.83 23963.3 23879.91 23796.64 23713.5 23630.49 23547.61 23464.23 23380.76 23297.42 23214.22 23131.15 23048.21 22965.19 22881.65 22798.25 22714.97 22631.84 22548.84 22465.97 22382.58 22299.1 22215.76 22132.55 22049.49 21966.57 21883.55 21800 21716.58 21633.31 21550.17 21467.18 21384.34 21300.94
-9999 -9999 26487.17 26403.79 26320.52 26237.38 26154.35 26071.44 25988.07 25904.63 25821.31 25738.1 25655.02 25572.05 25489.02 25405.51 25322.13 25238.86 25155.71 25072.69 24989.8 24906.43 24822.97 24739.64 24656.44 24573.36 24490.41 24407.38 24323.86 24240.46 24157.19 24074.05 23991.04 23908.16 23824.78 23741.31 23657.98 23574.78 23491.7 23408.76 23325.74 23242.2 23158.8 23075.53 22992.39 22909.39 22826.52 22743.13 22659.66 22576.31 22493.11 22410.04 22327.11 22244.1 22160.55 22077.14 21993.86 21910.73 21827.73 21744.88 21661.49 21578 21494.65 21411.45 21328.38 21245.47
-9999 26515.84 26432.18 26348.63 26265.19 26181.86 26098.66 26015.57 25932.61 25849.56 25766.06 25682.68 25599.41 25516.27 25433.25 25350.35 25266.97 25183.53 25100.2 25016.99 24933.91 24850.96 24767.92 24684.41 24601.02 24517.75 24434.61 24351.59 24268.71 24185.33 24101.87 24018.54 23935.33 23852.25 23769.31 23686.28 23602.75 23519.35 23436.08 23352.94 23269.94 23187.06 23103.68 23020.21 22936.87 22853.66 22770.6 22687.66 22604.65 22521.1 22437.69 22354.42 22271.28 22188.29 22105.43 22022.04 21938.55 21855.21 21772 21688.94 21606.02 21523.01 21439.45 21356.03 21272.75 21189.62
26545.24 26461.29 26377.45 26293.72 26210.11 26126.62 26043.23 25959.97 25876.82 25793.8 25710.89 25627.52 25544.08 25460.75 25377.55 25294.46 25211.51 25128.47 25044.96 24961.57 24878.3 24795.16 24712.14 24629.25 24545.88 24462.42 24379.09 24295.88 24212.81 24129.86 24046.83 23963.3 23879.91 23796.64 23713.5 23630.49 23547.61 23464.23 23380.76 23297.42 23214.22 23131.15 23048.21 22965.19 22881.65 22798.25 22714.97 22631.84 22548.84 22465.97 22382.58 22299.1 22215.76 22132.55 22049.49 21966.57 21883.55 21800 21716.58 21633.31 21550.17 21467.18 21384.34 21300.94 21217.45 21134.1
-9999 26407.01 26322.99 26239.09 26155.3 26071.63 25988.07 25904.63 25821.31 25738.1 25655.02 25572.05 25489.02 25405.51 25322.13 25238.86 25155.71 25072.69 24989.8 24906.43 24822.97 24739.64 24656.44 24573.36 24490.41 24407.38 24323.86 24240.46 24157.19 24074.05 23991.04 23908.16 23824.78 23741.31 23657.98 23574.78 23491.7 23408.76 23325.74 23242.2 23158.8 23075.53 22992.39 22909.39 22826.52 22743.13 22659.66 22576.31 22493.11 22410.04 22327.11 22244.1 22160.55 22077.14 21993.86 21910.73 21827.73 21744.88 21661.49 21578 21494.65 21411.45 21328.38 21245.47 21162.47 21078.9
-9999 -9999 26268.8 26184.73 26100.77 26016.92 25933.18 25849.56 25766.06 25682.68 25599.41 25516.27 25433.25 25350.35 25266.97 25183.53 25100.2 25016.99 24933.91 24850.96 24767.92 24684.41 24601.02 24517.75 24434.61 24351.59 24268.71 24185.33 24101.87 24018.54 23935.33 23852.25 23769.31 23686.28 23602.75 23519.35 23436.08 23352.94 23269.94 23187.06 23103.68 23020.21 22936.87 22853.66 22770.6 22687.66 22604.65 22521.1 22437.69 22354.42 22271.28 22188.29 22105.43 22022.04 21938.55 21855.21 21772 21688.94 21606.02 21523.01 21439.45 21356.03 21272.75 21189.62 21106.63 21023.8
-9999 -9999 -9999 -9999 26046.5 25962.47 25878.56 25794.77 25711.09 25627.52 25544.08 25460.75 25377.55 25294.46 25211.51 25128.47 25044.96 24961.57 24878.3 24795.16 24712.14 24629.25 24545.88 24462.42 24379.09 24295.88 24212.81 24129.86 24046.83 23963.3 23879.91 23796.64 23713.5 23630.49 23547.61 23464.23 23380.76 23297.42 23214.22 23131.15 23048.21 22965.19 22881.65 22798.25 22714.97 22631.84 22548.84 22465.97 22382.58 22299.1 22215.76 22132.55 22049.49 21966.57 21883.55 21800 21716.58 21633.31 21550.17 21467.18 21384.34 21300.94 21217.45 21134.1 21050.89 20967.83
-9999 -9999 -9999 -9999 -9999 25908.3 25824.21 25740.24 25656.38 25572.64 25489.02 25405.51 25322.13 25238.86 25155.71 25072.69 24989.8 24906.43 24822.97 24739.64 24656.44 24573.36 24490.41 24407.38 24323.86 24240.46 24157.19 24074.05 23991.04 23908.16 23824.78 23741.31 23657.98 23574.78 23491.7 23408.76 23325.74 23242.2 23158.8 23075.53 22992.39 22909.39 22826.52 22743.13 22659.66 22576.31 22493.11 22410.04 22327.11 22244.1 22160.55 22077.14 21993.86 21910.73 21827.73 21744.88 21661.49 21578 21494.65 21411.45 21328.38 21245.47 21162.47 21078.9 20995.48 20912.2
-9999 -9999 -9999 -9999 -9999 -9999 25770.14 25685.99 25601.95 25518.03 25434.23 25350.54 25266.97 25183.53 25100.2 25016.99 24933.91 24850.96 24767.92 24684.41 24601.02 24517.75 24434.61 24351.59 24268.71 24185.33 24101.87 24018.54 23935.33 23852.25 23769.31 23686.28 23602.75 23519.35 23436.08 23352.94 23269.94 23187.06 23103.68 23020.21 22936.87 22853.66 22770.6 22687.66 22604.65 22521.1 22437.69 22354.42 22271.28 22188.29 22105.43 22022.04 21938.55 21855.21 21772 21688.94 21606.02 21523.01 21439.45 21356.03 21272.75 21189.62 21106.63 21023.8 20940.39 20856.89
-9999 -9999 -9999 -9999 -9999 -9999 -9999 25632.01 25547.8 25463.7 25379.72 25295.85 25212.1 25128.47 25044.96 24961.57 24878.3 24795.16 24712.14 24629.25 24545.88 24462.42 24379.09 24295.88 24212.81 24129.86 24046.83 23963.3 23879.91 23796.64 23713.5 23630.49 23547.61 23464.23 23380.76 23297.42 23214.22 23131.15 23048.21 22965.19 22881.65 22798.25 22714.97 22631.84 22548.84 22465.97 22382.58 22299.1 22215.76 22132.55 22049.49 21966.57 21883.55 21800 21716.58 21633.31 21550.17 21467.18 21384.34 21300.94 21217.45 21134.1 21050.89 20967.83 20884.92 20801.92
-9999 -9999 -9999 -9999 -9999 -9999 -9999 -9999 25493.92 25409.64 25325.48 25241.43 25157.5 25073.69 24990 24906.43 24822.97 24739.64 24656.44 24573.36 24490.41 24407.38 24323.86 24240.46 24157.19 24074.05 23991.04 23908.16 23824.78 23741.31 23657.98 23574.78 23491.7 23408.76 23325.74 23242.2 23158.8 23075.53 22992.39 22909.39 22826.52 22743.13 22659.66 22576.31 22493.11 22410.04 22327.11 22244.1 22160.55 22077.14 21993.86 21910.73 21827.73 21744.88 21661.49 21578 21494.65 21411.45 21328.38 21245.47 21162.47 21078.9 20995.48 20912.2 20829.07 20746.08
-9999 -9999 -9999 -9999 -9999 -9999 -9999 -9999 25440.32 25355.87 25271.53 25187.3 25103.19 25019.19 24935.32 24851.56 24767.92 24684.41 24601.02 24517.75 24434.61 24351.59 24268.71 24185.33 24101.87 24018.54 23935.33 23852.25 23769.31 23686.28 23602.75 23519.35 23436.08 23352.94 23269.94 23187.06 23103.68 23020.21 22936.87 22853.66 22770.6 22687.66 22604.65 22521.1 22437.69 22354.42 22271.28 22188.29 22105.43 22022.04 21938.55 21855.21 21772 21688.94 21606.02 21523.01 21439.45 21356.03 21272.75 21189.62 21106.63 21023.8 20940.39 20856.89 20773.54 20690.34
-9999 -9999 -9999 -9999 -9999 -9999 -9999 -9999 -9999 25302.37 25217.85 25133.44 25049.15 24964.97 24880.92 24796.98 24713.15 24629.45 24545.88 24462.42 24379.09 24295.88 24212.81 24129.86 24046.83 23963.3 23879.91 23796.64 23713.5 23630.49 23547.61 23464.23 23380.76 23297.42 23214.22 23131.15 23048.21 22965.19 22881.65 22798.25 22714.97 22631.84 22548.84 22465.97 22382.58 22299.1 22215.76 22132.55 22049.49 21966.57 21883.55 21800 21716.58 21633.31 21550.17 21467.18 21384.34 21300.94 21217.45 21134.1 21050.89 20967.83 20884.92 20801.92 20718.35 20634.92
-9999 -9999 -9999 -9999 -9999 -9999 -9999 -9999 -9999 25249.16 25164.46 25079.87 24995.4 24911.04 24826.8 24742.68 24658.67 24574.78 24491.02 24407.38 24323.86 24240.46 24157.19 24074.05 23991.04 23908.16 23824.78 23741.31 23657.98 23574.78 23491.7 23408.76 23325.74 23242.2 23158.8 23075.53 22992.39 22909.39 22826.52 22743.13 22659.66 22576.31 22493.11 22410.04 22327.11 22244.1 22160.55 22077.14 21993.86 21910.73 21827.73 21744.88 21661.49 21578 21494.65 21411.45 21328.38 21245.47 21162.47 21078.9 20995.48 20912.2 20829.07 20746.08 20663.25 20579.84
-9999 -9999 -9999 -9999 -9999 -9999 -9999 -9999 -9999 -9999 25111.35 25026.59 24941.93 24857.39 24772.97 24688.66 24604.47 24520.4 24436.45 24352.62 24268.91 24185.33 24101.87 24018.54 23935.33 23852.25 23769.31 23686.28 23602.75 23519.35 23436.08 23352.94 23269.94 23187.06 23103.68 23020.21 22936.87 22853.66 22770.6 22687.66 22604.65 22521.1 22437.69 22354.42 22271.28 22188.29 22105.43 22022.04 21938.55 21855.21 21772 21688.94 21606.02 21523.01 21439.45 21356.03 21272.75 21189.62 21106.63 21023.8 20940.39 20856.89 20773.54 20690.34 20607.28 20524.38
-9999 -9999 -9999 -9999 -9999 -9999 -9999 -9999 -9999 -9999 25058.53 24973.59 24888.75 24804.03 24719.43 24634.93 24550.56 24466.3 24382.17 24298.15 24214.25 24130.48 24046.83 23963.3 23879.91 23796.64 23713.5 23630.49 23547.61 23464.23 23380.76 23297.42 23214.22 23131.15 23048.21 22965.19 22881.65 22798.25 22714.97 22631.84 22548.84 22465.97 22382.58 22299.1 22215.76 22132.55 22049.49 21966.57 21883.55 21800 21716.58 21633.31 21550.17 21467.18 21384.34 21300.94 21217.45 21134.1 21050.89 20967.83 20884.92 20801.92 20718.35 20634.92 20551.64 20468.51
-9999 -9999 -9999 -9999 -9999 -9999 -9999 -9999 -9999 -9999 25006 24920.88 24835.86 24750.96 24666.17 24581.5 24496.94 24412.5 24328.17 24243.97 24159.88 24075.92 23992.08 23908.37 23824.78 23741.31 23657.98 23574.78 23491.7 23408.76 23325.74 23242.2 23158.8 23075.53 22992.39 22909.39 22826.52 22743.13 22659.66 22576.31 22493.11 22410.04 22327.11 22244.1 22160.55 22077.14 21993.86 21910.73 21827.73 21744.88 21661.49 21578 21494.65 21411.45 21328.38 21245.47 21162.47 21078.9 20995.48 20912.2 20829.07 20746.08 20663.25 20579.84 20496.34 20412.99
-9999 -9999 -9999 -9999 -9999 -9999 -9999 -9999 -9999 25039.17 24953.76 24868.45 24783.26 24698.18 24613.21 24528.35 24443.61 24358.98 24274.47 24190.08 24105.81 24021.66 23937.63 23853.72 23769.94 23686.28 23602.75 23519.35 23436.08 23352.94 23269.94 23187.06 23103.68 23020.21 22936.87 22853.66 22770.6 22687.66 22604.65 22521.1 22437.69 22354.42 22271.28 22188.29 22105.43 22022.04 21938.55 21855.21 21772 21688.94 21606.02 21523.01 21439.45 21356.03 21272.75 21189.62 21106.63 21023.8 20940.39 20856.89 20773.54 20690.34 20607.28 20524.38 20441.38 20357.8
-9999 -9999 -9999 -9999 -9999 -9999 -9999 25158.89 25073.09 24987.4 24901.81 24816.33 24730.95 24645.69 24560.54 24475.5 24390.57 24305.76 24221.06 24136.49 24052.03 23967.69 23883.47 23799.37 23715.4 23631.55 23547.82 23464.23 23380.76 23297.42 23214.22 23131.15 23048.21 22965.19 22881.65 22798.25 22714.97 22631.84 22548.84 22465.97 22382.58 22299.1 22215.76 22132.55 22049.49 21966.57 21883.55 21800 21716.58 21633.31 21550.17 21467.18 21384.34 21300.94 21217.45 21134.1 21050.89 20967.83 20884.92 20801.92 20718.35 20634.92 20551.64 20468.51 20385.53 20302.71
-9999 -9999 -9999 -9999 -9999 -9999 25193.85 25107.77 25021.79 24935.92 24850.15 24764.49 24678.94 24593.49 24508.16 24422.94 24337.83 24252.83 24167.95 24083.19 23998.54 23914.01 23829.6 23745.31 23661.15 23577.11 23493.19 23409.4 23325.74 23242.2 23158.8 23075.53 22992.39 22909.39 22826.52 22743.13 22659.66 22576.31 22493.11 22410.04 22327.11 22244.1 22160.55 22077.14 21993.86 21910.73 21827.73 21744.88 21661.49 21578 21494.65 21411.45 21328.38 21245.47 21162.47 21078.9 20995.48 20912.2 20829.07 20746.08 20663.25 20579.84 20496.34 20412.99 20329.78 20246.73
