InputData/dist_11.txt
ncols         198
nrows         190
xllcorner     538598.12187439
yllcorner     8171838.0187071
cellsize      100
NODATA_value  -9999
[rows 90 to 119 of 190, columns 0 to 66 of 198]
-9999 -9999 -9999 -9999 -9999 -9999 -9999 -9999 -9999 -9999 -9999 -9999 -9999 -9999 -9999 -9999 -9999 -9999 -9999 -9999 -9999 -9999 -9999 -9999 -9999 -9999 -9999 -9999 -9999 -9999 -9999 -9999 -9999 -9999 -9999 4494.441 4441.847 4390.9 4341.659 4294.182 4243.819 4188.078 4134.005 4081.666 4031.129 3982.462 3935.734 3883.298 3827.532 3773.593 3720.215 3661.967 3605.551 3551.056 3498.571 3448.188 3400 3354.102 3301.515 3244.996 3190.611 3138.471 3088.689 3041.381 2996.665 2941.088 2884.441
-9999 -9999 -9999 -9999 -9999 -9999 -9999 -9999 -9999 -9999 -9999 -9999 -9999 -9999 -9999 -9999 -9999 -9999 -9999 -9999 -9999 -9999 -9999 -9999 -9999 -9999 -9999 -9999 -9999 -9999 -9999 -9999 -9999 -9999 -9999 4410.215 4356.604 4304.648 4254.41 4205.948 4159.327 4104.875 4049.691 3996.248 3944.617 3894.868 3847.077 3801.316 3744.329 3689.173 3635.932 3580.503 3522.783 3466.987 3413.21 3361.547 3312.099 3264.966 3220.249 3162.278 3106.445 3052.867 3001.666 2952.965 2906.888 2860.07 2801.785
-9999 -9999 -9999 -9999 -9999 -9999 -9999 -9999 -9999 -9999 -9999 -9999 -9999 -9999 -9999 -9999 -9999 -9999 -9999 -9999 -9999 -9999 -9999 -9999 -9999 -9999 -9999 -9999 -9999 -9999 -9999 -9999 -9999 -9999 -9999 4326.662 4272.002 4219.004 4167.733 4118.252 4070.626 4022.437 3966.106 3911.521 3858.756 3807.886 3758.989 3712.142 3661.967 3605.551 3551.056 3498.571 3440.93 3383.785 3328.663 3275.668 3224.903 3176.476 3130.495 3080.584 3023.243 2968.164 2915.476 2865.31 2817.801 2773.085 2720.294
-9999 -9999 -9999 -9999 -9999 -9999 -9999 -9999 -9999 -9999 -9999 -9999 -9999 -9999 -9999 -9999 -9999 -9999 -9999 -9999 -9999 -9999 -9999 -9999 -9999 -9999 -9999 -9999 -9999 -9999 -9999 -9999 -9999 -9999 -9999 4243.819 4188.078 4134.005 4081.666 4031.129 3982.462 3935.734 3883.298 3827.532 3773.593 3721.559 3671.512 3623.534 3577.709 3522.783 3466.987 3413.21 3360.06 3301.515 3244.996 3190.611 3138.471 3088.689 3041.381 2996.665 2941.088 2884.441 2830.194 2778.489 2729.469 2683.281 2640.076
-9999 -9999 -9999 -9999 -9999 -9999 -9999 -9999 -9999 -9999 -9999 -9999 -9999 -9999 -9999 -9999 -9999 -9999 -9999 -9999 -9999 -9999 -9999 -9999 -9999 -9999 -9999 -9999 -9999 -9999 -9999 -9999 -9999 -9999 -9999 4161.73 4104.875 4049.691 3996.248 3944.617 3894.868 3847.077 3801.316 3744.329 3689.173 3635.932 3584.69 3535.534 3488.553 3440.93 3383.785 3328.663 3275.668 3220.249 3162.278 3106.445 3052.867 3001.666 2952.965 2906.888 2860.07 2801.785 2745.906 2692.583 2641.969 2594.224 2549.51
-9999 -9999 -9999 -9999 -9999 -9999 -9999 -9999 -9999 -9999 -9999 -9999 -9999 -9999 -9999 -9999 -9999 -9999 -9999 -9999 -9999 -9999 -9999 -9999 -9999 -9999 -9999 -9999 -9999 -9999 -9999 -9999 -9999 -9999 -9999 4080.441 4022.437 3966.106 3911.521 3858.756 3807.886 3758.989 3712.142 3661.967 3605.551 3551.056 3498.571 3448.188 3400 3354.102 3301.515 3244.996 3190.611 3138.471 3080.584 3023.243 2968.164 2915.476 2865.31 2817.801 2773.085 2720.294 2662.705 2607.681 2555.386 2505.993 2459.675
-9999 -9999 -9999 -9999 -9999 -9999 -9999 -9999 -9999 -9999 -9999 -9999 -9999 -9999 -9999 -9999 -9999 -9999 -9999 -9999 -9999 -9999 -9999 -9999 -9999 -9999 -9999 -9999 -9999 -9999 -9999 -9999 -9999 -9999 4049.691 3996.248 3940.812 3883.298 3827.532 3773.593 3721.559 3671.512 3623.534 3577.709 3522.783 3466.987 3413.21 3361.547 3312.099 3264.966 3220.249 3162.278 3106.445 3052.867 3000 2941.088 2884.441 2830.194 2778.489 2729.469 2683.281 2640.076 2580.698 2523.886 2469.818 2418.677 2370.654
-9999 -9999 -9999 -9999 -9999 -9999 -9999 -9999 -9999 -9999 -9999 -9999 -9999 -9999 -9999 -9999 -9999 -9999 -9999 -9999 -9999 -9999 -9999 -9999 -9999 -9999 -9999 -9999 -9999 -9999 -9999 -9999 -9999 -9999 3966.106 3911.521 3858.756 3801.316 3744.329 3689.173 3635.932 3584.69 3535.534 3488.553 3440.93 3383.785 3328.663 3275.668 3224.903 3176.476 3130.495 3080.584 3023.243 2968.164 2915.476 2860.07 2801.785 2745.906 2692.583 2641.969 2594.224 2549.51 2500 2441.311 2385.372 2332.381 2282.542
-9999 -9999 -9999 -9999 -9999 -9999 -9999 -9999 -9999 -9999 -9999 -9999 -9999 -9999 -9999 -9999 -9999 -9999 -9999 -9999 -9999 -9999 -9999 -9999 -9999 -9999 -9999 -9999 -9999 -9999 -9999 -9999 -9999 3935.734 3883.298 3827.532 3773.593 3720.215 3661.967 3605.551 3551.056 3498.571 3448.188 3400 3354.102 3301.515 3244.996 3190.611 3138.471 3088.689 3041.381 2996.665 2941.088 2884.441 2830.194 2778.489 2720.294 2662.705 2607.681 2555.386 2505.993 2459.675 2416.609 2360.085 2302.173 2247.22 2195.45
-9999 -9999 -9999 -9999 -9999 -9999 -9999 -9999 -9999 -9999 -9999 -9999 -9999 -9999 -9999 -9999 -9999 -9999 -9999 -9999 -9999 -9999 -9999 -9999 -9999 -9999 -9999 -9999 -9999 -9999 -9999 -9999 3894.868 3847.077 3801.316 3744.329 3689.173 3635.932 3580.503 3522.783 3466.987 3413.21 3361.547 3312.099 3264.966 3220.249 3162.278 3106.445 3052.867 3001.666 2952.965 2906.888 2860.07 2801.785 2745.906 2692.583 2640.076 2580.698 2523.886 2469.818 2418.677 2370.654 2325.941 2280.351 2220.36 2163.331 2109.502
-9999 -9999 -9999 -9999 -9999 -9999 -9999 -9999 -9999 -9999 -9999 -9999 -9999 -9999 -9999 -9999 -9999 -9999 -9999 -9999 -9999 -9999 -9999 -9999 -9999 -9999 -9999 -9999 -9999 -9999 -9999 -9999 3807.886 3758.989 3712.142 3661.967 3605.551 3551.056 3498.571 3440.93 3383.785 3328.663 3275.668 3224.903 3176.476 3130.495 3080.584 3023.243 2968.164 2915.476 2865.31 2817.801 2773.085 2720.294 2662.705 2607.681 2555.386 2500 2441.311 2385.372 2332.381 2282.542 2236.068 2193.171 2140.094 2080.865 2024.846
-9999 -9999 -9999 -9999 -9999 -9999 -9999 -9999 -9999 -9999 -9999 -9999 -9999 -9999 -9999 -9999 -9999 -9999 -9999 -9999 -9999 -9999 -9999 -9999 -9999 -9999 -9999 -9999 -9999 -9999 -9999 3773.593 3721.559 3671.512 3623.534 3577.709 3522.783 3466.987 3413.21 3360.06 3301.515 3244.996 3190.611 3138.471 3088.689 3041.381 2996.665 2941.088 2884.441 2830.194 2778.489 2729.469 2683.281 2640.076 2580.698 2523.886 2469.818 2418.677 2360.085 2302.173 2247.22 2195.45 2147.091 2102.38 2061.553 2000 1941.649
-9999 -9999 -9999 -9999 -9999 -9999 -9999 -9999 -9999 -9999 -9999 -9999 -9999 -9999 -9999 -9999 -9999 -9999 -9999 -9999 -9999 -9999 -9999 -9999 -9999 -9999 -9999 -9999 -9999 -9999 -9999 3689.173 3635.932 3584.69 3535.534 3488.553 3440.93 3383.785 3328.663 3275.668 3220.249 3162.278 3106.445 3052.867 3001.666 2952.965 2906.888 2860.07 2801.785 2745.906 2692.583 2641.969 2594.224 2549.51 2500 2441.311 2385.372 2332.381 2280.351 2220.36 2163.331 2109.502 2059.126 2012.461 1969.772 1920.937 1860.108
-9999 -9999 -9999 -9999 -9999 -9999 -9999 -9999 -9999 -9999 -9999 -9999 -9999 -9999 -9999 -9999 -9999 -9999 -9999 -9999 -9999 -9999 -9999 -9999 -9999 -9999 -9999 -9999 -9999 -9999 -9999 -9999 3551.056 3498.571 3448.188 3400 3354.102 3301.515 3244.996 3190.611 3138.471 3080.584 3023.243 2968.164 2915.476 2865.31 2817.801 2773.085 2720.294 2662.705 2607.681 2555.386 2505.993 2459.675 2416.609 2360.085 2302.173 2247.22 2195.45 2140.094 2080.865 2024.846 1972.308 1923.538 1878.829 1835.756 1780.449
-9999 -9999 -9999 -9999 -9999 -9999 -9999 -9999 -9999 -9999 -9999 -9999 -9999 -9999 -9999 -9999 -9999 -9999 -9999 -9999 -9999 -9999 -9999 -9999 -9999 -9999 -9999 -9999 -9999 -9999 -9999 -9999 3466.987 3413.21 3361.547 3312.099 3264.966 3220.249 3162.278 3106.445 3052.867 3000 2941.088 2884.441 2830.194 2778.489 2729.469 2683.281 2640.076 2580.698 2523.886 2469.818 2418.677 2370.654 2325.941 2280.351 2220.36 2163.331 2109.502 2059.126 2000 1941.649 1886.796 1835.756 1788.854 1746.425 1700
-9999 -9999 -9999 -9999 -9999 -9999 -9999 -9999 -9999 -9999 -9999 -9999 -9999 -9999 -9999 -9999 -9999 -9999 -9999 -9999 -9999 -9999 -9999 -9999 -9999 -9999 -9999 -9999 -9999 -9999 -9999 -9999 3383.785 3328.663 3275.668 3224.903 3176.476 3130.495 3080.584 3023.243 2968.164 2915.476 2860.07 2801.785 2745.906 2692.583 2641.969 2594.224 2549.51 2500 2441.311 2385.372 2332.381 2282.542 2236.068 2193.171 2140.094 2080.865 2024.846 1972.308 1920.937 1860.108 1802.776 1749.286 1700 1655.295 1612.452
-9999 -9999 -9999 -9999 -9999 -9999 -9999 -9999 -9999 -9999 -9999 -9999 -9999 -9999 -9999 -9999 -9999 -9999 -9999 -9999 -9999 -9999 -9999 -9999 -9999 -9999 -9999 -9999 -9999 -9999 -9999 -9999 3301.515 3244.996 3190.611 3138.471 3088.689 3041.381 2996.665 2941.088 2884.441 2830.194 2778.489 2720.294 2662.705 2607.681 2555.386 2505.993 2459.675 2416.609 2360.085 2302.173 2247.22 2195.45 2147.091 2102.38 2061.553 2000 1941.649 1886.796 1835.756 1780.449 1720.465 1664.332 1612.452 1565.248 1523.155
-9999 -9999 -9999 -9999 -9999 -9999 -9999 -9999 -9999 -9999 -9999 -9999 -9999 -9999 -9999 -9999 -9999 -9999 -9999 -9999 -9999 -9999 -9999 -9999 -9999 -9999 -9999 -9999 -9999 -9999 -9999 -9999 3220.249 3162.278 3106.445 3052.867 3001.666 2952.965 2906.888 2860.07 2801.785 2745.906 2692.583 2640.076 2580.698 2523.886 2469.818 2418.677 2370.654 2325.941 2280.351 2220.36 2163.331 2109.502 2059.126 2012.461 1969.772 1920.937 1860.108 1802.776 1749.286 1700 1640.122 1581.139 1526.434 1476.482 1431.782
-9999 -9999 -9999 -9999 -9999 -9999 -9999 -9999 -9999 -9999 -9999 -9999 -9999 -9999 -9999 -9999 -9999 -9999 -9999 -9999 -9999 -9999 -9999 -9999 -9999 -9999 -9999 -9999 -9999 -9999 -9999 -9999 3138.471 3080.584 3023.243 2968.164 2915.476 2865.31 2817.801 2773.085 2720.294 2662.705 2607.681 2555.386 2500 2441.311 2385.372 2332.381 2282.542 2236.068 2193.171 2140.094 2080.865 2024.846 1972.308 1923.538 1878.829 1835.756 1780.449 1720.465 1664.332 1612.452 1562.05 1500 1442.22 1389.244 1341.641
-9999 -9999 -9999 -9999 -9999 -9999 -9999 -9999 -9999 -9999 -9999 -9999 -9999 -9999 -9999 -9999 -9999 -9999 -9999 -9999 -9999 -9999 -9999 -9999 -9999 -9999 -9999 -9999 -9999 -9999 -9999 -9999 -9999 3000 2941.088 2884.441 2830.194 2778.489 2729.469 2683.281 2640.076 2580.698 2523.886 2469.818 2418.677 2360.085 2302.173 2247.22 2195.45 2147.091 2102.38 2061.553 2000 1941.649 1886.796 1835.756 1788.854 1746.425 1700 1640.122 1581.139 1526.434 1476.482 1421.267 1360.147 1303.84 1252.996
-9999 -9999 -9999 -9999 -9999 -9999 -9999 -9999 -9999 -9999 -9999 -9999 -9999 -9999 -9999 -9999 -9999 -9999 -9999 -9999 -9999 -9999 -9999 -9999 -9999 -9999 -9999 -9999 -9999 -9999 -9999 -9999 -9999 2915.476 2860.07 2801.785 2745.906 2692.583 2641.969 2594.224 2549.51 2500 2441.311 2385.372 2332.381 2280.351 2220.36 2163.331 2109.502 2059.126 2012.461 1969.772 1920.937 1860.108 1802.776 1749.286 1700 1655.295 1612.452 1562.05 1500 1442.22 1389.244 1341.641 1280.625 1220.656 1166.19
-9999 -9999 -9999 -9999 -9999 -9999 -9999 -9999 -9999 -9999 -9999 -9999 -9999 -9999 -9999 -9999 -9999 -9999 -9999 -9999 -9999 -9999 -9999 -9999 -9999 -9999 -9999 -9999 -9999 -9999 -9999 -9999 -9999 2830.194 2778.489 2720.294 2662.705 2607.681 2555.386 2505.993 2459.675 2416.609 2360.085 2302.173 2247.22 2195.45 2140.094 2080.865 2024.846 1972.308 1923.538 1878.829 1835.756 1780.449 1720.465 1664.332 1612.452 1565.248 1523.155 1476.482 1421.267 1360.147 1303.84 1252.996 1204.159 1140.175 1081.665
-9999 -9999 -9999 -9999 -9999 -9999 -9999 -9999 -9999 -9999 -9999 -9999 -9999 -9999 -9999 -9999 -9999 -9999 -9999 -9999 -9999 -9999 -9999 -9999 -9999 -9999 -9999 -9999 -9999 -9999 -9999 -9999 -9999 2745.906 2692.583 2640.076 2580.698 2523.886 2469.818 2418.677 2370.654 2325.941 2280.351 2220.36 2163.331 2109.502 2059.126 2000 1941.649 1886.796 1835.756 1788.854 1746.425 1700 1640.122 1581.139 1526.434 1476.482 1431.782 1389.244 1341.641 1280.625 1220.656 1166.19 1118.034 1063.015 1000
-9999 -9999 -9999 -9999 -9999 -9999 -9999 -9999 -9999 -9999 -9999 -9999 -9999 -9999 -9999 -9999 -9999 -9999 -9999 -9999 -9999 -9999 -9999 -9999 -9999 -9999 -9999 -9999 -9999 -9999 -9999 -9999 -9999 2662.705 2607.681 2555.386 2500 2441.311 2385.372 2332.381 2282.542 2236.068 2193.171 2140.094 2080.865 2024.846 1972.308 1920.937 1860.108 1802.776 1749.286 1700 1655.295 1612.452 1562.05 1500 1442.22 1389.244 1341.641 1300 1252.996 1204.159 1140.175 1081.665 1029.563 984.8858 921.9545
-9999 -9999 -9999 -9999 -9999 -9999 -9999 -9999 -9999 -9999 -9999 -9999 -9999 -9999 -9999 -9999 -9999 -9999 -9999 -9999 -9999 -9999 -9999 -9999 -9999 -9999 -9999 -9999 -9999 -9999 -9999 -9999 -9999 2580.698 2523.886 2469.818 2418.677 2360.085 2302.173 2247.22 2195.45 2147.091 2102.38 2061.553 2000 1941.649 1886.796 1835.756 1780.449 1720.465 1664.332 1612.452 1565.248 1523.155 1476.482 1421.267 1360.147 1303.84 1252.996 1208.305 1166.19 1118.034 1063.015 1000 943.3981 894.4272 848.5281
-9999 -9999 -9999 -9999 -9999 -9999 -9999 -9999 -9999 -9999 -9999 -9999 -9999 -9999 -9999 -9999 -9999 -9999 -9999 -9999 -9999 -9999 -9999 -9999 -9999 -9999 -9999 -9999 -9999 -9999 -9999 -9999 -9999 -9999 2441.311 2385.372 2332.381 2280.351 2220.36 2163.331 2109.502 2059.126 2012.461 1969.772 1920.937 1860.108 1802.776 1749.286 1700 1640.122 1581.139 1526.434 1476.482 1431.782 1389.244 1341.641 1280.625 1220.656 1166.19 1118.034 1077.033 1029.563 984.8858 921.9545 860.2325 806.2258 761.5773
-9999 -9999 -9999 -9999 -9999 -9999 -9999 -9999 -9999 -9999 -9999 -9999 -9999 -9999 -9999 -9999 -9999 -9999 -9999 -9999 -9999 -9999 -9999 -9999 -9999 -9999 -9999 -9999 -9999 -9999 -9999 -9999 -9999 -9999 2360.085 2302.173 2247.22 2195.45 2140.094 2080.865 2024.846 1972.308 1923.538 1878.829 1835.756 1780.449 1720.465 1664.332 1612.452 1562.05 1500 1442.22 1389.244 1341.641 1300 1252.996 1204.159 1140.175 1081.665 1029.563 984.8858 943.3981 894.4272 848.5281 781.025 721.1102 670.8204
-9999 -9999 -9999 -9999 -9999 -9999 -9999 -9999 -9999 -9999 -9999 -9999 -9999 -9999 -9999 -9999 -9999 -9999 -9999 -9999 -9999 -9999 -9999 -9999 -9999 -9999 -9999 -9999 -9999 -9999 -9999 -9999 -9999 -9999 2280.351 2220.36 2163.331 2109.502 2059.126 2000 1941.649 1886.796 1835.756 1788.854 1746.425 1700 1640.122 1581.139 1526.434 1476.482 1421.267 1360.147 1303.84 1252.996 1208.305 1166.19 1118.034 1063.015 1000 943.3981 894.4272 854.4004 806.2258 761.5773 707.1068 640.3124 583.0952
-9999 -9999 -9999 -9999 -9999 -9999 -9999 -9999 -9999 -9999 -9999 -9999 -9999 -9999 -9999 -9999 -9999 -9999 -9999 -9999 -9999 -9999 -9999 -9999 -9999 -9999 -9999 -9999 -9999 -9999 -9999 -9999 -9999 -9999 2195.45 2140.094 2080.865 2024.846 1972.308 1920.937 1860.108 1802.776 1749.286 1700 1655.295 1612.452 1562.05 1500 1442.22 1389.244 1341.641 1280.625 1220.656 1166.19 1118.034 1077.033 1029.563 984.8858 921.9545 860.2325 806.2258 761.5773 721.1102 670.8204 632.4555 565.6854 500
-9999 -9999 -9999 -9999 -9999 -9999 -9999 -9999 -9999 -9999 -9999 -9999 -9999 -9999 -9999 -9999 -9999 -9999 -9999 -9999 -9999 -9999 -9999 -9999 -9999 -9999 -9999 -9999 -9999 -9999 -9999 -9999 -9999 -9999 2109.502 2059.126 2000 1941.649 1886.796 1835.756 1780.449 1720.465 1664.332 1612.452 1565.248 1523.155 1476.482 1421.267 1360.147 1303.84 1252.996 1204.159 1140.175 1081.665 1029.563 984.8858 943.3981 894.4272 848.5281 781.025 721.1102 670.8204 632.4555 583.0952 538.5165 500 424.2641
