InputData/dist_5.txt
ncols         254
nrows         186
xllcorner     505538.86957319
yllcorner     8210083.0518381
cellsize      100
NODATA_value  -9999
[rows 120 to 149 of 186, columns 134 to 200 of 254]
34949.82 34858.86 34767.95 34677.08 34586.27 34495.51 34404.8 34314.14 34223.53 34132.98 34042.47 33952.02 33861.63 33771.29 33681 33590.77 33500.6 33410.48 33320.41 33230.41 33140.46 33050.57 32960.73 32870.96 32781.25 32691.59 32601.99 32512.46 32422.99 32333.57 32244.22 32154.78 32065.25 31975.77 31886.36 31797.01 31707.57 31618.03 31528.56 31439.15 31349.8 31260.52 31171.3 31082.15 30993.06 30904.04 30815.09 30726.21 30637.39 30548.65 30459.97 30371.37 30282.83 30194.37 30105.98 30017.66 29929.42 29841.25 29753.15 29665.13 29577.19 29489.32 29401.53 29313.82 29226.19 29138.63 29051.16
34908.45 34817.38 34726.36 34635.39 34544.46 34453.59 34362.77 34272 34181.28 34090.61 34000 33909.44 33818.93 33728.48 33638.07 33547.73 33457.44 33367.2 33277.02 33186.89 33096.83 33006.82 32916.86 32826.97 32737.13 32647.36 32557.64 32467.98 32378.39 32288.85 32199.38 32109.97 32020.62 31931.18 31841.64 31752.17 31662.75 31573.41 31483.96 31394.43 31304.95 31215.54 31126.2 31036.91 30947.7 30858.55 30769.46 30680.45 30591.5 30502.62 30413.81 30325.07 30236.4 30147.8 30059.28 29970.82 29882.44 29794.13 29705.89 29617.73 29529.65 29441.64 29353.71 29265.85 29178.07 29090.38 29002.76
34867.32 34776.14 34685.01 34593.93 34502.9 34411.92 34320.98 34230.11 34139.27 34048.5 33957.77 33867.09 33776.47 33685.9 33595.39 33504.93 33414.52 33324.16 33233.87 33143.63 33053.44 32963.31 32873.24 32783.23 32693.27 32603.38 32513.54 32423.76 32334.04 32244.38 32154.78 32065.25 31975.77 31886.36 31797.01 31707.57 31618.03 31528.56 31439.15 31349.8 31260.36 31170.82 31081.35 30991.93 30902.59 30813.31 30724.1 30634.95 30545.87 30456.86 30367.91 30279.04 30190.23 30101.49 30012.83 29924.24 29835.72 29747.27 29658.89 29570.59 29482.37 29394.22 29306.14 29218.14 29130.22 29042.38 28954.62
34826.43 34735.14 34643.9 34552.71 34461.57 34370.48 34279.44 34188.45 34097.51 34006.62 33915.78 33824.99 33734.25 33643.57 33552.94 33462.37 33371.84 33281.38 33190.96 33100.61 33010.3 32920.05 32829.86 32739.73 32649.66 32559.64 32469.68 32379.78 32289.94 32200.16 32110.43 32020.78 31931.18 31841.64 31752.17 31662.75 31573.41 31483.96 31394.43 31304.95 31215.54 31126.2 31036.75 30947.21 30857.74 30768.33 30678.98 30589.71 30500.49 30411.35 30322.27 30233.26 30144.32 30055.45 29966.65 29877.92 29789.26 29700.67 29612.16 29523.72 29435.35 29347.06 29258.85 29170.71 29082.64 28994.65 28906.75
34785.77 34694.38 34603.04 34511.74 34420.49 34329.29 34238.14 34147.04 34055.98 33964.98 33874.03 33783.13 33692.29 33601.49 33510.75 33420.05 33329.42 33238.83 33148.3 33057.83 32967.41 32877.04 32786.73 32696.48 32606.29 32516.15 32426.07 32336.05 32246.09 32156.18 32066.34 31976.55 31886.83 31797.17 31707.57 31618.03 31528.56 31439.15 31349.8 31260.36 31170.82 31081.35 30991.93 30902.59 30813.15 30723.61 30634.13 30544.72 30455.38 30366.1 30276.89 30187.75 30098.67 30009.67 29920.73 29831.86 29743.07 29654.34 29565.69 29477.11 29388.6 29300.17 29211.81 29123.53 29035.32 28947.19 28859.14
34745.36 34653.86 34562.41 34471 34379.64 34288.34 34197.07 34105.86 34014.7 33923.59 33832.53 33741.52 33650.56 33559.65 33468.79 33377.99 33287.23 33196.54 33105.89 33015.3 32924.76 32834.28 32743.85 32653.48 32563.17 32472.91 32382.71 32292.57 32202.48 32112.46 32022.49 31932.59 31842.74 31752.95 31663.23 31573.56 31483.96 31394.43 31304.95 31215.54 31126.2 31036.75 30947.21 30857.74 30768.33 30678.98 30589.54 30500 30410.53 30321.12 30231.77 30142.49 30053.29 29964.14 29875.07 29786.07 29697.14 29608.28 29519.48 29430.77 29342.12 29253.55 29165.05 29076.62 28988.27 28900 28811.8
34705.19 34613.58 34522.02 34430.51 34339.04 34247.63 34156.26 34064.94 33973.67 33882.45 33791.27 33700.15 33609.07 33518.05 33427.09 33336.17 33245.3 33154.49 33063.73 32973.02 32882.37 32791.77 32701.22 32610.73 32520.3 32429.92 32339.6 32249.34 32159.13 32068.99 31978.9 31888.87 31798.9 31708.99 31619.14 31529.35 31439.63 31349.96 31260.36 31170.82 31081.35 30991.93 30902.59 30813.15 30723.61 30634.13 30544.72 30455.38 30365.94 30276.39 30186.92 30097.51 30008.17 29918.89 29829.68 29740.54 29651.47 29562.48 29473.55 29384.69 29295.9 29207.19 29118.55 29029.98 28941.49 28853.08 28764.74
34665.26 34573.54 34481.88 34390.26 34298.69 34207.16 34115.68 34024.26 33932.88 33841.54 33750.26 33659.03 33567.84 33476.71 33385.63 33294.59 33203.61 33112.69 33021.81 32930.99 32840.22 32749.5 32658.84 32568.24 32477.69 32387.19 32296.75 32206.37 32116.04 32025.77 31935.56 31845.41 31755.31 31665.28 31575.31 31485.39 31395.54 31305.75 31216.02 31126.36 31036.75 30947.21 30857.74 30768.33 30678.98 30589.54 30500 30410.53 30321.12 30231.77 30142.33 30052.79 29963.31 29873.9 29784.56 29695.29 29606.08 29516.94 29427.88 29338.88 29249.96 29161.1 29072.32 28983.62 28894.98 28806.42 28717.94
34625.57 34533.75 34441.98 34350.25 34258.57 34166.94 34075.36 33983.82 33892.33 33800.89 33709.5 33618.15 33526.86 33435.61 33344.41 33253.27 33162.18 33071.14 32980.14 32889.21 32798.32 32707.49 32616.71 32525.99 32435.32 32344.71 32254.15 32163.64 32073.2 31982.81 31892.48 31802.2 31711.98 31621.83 31531.73 31441.69 31351.71 31261.8 31171.94 31082.15 30992.42 30902.75 30813.15 30723.61 30634.13 30544.72 30455.38 30365.94 30276.39 30186.92 30097.51 30008.17 29918.72 29829.18 29739.7 29650.29 29560.95 29471.68 29382.48 29293.34 29204.28 29115.29 29026.37 28937.52 28848.74 28760.04 28671.41
34586.13 34494.2 34402.32 34310.49 34218.71 34126.97 34035.28 33943.63 33852.03 33760.48 33668.98 33577.52 33486.12 33394.76 33303.45 33212.2 33120.99 33029.84 32938.73 32847.68 32756.68 32665.73 32574.84 32484 32393.21 32302.48 32211.8 32121.18 32030.61 31940.1 31849.65 31759.25 31668.91 31578.63 31488.41 31398.25 31308.15 31218.1 31128.12 31038.2 30948.34 30858.55 30768.81 30679.15 30589.54 30500 30410.53 30321.12 30231.77 30142.33 30052.79 29963.31 29873.9 29784.56 29695.12 29605.57 29516.1 29426.69 29337.35 29248.08 29158.88 29069.74 28980.68 28891.69 28802.78 28713.93 28625.16
34546.93 34454.9 34362.92 34270.98 34179.09 34087.24 33995.44 33903.69 33811.98 33720.32 33628.71 33537.14 33445.63 33354.16 33262.74 33171.38 33080.05 32988.79 32897.57 32806.4 32715.29 32624.22 32533.21 32442.26 32351.35 32260.5 32169.71 32078.96 31988.28 31897.65 31807.07 31716.56 31626.1 31535.69 31445.35 31355.06 31264.84 31174.67 31084.56 30994.52 30904.53 30814.61 30724.75 30634.95 30545.21 30455.54 30365.94 30276.39 30186.92 30097.51 30008.17 29918.72 29829.18 29739.7 29650.29 29560.95 29471.51 29381.97 29292.49 29203.08 29113.74 29024.47 28935.27 28846.14 28757.09 28668.1 28579.19
34507.97 34415.84 34323.75 34231.71 34139.71 34047.76 33955.86 33863.99 33772.18 33680.41 33588.69 33497.02 33405.39 33313.81 33222.28 33130.8 33039.37 32947.99 32856.66 32765.38 32674.15 32582.97 32491.85 32400.77 32309.75 32218.78 32127.87 32037.01 31946.21 31855.46 31764.76 31674.12 31583.54 31493.02 31402.55 31312.14 31221.79 31131.5 31041.26 30951.09 30860.98 30770.93 30680.94 30591.01 30501.15 30411.35 30321.61 30231.94 30142.33 30052.79 29963.31 29873.9 29784.56 29695.12 29605.57 29516.1 29426.69 29337.35 29247.91 29158.36 29068.88 28979.47 28890.14 28800.87 28711.67 28622.54 28533.49
34469.26 34377.03 34284.84 34192.69 34100.59 34008.53 33916.52 33824.55 33732.63 33640.75 33548.92 33457.14 33365.4 33273.71 33182.07 33090.48 32998.94 32907.45 32816 32724.61 32633.27 32541.97 32450.73 32359.54 32268.41 32177.32 32086.29 31995.31 31904.39 31813.52 31722.71 31631.95 31541.24 31450.6 31360.01 31269.47 31179 31088.58 30998.23 30907.93 30817.69 30727.51 30637.39 30547.34 30457.35 30367.42 30277.55 30187.75 30098.01 30008.33 29918.72 29829.18 29739.7 29650.29 29560.95 29471.51 29381.97 29292.49 29203.08 29113.74 29024.3 28934.75 28845.28 28755.87 28666.53 28577.26 28488.07
34430.8 34338.46 34246.17 34153.92 34061.71 33969.55 33877.43 33785.35 33693.32 33601.34 33509.4 33417.51 33325.66 33233.87 33142.12 33050.42 32958.76 32867.16 32775.6 32684.09 32592.64 32501.23 32409.88 32318.57 32227.32 32136.12 32044.97 31953.87 31862.83 31771.84 31680.91 31590.03 31499.21 31408.44 31317.73 31227.07 31136.47 31045.93 30955.45 30865.03 30774.66 30684.36 30594.12 30503.93 30413.81 30323.75 30233.76 30143.82 30053.95 29964.14 29874.4 29784.73 29695.12 29605.57 29516.1 29426.69 29337.35 29247.91 29158.36 29068.88 28979.47 28890.14 28800.7 28711.15 28621.67 28532.26 28442.93
34392.59 34300.14 34207.75 34115.39 34023.08 33930.81 33838.59 33746.41 33654.27 33562.18 33470.14 33378.14 33286.18 33194.28 33102.42 33010.61 32918.84 32827.12 32735.46 32643.84 32552.27 32460.75 32369.28 32277.86 32186.49 32095.17 32003.91 31912.69 31821.53 31730.43 31639.38 31548.38 31457.43 31366.54 31275.71 31184.93 31094.21 31003.55 30912.94 30822.39 30731.9 30641.47 30551.11 30460.79 30370.54 30280.36 30190.23 30100.17 30010.16 29920.23 29830.35 29740.54 29650.8 29561.12 29471.51 29381.97 29292.49 29203.08 29113.74 29024.3 28934.75 28845.28 28755.87 28666.53 28577.09 28487.54 28398.06
34354.62 34262.08 34169.58 34077.12 33984.7 33892.33 33800 33707.71 33615.47 33523.28 33431.13 33339.02 33246.95 33154.94 33062.97 32971.05 32879.17 32787.34 32695.57 32603.83 32512.15 32420.52 32328.93 32237.4 32145.92 32054.48 31963.1 31871.77 31780.5 31689.27 31598.1 31506.98 31415.92 31324.91 31233.96 31143.06 31052.21 30961.43 30870.7 30780.03 30689.41 30598.86 30508.36 30417.92 30327.54 30237.23 30146.97 30056.78 29966.65 29876.58 29786.57 29696.63 29606.76 29516.94 29427.2 29337.52 29247.91 29158.36 29068.88 28979.47 28890.14 28800.7 28711.15 28621.67 28532.26 28442.93 28353.48
34316.91 34224.26 34131.66 34039.09 33946.57 33854.1 33761.66 33669.27 33576.93 33484.63 33392.36 33300.15 33207.98 33115.86 33023.78 32931.75 32839.76 32747.82 32655.93 32564.09 32472.29 32380.55 32288.85 32197.21 32105.61 32014.06 31922.56 31831.12 31739.72 31648.38 31557.09 31465.86 31374.67 31283.54 31192.47 31101.45 31010.48 30919.57 30828.72 30737.92 30647.19 30556.51 30465.88 30375.32 30284.81 30194.37 30103.99 30013.66 29923.4 29833.2 29743.07 29652.99 29562.98 29473.04 29383.16 29293.34 29203.6 29113.91 29024.3 28934.75 28845.28 28755.87 28666.53 28577.09 28487.54 28398.06 28308.66
34279.44 34186.69 34093.99 34001.32 33908.7 33816.12 33723.58 33631.09 33538.63 33446.23 33353.86 33261.54 33169.26 33077.03 32984.84 32892.7 32800.61 32708.56 32616.56 32524.61 32432.7 32340.84 32249.03 32157.27 32065.56 31973.9 31882.28 31790.72 31699.21 31607.75 31516.35 31424.99 31333.69 31242.44 31151.24 31060.1 30969.02 30877.99 30787.01 30696.09 30605.23 30514.42 30423.68 30332.98 30242.35 30151.78 30061.27 29970.82 29880.43 29790.1 29699.83 29609.63 29519.48 29429.41 29339.39 29249.45 29159.56 29069.74 28979.99 28890.31 28800.7 28711.15 28621.67 28532.26 28442.93 28353.48 28263.94
34242.23 34149.38 34056.57 33963.8 33871.08 33778.39 33685.75 33593.15 33500.6 33408.08 33315.61 33223.18 33130.8 33038.46 32946.17 32853.92 32761.71 32669.56 32577.45 32485.38 32393.36 32301.39 32209.47 32117.6 32025.77 31933.99 31842.27 31750.59 31658.96 31567.39 31475.86 31384.39 31292.97 31201.6 31110.29 31019.03 30927.82 30836.67 30745.57 30654.53 30563.54 30472.61 30381.74 30290.92 30200.17 30109.47 30018.83 29928.25 29837.73 29747.27 29656.87 29566.54 29476.26 29386.05 29295.9 29205.82 29115.8 29025.85 28935.96 28846.14 28756.39 28666.71 28577.09 28487.54 28398.06 28308.66 28219.32
34205.26 34112.32 34019.41 33926.54 33833.71 33740.93 33648.18 33555.48 33462.82 33370.2 33277.62 33185.09 33092.6 33000.15 32907.75 32815.39 32723.08 32630.81 32538.59 32446.42 32354.29 32262.21 32170.17 32078.19 31986.25 31894.36 31802.52 31710.72 31618.98 31527.29 31435.65 31344.06 31252.52 31161.03 31069.6 30978.22 30886.89 30795.62 30704.4 30613.23 30522.12 30431.07 30340.07 30249.13 30158.25 30067.42 29976.66 29885.95 29795.3 29704.71 29614.19 29523.72 29433.31 29342.97 29252.69 29162.48 29072.32 28982.24 28892.21 28802.26 28712.37 28622.54 28532.79 28443.1 28353.48 28263.94 28174.46
34168.55 34075.5 33982.5 33889.53 33796.6 33703.71 33610.86 33518.05 33425.29 33332.57 33239.89 33147.25 33054.65 32962.1 32869.59 32777.13 32684.71 32592.33 32500 32407.71 32315.48 32223.28 32131.14 32039.04 31946.99 31854.98 31763.03 31671.12 31579.27 31487.46 31395.7 31303.99 31212.34 31120.73 31029.18 30937.68 30846.23 30754.84 30663.5 30572.21 30480.98 30389.8 30298.68 30207.62 30116.61 30025.66 29934.76 29843.93 29753.15 29662.43 29571.78 29481.18 29390.64 29300.17 29209.76 29119.41 29029.12 28938.9 28848.74 28758.65 28668.62 28578.66 28488.77 28398.94 28309.19 28219.5 28129.88
34132.1 34038.95 33945.84 33852.77 33759.74 33666.75 33573.8 33480.89 33388.02 33295.2 33202.41 33109.67 33016.96 32924.31 32831.69 32739.12 32646.59 32554.11 32461.67 32369.28 32276.93 32184.62 32092.37 32000.16 31907.99 31815.88 31723.81 31631.79 31539.82 31447.89 31356.02 31264.2 31172.42 31080.7 30989.03 30897.41 30805.84 30714.33 30622.87 30531.46 30440.11 30348.8 30257.56 30166.37 30075.24 29984.16 29893.14 29802.18 29711.28 29620.43 29529.65 29438.92 29348.25 29257.65 29167.11 29076.62 28986.2 28895.85 28805.55 28715.33 28625.16 28535.07 28445.04 28355.07 28265.17 28175.34 28085.58
34095.89 34002.65 33909.44 33816.27 33723.14 33630.05 33537 33443.98 33351.01 33258.08 33165.19 33072.34 32979.54 32886.78 32794.05 32701.38 32608.74 32516.15 32423.6 32331.1 32238.64 32146.23 32053.86 31961.54 31869.26 31777.04 31684.85 31592.72 31500.63 31408.6 31316.61 31224.67 31132.78 31040.94 30949.15 30857.41 30765.73 30674.09 30582.51 30490.98 30399.51 30308.08 30216.72 30125.4 30034.15 29942.95 29851.8 29760.71 29669.68 29578.71 29487.79 29396.94 29306.14 29215.41 29124.73 29034.12 28943.57 28853.08 28762.65 28672.29 28581.99 28491.75 28401.58 28311.48 28221.45 28131.48 28041.58
34059.95 33966.6 33873.29 33780.02 33686.79 33593.6 33500.45 33407.34 33314.26 33221.23 33128.23 33035.29 32942.38 32849.5 32756.68 32663.89 32571.15 32478.46 32385.8 32293.19 32200.62 32108.1 32015.62 31923.19 31830.8 31738.46 31646.17 31553.92 31461.72 31369.57 31277.47 31185.41 31093.41 31001.45 30909.54 30817.69 30725.88 30634.13 30542.43 30450.78 30359.18 30267.64 30176.15 30084.71 29993.33 29902.01 29810.74 29719.52 29628.37 29537.26 29446.22 29355.24 29264.31 29173.45 29082.64 28991.89 28901.21 28810.59 28720.03 28629.53 28539.1 28448.73 28358.42 28268.18 28178.01 28087.9 27997.86
34024.26 33930.81 33837.41 33744.04 33650.71 33557.41 33464.16 33370.95 33277.77 33184.64 33091.54 32998.48 32905.47 32812.5 32719.57 32626.68 32533.83 32441.02 32348.26 32255.54 32162.87 32070.24 31977.65 31885.11 31792.61 31700.16 31607.75 31515.39 31423.08 31330.82 31238.6 31146.43 31054.31 30962.23 30870.21 30778.24 30686.32 30594.44 30502.62 30410.85 30319.14 30227.47 30135.86 30044.3 29952.8 29861.35 29769.95 29678.61 29587.33 29496.1 29404.93 29313.82 29222.77 29131.77 29040.83 28949.96 28859.14 28768.38 28677.69 28587.06 28496.49 28405.98 28315.54 28225.17 28134.85 28044.61 27954.43
33988.82 33895.28 33801.77 33708.31 33614.88 33521.48 33428.13 33334.82 33241.54 33148.3 33055.11 32961.95 32868.83 32775.75 32682.72 32589.72 32496.77 32403.86 32310.99 32218.16 32125.38 32032.64 31939.94 31847.29 31754.69 31662.12 31569.61 31477.13 31384.71 31292.33 31200 31107.72 31015.48 30923.29 30831.15 30739.06 30647.02 30555.03 30463.09 30371.2 30279.37 30187.58 30095.85 30004.17 29912.54 29820.96 29729.45 29637.98 29546.57 29455.22 29363.92 29272.68 29181.5 29090.38 28999.31 28908.3 28817.36 28726.47 28635.64 28544.88 28454.17 28363.53 28272.96 28182.44 28091.99 28001.61 27911.29
33953.64 33860.01 33766.4 33672.84 33579.31 33485.82 33392.36 33298.95 33205.57 33112.23 33018.93 32925.68 32832.45 32739.27 32646.13 32553.03 32459.97 32366.96 32273.98 32181.05 32088.16 31995.31 31902.51 31809.75 31717.03 31624.36 31531.73 31439.15 31346.61 31254.12 31161.68 31069.28 30976.93 30884.62 30792.37 30700.16 30608.01 30515.9 30423.84 30331.83 30239.88 30147.97 30056.11 29964.31 29872.56 29780.87 29689.22 29597.63 29506.1 29414.62 29323.2 29231.83 29140.52 29049.27 28958.07 28866.94 28775.86 28684.84 28593.88 28502.98 28412.14 28321.37 28230.66 28140.01 28049.42 27958.9 27868.44
-9999 33824.99 33731.29 33637.63 33544 33450.41 33356.86 33263.34 33169.87 33076.43 32983.03 32889.66 32796.34 32703.06 32609.81 32516.61 32423.45 32330.33 32237.25 32144.21 32051.21 31958.25 31865.34 31772.47 31679.65 31586.87 31494.13 31401.43 31308.79 31216.18 31123.63 31031.11 30938.65 30846.23 30753.86 30661.54 30569.27 30477.04 30384.87 30292.74 30200.66 30108.64 30016.66 29924.74 29832.87 29741.05 29649.28 29557.57 29465.91 29374.31 29282.76 29191.27 29099.83 29008.45 28917.12 28825.86 28734.65 28643.5 28552.41 28461.38 28370.41 28279.5 28188.65 28097.87 28007.14 27916.48 27825.89
-9999 -9999 -9999 -9999 33508.95 33415.27 33321.61 33228 33134.42 33040.88 32947.38 32853.92 32760.49 32667.11 32573.76 32480.46 32387.19 32293.96 32200.78 32107.63 32014.53 31921.47 31828.45 31735.47 31642.54 31549.64 31456.79 31363.99 31271.23 31178.52 31085.85 30993.22 30900.65 30808.12 30715.63 30623.19 30530.8 30438.46 30346.17 30253.93 30161.73 30069.59 29977.49 29885.45 29793.46 29701.52 29609.63 29517.79 29426.01 29334.28 29242.61 29150.99 29059.42 28967.91 28876.46 28785.07 28693.73 28602.45 28511.23 28420.06 28328.96 28237.92 28146.94 28056.02 27965.16 27874.36 27783.63
-9999 -9999 -9999 -9999 -9999 -9999 -9999 33192.92 33099.25 33005.61 32912 32818.44 32724.91 32631.43 32537.98 32444.57 32351.2 32257.87 32164.58 32071.33 31978.12 31884.95 31791.82 31698.74 31605.7 31512.7 31419.74 31326.83 31233.96 31141.13 31048.35 30955.61 30862.92 30770.28 30677.68 30585.13 30492.62 30400.16 30307.75 30215.39 30123.08 30030.82 29938.6 29846.44 29754.33 29662.27 29570.26 29478.3 29386.39 29294.54 29202.74 29110.99 29019.3 28927.67 28836.09 28744.56 28653.1 28561.69 28470.34 28379.04 28287.81 28196.63 28105.52 28014.46 27923.47 27832.54 27741.67
